FILEID,FILETYPE,STATE,CHARITER,SEQUENCE,LOGRECNO,SUMMARY_LEVEL,STATE_FIPS,COUNTY,GEO_ID,GEO_NAME,Total:,Family households:,Married-couple family,Other family:,"Male householder, no wife present","Female householder, no husband present",Nonfamily households:,Householder living alone,Householder not living alone
ACSSF,2013e5,wv,000,0036,0000001,040,54,   ,04000US54,West Virginia,741390,483367,367914,115453,32211,83242,258023,221797,36226
ACSSF,2013e5,wv,000,0036,0000002,040,54,   ,04001US54,West Virginia -- Urban,372061,224591,161236,63355,16087,47268,147470,126142,21328
ACSSF,2013e5,wv,000,0036,0000003,040,54,   ,04043US54,West Virginia -- Rural,369329,258776,206678,52098,16124,35974,110553,95655,14898
ACSSF,2013e5,wv,000,0036,0000004,040,54,   ,040A0US54,West Virginia -- In metropolitan or micropolitan statistical area,577511,373264,281874,91390,24800,66590,204247,174672,29575
ACSSF,2013e5,wv,000,0036,0000005,040,54,   ,040C0US54,West Virginia -- In metropolitan statistical area,455551,291345,220086,71259,19478,51781,164206,139844,24362
ACSSF,2013e5,wv,000,0036,0000006,040,54,   ,040C1US54,West Virginia -- In metropolitan statistical area -- in principal city,108697,57544,39438,18106,4347,13759,51153,43508,7645
ACSSF,2013e5,wv,000,0036,0000007,040,54,   ,040C2US54,West Virginia -- In metropolitan statistical area -- not in principal city,346854,233801,180648,53153,15131,38022,113053,96336,16717
ACSSF,2013e5,wv,000,0036,0000008,040,54,   ,040E0US54,West Virginia -- In micropolitan statistical area,121960,81919,61788,20131,5322,14809,40041,34828,5213
ACSSF,2013e5,wv,000,0036,0000009,040,54,   ,040E1US54,West Virginia -- In micropolitan statistical area -- in principal city,24850,14459,9924,4535,1134,3401,10391,9019,1372
ACSSF,2013e5,wv,000,0036,0000010,040,54,   ,040E2US54,West Virginia -- In micropolitan statistical area -- not in principal city,97110,67460,51864,15596,4188,11408,29650,25809,3841
ACSSF,2013e5,wv,000,0036,0000011,040,54,   ,040G0US54,West Virginia -- Not in metropolitan or micropolitan statistical area,163879,110103,86040,24063,7411,16652,53776,47125,6651
ACSSF,2013e5,wv,000,0036,0000012,040,54,   ,040H0US54,West Virginia -- Not in metropolitan statistical area,285839,192022,147828,44194,12733,31461,93817,81953,11864
ACSSF,2013e5,wv,000,0036,0000013,050,54,001,05000US54001,"Barbour County, West Virginia",6099,4299,3456,843,236,607,1800,1625,175
ACSSF,2013e5,wv,000,0036,0000014,050,54,003,05000US54003,"Berkeley County, West Virginia",40447,28434,21052,7382,2311,5071,12013,10090,1923
ACSSF,2013e5,wv,000,0036,0000015,050,54,005,05000US54005,"Boone County, West Virginia",9559,6864,5361,1503,400,1103,2695,2397,298
ACSSF,2013e5,wv,000,0036,0000016,050,54,007,05000US54007,"Braxton County, West Virginia",5780,3845,3118,727,284,443,1935,1700,235
ACSSF,2013e5,wv,000,0036,0000017,050,54,009,05000US54009,"Brooke County, West Virginia",9968,6521,4810,1711,518,1193,3447,3055,392
ACSSF,2013e5,wv,000,0036,0000018,050,54,011,05000US54011,"Cabell County, West Virginia",40144,24174,17088,7086,1692,5394,15970,13206,2764
ACSSF,2013e5,wv,000,0036,0000019,050,54,013,05000US54013,"Calhoun County, West Virginia",3141,2101,1608,493,178,315,1040,921,119
ACSSF,2013e5,wv,000,0036,0000020,050,54,015,05000US54015,"Clay County, West Virginia",3435,2434,2084,350,84,266,1001,875,126
ACSSF,2013e5,wv,000,0036,0000021,050,54,017,05000US54017,"Doddridge County, West Virginia",2778,1930,1465,465,148,317,848,740,108
ACSSF,2013e5,wv,000,0036,0000022,050,54,019,05000US54019,"Fayette County, West Virginia",17250,11508,8198,3310,866,2444,5742,4941,801
ACSSF,2013e5,wv,000,0036,0000023,050,54,021,05000US54021,"Gilmer County, West Virginia",2590,1615,1304,311,106,205,975,766,209
ACSSF,2013e5,wv,000,0036,0000024,050,54,023,05000US54023,"Grant County, West Virginia",4449,3022,2500,522,174,348,1427,1189,238
ACSSF,2013e5,wv,000,0036,0000025,050,54,025,05000US54025,"Greenbrier County, West Virginia",15409,10005,7387,2618,757,1861,5404,4649,755
ACSSF,2013e5,wv,000,0036,0000026,050,54,027,05000US54027,"Hampshire County, West Virginia",10570,4657,3548,1109,268,841,5913,5636,277
ACSSF,2013e5,wv,000,0036,0000027,050,54,029,05000US54029,"Hancock County, West Virginia",12890,8542,6272,2270,677,1593,4348,3861,487
ACSSF,2013e5,wv,000,0036,0000028,050,54,031,05000US54031,"Hardy County, West Virginia",5020,3094,2384,710,290,420,1926,1767,159
ACSSF,2013e5,wv,000,0036,0000029,050,54,033,05000US54033,"Harrison County, West Virginia",27599,18520,13963,4557,1042,3515,9079,8030,1049
ACSSF,2013e5,wv,000,0036,0000030,050,54,035,05000US54035,"Jackson County, West Virginia",11459,7810,6132,1678,406,1272,3649,3128,521
ACSSF,2013e5,wv,000,0036,0000031,050,54,037,05000US54037,"Jefferson County, West Virginia",19889,14034,11162,2872,843,2029,5855,4507,1348
ACSSF,2013e5,wv,000,0036,0000032,050,54,039,05000US54039,"Kanawha County, West Virginia",82756,50847,36937,13910,3664,10246,31909,27479,4430
ACSSF,2013e5,wv,000,0036,0000033,050,54,041,05000US54041,"Lewis County, West Virginia",6451,4342,3340,1002,323,679,2109,1807,302
ACSSF,2013e5,wv,000,0036,0000034,050,54,043,05000US54043,"Lincoln County, West Virginia",8416,6112,4554,1558,465,1093,2304,2125,179
ACSSF,2013e5,wv,000,0036,0000035,050,54,045,05000US54045,"Logan County, West Virginia",14699,10392,7571,2821,856,1965,4307,3589,718
ACSSF,2013e5,wv,000,0036,0000036,050,54,047,05000US54047,"McDowell County, West Virginia",8229,5394,3883,1511,429,1082,2835,2454,381
ACSSF,2013e5,wv,000,0036,0000037,050,54,049,05000US54049,"Marion County, West Virginia",22593,14742,10994,3748,1007,2741,7851,6532,1319
ACSSF,2013e5,wv,000,0036,0000038,050,54,051,05000US54051,"Marshall County, West Virginia",14042,9395,7380,2015,619,1396,4647,4058,589
ACSSF,2013e5,wv,000,0036,0000039,050,54,053,05000US54053,"Mason County, West Virginia",10609,7295,5522,1773,391,1382,3314,2863,451
ACSSF,2013e5,wv,000,0036,0000040,050,54,055,05000US54055,"Mercer County, West Virginia",25641,16640,12798,3842,971,2871,9001,7919,1082
ACSSF,2013e5,wv,000,0036,0000041,050,54,057,05000US54057,"Mineral County, West Virginia",11180,6251,4801,1450,252,1198,4929,4675,254
ACSSF,2013e5,wv,000,0036,0000042,050,54,059,05000US54059,"Mingo County, West Virginia",10827,7592,5627,1965,565,1400,3235,2890,345
ACSSF,2013e5,wv,000,0036,0000043,050,54,061,05000US54061,"Monongalia County, West Virginia",36449,19147,14988,4159,1230,2929,17302,13041,4261
ACSSF,2013e5,wv,000,0036,0000044,050,54,063,05000US54063,"Monroe County, West Virginia",5648,4030,3142,888,202,686,1618,1359,259
ACSSF,2013e5,wv,000,0036,0000045,050,54,065,05000US54065,"Morgan County, West Virginia",7343,3872,3114,758,255,503,3471,3164,307
ACSSF,2013e5,wv,000,0036,0000046,050,54,067,05000US54067,"Nicholas County, West Virginia",10657,7821,6270,1551,584,967,2836,2506,330
ACSSF,2013e5,wv,000,0036,0000047,050,54,069,05000US54069,"Ohio County, West Virginia",18553,10837,8228,2609,526,2083,7716,6880,836
ACSSF,2013e5,wv,000,0036,0000048,050,54,071,05000US54071,"Pendleton County, West Virginia",3274,2091,1737,354,101,253,1183,1014,169
ACSSF,2013e5,wv,000,0036,0000049,050,54,073,05000US54073,"Pleasants County, West Virginia",2747,1957,1663,294,92,202,790,680,110
ACSSF,2013e5,wv,000,0036,0000050,050,54,075,05000US54075,"Pocahontas County, West Virginia",3694,2418,2047,371,138,233,1276,1100,176
ACSSF,2013e5,wv,000,0036,0000051,050,54,077,05000US54077,"Preston County, West Virginia",12697,8831,7268,1563,599,964,3866,3235,631
ACSSF,2013e5,wv,000,0036,0000052,050,54,079,05000US54079,"Putnam County, West Virginia",21391,16000,12839,3161,904,2257,5391,4471,920
ACSSF,2013e5,wv,000,0036,0000053,050,54,081,05000US54081,"Raleigh County, West Virginia",31364,20899,15803,5096,1367,3729,10465,9038,1427
ACSSF,2013e5,wv,000,0036,0000054,050,54,083,05000US54083,"Randolph County, West Virginia",11163,7527,5804,1723,569,1154,3636,3400,236
ACSSF,2013e5,wv,000,0036,0000055,050,54,085,05000US54085,"Ritchie County, West Virginia",4032,2600,2040,560,173,387,1432,1320,112
ACSSF,2013e5,wv,000,0036,0000056,050,54,087,05000US54087,"Roane County, West Virginia",5975,3978,3052,926,202,724,1997,1740,257
ACSSF,2013e5,wv,000,0036,0000057,050,54,089,05000US54089,"Summers County, West Virginia",5350,3700,2859,841,387,454,1650,1551,99
ACSSF,2013e5,wv,000,0036,0000058,050,54,091,05000US54091,"Taylor County, West Virginia",6878,4873,3671,1202,338,864,2005,1755,250
ACSSF,2013e5,wv,000,0036,0000059,050,54,093,05000US54093,"Tucker County, West Virginia",3050,2087,1694,393,154,239,963,848,115
ACSSF,2013e5,wv,000,0036,0000060,050,54,095,05000US54095,"Tyler County, West Virginia",3712,2587,2020,567,183,384,1125,1019,106
ACSSF,2013e5,wv,000,0036,0000061,050,54,097,05000US54097,"Upshur County, West Virginia",9011,6130,4929,1201,318,883,2881,2469,412
ACSSF,2013e5,wv,000,0036,0000062,050,54,099,05000US54099,"Wayne County, West Virginia",16555,10975,8301,2674,690,1984,5580,4994,586
ACSSF,2013e5,wv,000,0036,0000063,050,54,101,05000US54101,"Webster County, West Virginia",3928,2759,2098,661,252,409,1169,973,196
ACSSF,2013e5,wv,000,0036,0000064,050,54,103,05000US54103,"Wetzel County, West Virginia",6903,4527,3560,967,202,765,2376,2102,274
ACSSF,2013e5,wv,000,0036,0000065,050,54,105,05000US54105,"Wirt County, West Virginia",2427,1591,1269,322,35,287,836,607,229
ACSSF,2013e5,wv,000,0036,0000066,050,54,107,05000US54107,"Wood County, West Virginia",35569,23292,18143,5149,1468,3681,12277,10673,1604
ACSSF,2013e5,wv,000,0036,0000067,050,54,109,05000US54109,"Wyoming County, West Virginia",9101,6427,5076,1351,420,931,2674,2384,290
ACSSF,2013e5,wv,000,0036,0000068,060,54,001,06000US5400192328,"North district, Barbour County, West Virginia",2485,1638,1360,278,28,250,847,797,50
ACSSF,2013e5,wv,000,0036,0000069,060,54,001,06000US5400192892,"South district, Barbour County, West Virginia",2161,1631,1226,405,140,265,530,470,60
ACSSF,2013e5,wv,000,0036,0000070,060,54,001,06000US5400193588,"West district, Barbour County, West Virginia",1453,1030,870,160,68,92,423,358,65
ACSSF,2013e5,wv,000,0036,0000071,060,54,003,06000US5400390006,"Adam Stephens district, Berkeley County, West Virginia",6017,3517,2260,1257,332,925,2500,2227,273
ACSSF,2013e5,wv,000,0036,0000072,060,54,003,06000US5400392322,"Norborne district, Berkeley County, West Virginia",4119,3182,2529,653,198,455,937,705,232
ACSSF,2013e5,wv,000,0036,0000073,060,54,003,06000US5400392526,"Potomac district, Berkeley County, West Virginia",6618,4873,3764,1109,445,664,1745,1410,335
ACSSF,2013e5,wv,000,0036,0000074,060,54,003,06000US5400392754,"Shenandoah district, Berkeley County, West Virginia",7731,5375,4029,1346,472,874,2356,1990,366
ACSSF,2013e5,wv,000,0036,0000075,060,54,003,06000US5400393171,"Tuscarora district, Berkeley County, West Virginia",7973,5732,4022,1710,512,1198,2241,1872,369
ACSSF,2013e5,wv,000,0036,0000076,060,54,003,06000US5400393388,"Valley district, Berkeley County, West Virginia",7989,5755,4448,1307,352,955,2234,1886,348
ACSSF,2013e5,wv,000,0036,0000077,060,54,005,06000US5400590762,"District 1, Boone County, West Virginia",3318,2332,1802,530,162,368,986,887,99
ACSSF,2013e5,wv,000,0036,0000078,060,54,005,06000US5400590796,"District 2, Boone County, West Virginia",2643,1908,1423,485,153,332,735,692,43
ACSSF,2013e5,wv,000,0036,0000079,060,54,005,06000US5400590832,"District 3, Boone County, West Virginia",3598,2624,2136,488,85,403,974,818,156
ACSSF,2013e5,wv,000,0036,0000080,060,54,007,06000US5400790968,"Eastern district, Braxton County, West Virginia",1172,822,659,163,85,78,350,309,41
ACSSF,2013e5,wv,000,0036,0000081,060,54,007,06000US5400792346,"Northern district, Braxton County, West Virginia",1470,910,711,199,45,154,560,482,78
ACSSF,2013e5,wv,000,0036,0000082,060,54,007,06000US5400792922,"Southern district, Braxton County, West Virginia",1541,1095,870,225,92,133,446,368,78
ACSSF,2013e5,wv,000,0036,0000083,060,54,007,06000US5400793597,"Western district, Braxton County, West Virginia",1597,1018,878,140,62,78,579,541,38
ACSSF,2013e5,wv,000,0036,0000084,060,54,009,06000US5400991104,"Follansbee district, Brooke County, West Virginia",3343,2096,1602,494,105,389,1247,1051,196
ACSSF,2013e5,wv,000,0036,0000085,060,54,009,06000US5400993552,"Weirton district, Brooke County, West Virginia",3382,2150,1502,648,241,407,1232,1113,119
ACSSF,2013e5,wv,000,0036,0000086,060,54,009,06000US5400993564,"Wellsburg district, Brooke County, West Virginia",3243,2275,1706,569,172,397,968,891,77
ACSSF,2013e5,wv,000,0036,0000087,060,54,011,06000US5401190764,"District 1, Cabell County, West Virginia",7549,4555,3058,1497,479,1018,2994,2450,544
ACSSF,2013e5,wv,000,0036,0000088,060,54,011,06000US5401190798,"District 2, Cabell County, West Virginia",7400,2978,1811,1167,255,912,4422,3696,726
ACSSF,2013e5,wv,000,0036,0000089,060,54,011,06000US5401190834,"District 3, Cabell County, West Virginia",7367,4207,2532,1675,356,1319,3160,2420,740
ACSSF,2013e5,wv,000,0036,0000090,060,54,011,06000US5401190870,"District 4, Cabell County, West Virginia",9413,6450,5003,1447,333,1114,2963,2688,275
ACSSF,2013e5,wv,000,0036,0000091,060,54,011,06000US5401190882,"District 5, Cabell County, West Virginia",8415,5984,4684,1300,269,1031,2431,1952,479
ACSSF,2013e5,wv,000,0036,0000092,060,54,013,06000US5401390766,"District 1, Calhoun County, West Virginia",506,340,264,76,19,57,166,160,6
ACSSF,2013e5,wv,000,0036,0000093,060,54,013,06000US5401390800,"District 2, Calhoun County, West Virginia",711,427,284,143,92,51,284,226,58
ACSSF,2013e5,wv,000,0036,0000094,060,54,013,06000US5401390836,"District 3, Calhoun County, West Virginia",556,373,253,120,37,83,183,161,22
ACSSF,2013e5,wv,000,0036,0000095,060,54,013,06000US5401390873,"District 4, Calhoun County, West Virginia",749,520,439,81,14,67,229,205,24
ACSSF,2013e5,wv,000,0036,0000096,060,54,013,06000US5401390885,"District 5, Calhoun County, West Virginia",619,441,368,73,16,57,178,169,9
ACSSF,2013e5,wv,000,0036,0000097,060,54,015,06000US5401590891,"District A, Clay County, West Virginia",1286,940,818,122,22,100,346,317,29
ACSSF,2013e5,wv,000,0036,0000098,060,54,015,06000US5401590893,"District B, Clay County, West Virginia",1116,716,581,135,28,107,400,336,64
ACSSF,2013e5,wv,000,0036,0000099,060,54,015,06000US5401590895,"District C, Clay County, West Virginia",1033,778,685,93,34,59,255,222,33
ACSSF,2013e5,wv,000,0036,0000100,060,54,017,06000US5401790138,"Beech district, Doddridge County, West Virginia",693,502,401,101,48,53,191,183,8
ACSSF,2013e5,wv,000,0036,0000101,060,54,017,06000US5401792094,"Maple district, Doddridge County, West Virginia",596,433,292,141,26,115,163,122,41
ACSSF,2013e5,wv,000,0036,0000102,060,54,017,06000US5401792374,"Oak district, Doddridge County, West Virginia",666,463,400,63,25,38,203,196,7
ACSSF,2013e5,wv,000,0036,0000103,060,54,017,06000US5401792466,"Pine district, Doddridge County, West Virginia",823,532,372,160,49,111,291,239,52
ACSSF,2013e5,wv,000,0036,0000104,060,54,019,06000US5401992280,"New Haven district, Fayette County, West Virginia",6015,4008,3066,942,267,675,2007,1633,374
ACSSF,2013e5,wv,000,0036,0000105,060,54,019,06000US5401992472,"Plateau district, Fayette County, West Virginia",6324,4159,2863,1296,248,1048,2165,1862,303
ACSSF,2013e5,wv,000,0036,0000106,060,54,019,06000US5401993396,"Valley district, Fayette County, West Virginia",4911,3341,2269,1072,351,721,1570,1446,124
ACSSF,2013e5,wv,000,0036,0000107,060,54,021,06000US5402190408,"Center district, Gilmer County, West Virginia",571,421,404,17,0,17,150,131,19
ACSSF,2013e5,wv,000,0036,0000108,060,54,021,06000US5402190534,"City district, Gilmer County, West Virginia",661,314,189,125,16,109,347,231,116
ACSSF,2013e5,wv,000,0036,0000109,060,54,021,06000US5402190758,"De Kalb-Troy district, Gilmer County, West Virginia",752,462,370,92,63,29,290,251,39
ACSSF,2013e5,wv,000,0036,0000110,060,54,021,06000US5402191236,"Glenville district, Gilmer County, West Virginia",606,418,341,77,27,50,188,153,35
ACSSF,2013e5,wv,000,0036,0000111,060,54,023,06000US5402391296,"Grant district, Grant County, West Virginia",1586,1131,1002,129,48,81,455,385,70
ACSSF,2013e5,wv,000,0036,0000112,060,54,023,06000US5402392208,"Milroy district, Grant County, West Virginia",1680,1009,760,249,93,156,671,570,101
ACSSF,2013e5,wv,000,0036,0000113,060,54,023,06000US5402393216,"Union district, Grant County, West Virginia",1183,882,738,144,33,111,301,234,67
ACSSF,2013e5,wv,000,0036,0000114,060,54,025,06000US5402590449,"Central district, Greenbrier County, West Virginia",5703,3528,2718,810,181,629,2175,1828,347
ACSSF,2013e5,wv,000,0036,0000115,060,54,025,06000US5402590972,"Eastern district, Greenbrier County, West Virginia",5138,3122,2080,1042,254,788,2016,1746,270
ACSSF,2013e5,wv,000,0036,0000116,060,54,025,06000US5402593601,"Western district, Greenbrier County, West Virginia",4568,3355,2589,766,322,444,1213,1075,138
ACSSF,2013e5,wv,000,0036,0000117,060,54,027,06000US5402790204,"Bloomery district, Hampshire County, West Virginia",1456,694,616,78,58,20,762,725,37
ACSSF,2013e5,wv,000,0036,0000118,060,54,027,06000US5402790360,"Capon district, Hampshire County, West Virginia",1388,482,363,119,11,108,906,854,52
ACSSF,2013e5,wv,000,0036,0000119,060,54,027,06000US5402791248,"Gore district, Hampshire County, West Virginia",2047,898,694,204,73,131,1149,1120,29
ACSSF,2013e5,wv,000,0036,0000120,060,54,027,06000US5402792184,"Mill Creek district, Hampshire County, West Virginia",503,219,194,25,0,25,284,265,19
ACSSF,2013e5,wv,000,0036,0000121,060,54,027,06000US5402792676,"Romney district, Hampshire County, West Virginia",1642,742,516,226,70,156,900,846,54
ACSSF,2013e5,wv,000,0036,0000122,060,54,027,06000US5402792820,"Sherman district, Hampshire County, West Virginia",2149,906,644,262,23,239,1243,1171,72
ACSSF,2013e5,wv,000,0036,0000123,060,54,027,06000US5402792988,"Springfield district, Hampshire County, West Virginia",1385,716,521,195,33,162,669,655,14
ACSSF,2013e5,wv,000,0036,0000124,060,54,029,06000US5402990312,"Butler district, Hancock County, West Virginia",4332,2734,2052,682,201,481,1598,1444,154
ACSSF,2013e5,wv,000,0036,0000125,060,54,029,06000US5402990540,"Clay district, Hancock County, West Virginia",4251,2690,1749,941,262,679,1561,1347,214
ACSSF,2013e5,wv,000,0036,0000126,060,54,029,06000US5402991308,"Grant district, Hancock County, West Virginia",4307,3118,2471,647,214,433,1189,1070,119
ACSSF,2013e5,wv,000,0036,0000127,060,54,031,06000US5403190372,"Capon district, Hardy County, West Virginia",1213,721,601,120,32,88,492,428,64
ACSSF,2013e5,wv,000,0036,0000128,060,54,031,06000US5403191968,"Lost River district, Hardy County, West Virginia",903,530,422,108,79,29,373,335,38
ACSSF,2013e5,wv,000,0036,0000129,060,54,031,06000US5403192232,"Moorefield district, Hardy County, West Virginia",798,465,334,131,17,114,333,320,13
ACSSF,2013e5,wv,000,0036,0000130,060,54,031,06000US5403192382,"Old Fields district, Hardy County, West Virginia",1126,625,459,166,48,118,501,494,7
ACSSF,2013e5,wv,000,0036,0000131,060,54,031,06000US5403192928,"South Fork district, Hardy County, West Virginia",980,753,568,185,114,71,227,190,37
ACSSF,2013e5,wv,000,0036,0000132,060,54,033,06000US5403390975,"Eastern district, Harrison County, West Virginia",5083,3620,2682,938,236,702,1463,1389,74
ACSSF,2013e5,wv,000,0036,0000133,060,54,033,06000US5403392352,"Northern district, Harrison County, West Virginia",4417,3137,2353,784,191,593,1280,1131,149
ACSSF,2013e5,wv,000,0036,0000134,060,54,033,06000US5403392368,"North Urban district, Harrison County, West Virginia",4414,2590,1833,757,224,533,1824,1548,276
ACSSF,2013e5,wv,000,0036,0000135,060,54,033,06000US5403392923,"Southern district, Harrison County, West Virginia",5045,3482,2781,701,142,559,1563,1379,184
ACSSF,2013e5,wv,000,0036,0000136,060,54,033,06000US5403392932,"South Urban district, Harrison County, West Virginia",4507,2720,1957,763,129,634,1787,1543,244
ACSSF,2013e5,wv,000,0036,0000137,060,54,033,06000US5403392952,"Southwest district, Harrison County, West Virginia",4133,2971,2357,614,120,494,1162,1040,122
ACSSF,2013e5,wv,000,0036,0000138,060,54,035,06000US5403590976,"Eastern district, Jackson County, West Virginia",4004,2705,2050,655,118,537,1299,1107,192
ACSSF,2013e5,wv,000,0036,0000139,060,54,035,06000US5403592353,"Northern district, Jackson County, West Virginia",3449,2215,1737,478,118,360,1234,1045,189
ACSSF,2013e5,wv,000,0036,0000140,060,54,035,06000US5403593605,"Western district, Jackson County, West Virginia",4006,2890,2345,545,170,375,1116,976,140
ACSSF,2013e5,wv,000,0036,0000141,060,54,037,06000US5403790504,"Charles Town district, Jefferson County, West Virginia",4281,2835,2069,766,197,569,1446,1193,253
ACSSF,2013e5,wv,000,0036,0000142,060,54,037,06000US5403791548,"Harpers Ferry district, Jefferson County, West Virginia",4299,2841,2390,451,175,276,1458,1143,315
ACSSF,2013e5,wv,000,0036,0000143,060,54,037,06000US5403791740,"Kabletown district, Jefferson County, West Virginia",3810,3028,2692,336,53,283,782,582,200
ACSSF,2013e5,wv,000,0036,0000144,060,54,037,06000US5403792160,"Middleway district, Jefferson County, West Virginia",4116,3037,2124,913,259,654,1079,850,229
ACSSF,2013e5,wv,000,0036,0000145,060,54,037,06000US5403792760,"Shepherdstown district, Jefferson County, West Virginia",3383,2293,1887,406,159,247,1090,739,351
ACSSF,2013e5,wv,000,0036,0000146,060,54,039,06000US5403990768,"District 1, Kanawha County, West Virginia",18646,10429,7317,3112,758,2354,8217,7217,1000
ACSSF,2013e5,wv,000,0036,0000147,060,54,039,06000US5403990804,"District 2, Kanawha County, West Virginia",22741,14032,9898,4134,942,3192,8709,7601,1108
ACSSF,2013e5,wv,000,0036,0000148,060,54,039,06000US5403990840,"District 3, Kanawha County, West Virginia",20708,13320,10090,3230,950,2280,7388,6204,1184
ACSSF,2013e5,wv,000,0036,0000149,060,54,039,06000US5403990876,"District 4, Kanawha County, West Virginia",20661,13066,9632,3434,1014,2420,7595,6457,1138
ACSSF,2013e5,wv,000,0036,0000150,060,54,041,06000US5404190676,"Courthouse-Collins Settlement district, Lewis County, West Virginia",1924,1222,897,325,102,223,702,601,101
ACSSF,2013e5,wv,000,0036,0000151,060,54,041,06000US5404191176,"Freemans Creek district, Lewis County, West Virginia",2125,1482,1200,282,98,184,643,509,134
ACSSF,2013e5,wv,000,0036,0000152,060,54,041,06000US5404191480,"Hackers Creek-Skin Creek district, Lewis County, West Virginia",2402,1638,1243,395,123,272,764,697,67
ACSSF,2013e5,wv,000,0036,0000153,060,54,043,06000US5404390770,"District 1, Lincoln County, West Virginia",2816,2231,1723,508,90,418,585,538,47
ACSSF,2013e5,wv,000,0036,0000154,060,54,043,06000US5404390806,"District 2, Lincoln County, West Virginia",2710,1807,1409,398,135,263,903,834,69
ACSSF,2013e5,wv,000,0036,0000155,060,54,043,06000US5404390842,"District 3, Lincoln County, West Virginia",2890,2074,1422,652,240,412,816,753,63
ACSSF,2013e5,wv,000,0036,0000156,060,54,045,06000US5404590453,"Central district, Logan County, West Virginia",4508,3162,2212,950,340,610,1346,1160,186
ACSSF,2013e5,wv,000,0036,0000157,060,54,045,06000US5404590979,"Eastern district, Logan County, West Virginia",5710,4054,3093,961,229,732,1656,1396,260
ACSSF,2013e5,wv,000,0036,0000158,060,54,045,06000US5404593608,"Western district, Logan County, West Virginia",4481,3176,2266,910,287,623,1305,1033,272
ACSSF,2013e5,wv,000,0036,0000159,060,54,047,06000US5404790168,"Big Creek district, McDowell County, West Virginia",2249,1524,1100,424,163,261,725,594,131
ACSSF,2013e5,wv,000,0036,0000160,060,54,047,06000US5404790240,"Browns Creek district, McDowell County, West Virginia",2081,1302,934,368,114,254,779,704,75
ACSSF,2013e5,wv,000,0036,0000161,060,54,047,06000US5404792345,"North Elkin district, McDowell County, West Virginia",1702,1106,771,335,62,273,596,500,96
ACSSF,2013e5,wv,000,0036,0000162,060,54,047,06000US5404792712,"Sandy River district, McDowell County, West Virginia",2197,1462,1078,384,90,294,735,656,79
ACSSF,2013e5,wv,000,0036,0000163,060,54,049,06000US5404992154,"Middletown district, Marion County, West Virginia",7004,3906,2796,1110,264,846,3098,2434,664
ACSSF,2013e5,wv,000,0036,0000164,060,54,049,06000US5404992418,"Palatine district, Marion County, West Virginia",9014,6181,4593,1588,356,1232,2833,2488,345
ACSSF,2013e5,wv,000,0036,0000165,060,54,049,06000US5404993594,"West Augusta district, Marion County, West Virginia",6575,4655,3605,1050,387,663,1920,1610,310
ACSSF,2013e5,wv,000,0036,0000166,060,54,051,06000US5405190780,"District 1, Marshall County, West Virginia",4435,3124,2502,622,154,468,1311,1181,130
ACSSF,2013e5,wv,000,0036,0000167,060,54,051,06000US5405190816,"District 2, Marshall County, West Virginia",4690,2743,2005,738,237,501,1947,1706,241
ACSSF,2013e5,wv,000,0036,0000168,060,54,051,06000US5405190852,"District 3, Marshall County, West Virginia",4917,3528,2873,655,228,427,1389,1171,218
ACSSF,2013e5,wv,000,0036,0000169,060,54,053,06000US5405390048,"Arbuckle district, Mason County, West Virginia",458,418,305,113,70,43,40,29,11
ACSSF,2013e5,wv,000,0036,0000170,060,54,053,06000US5405390612,"Clendenin district, Mason County, West Virginia",1445,1047,866,181,66,115,398,312,86
ACSSF,2013e5,wv,000,0036,0000171,060,54,053,06000US5405390648,"Cologne district, Mason County, West Virginia",615,422,255,167,52,115,193,189,4
ACSSF,2013e5,wv,000,0036,0000172,060,54,053,06000US5405390660,"Cooper district, Mason County, West Virginia",755,553,443,110,42,68,202,150,52
ACSSF,2013e5,wv,000,0036,0000173,060,54,053,06000US5405391260,"Graham district, Mason County, West Virginia",1132,775,579,196,54,142,357,340,17
ACSSF,2013e5,wv,000,0036,0000174,060,54,053,06000US5405391512,"Hannan district, Mason County, West Virginia",948,634,507,127,0,127,314,299,15
ACSSF,2013e5,wv,000,0036,0000175,060,54,053,06000US5405391860,"Lewis district, Mason County, West Virginia",2451,1575,1134,441,75,366,876,799,77
ACSSF,2013e5,wv,000,0036,0000176,060,54,053,06000US5405392652,"Robinson district, Mason County, West Virginia",1119,714,534,180,0,180,405,299,106
ACSSF,2013e5,wv,000,0036,0000177,060,54,053,06000US5405393264,"Union district, Mason County, West Virginia",588,477,436,41,0,41,111,103,8
ACSSF,2013e5,wv,000,0036,0000178,060,54,053,06000US5405393432,"Waggener district, Mason County, West Virginia",1098,680,463,217,32,185,418,343,75
ACSSF,2013e5,wv,000,0036,0000179,060,54,055,06000US5405590900,"District I, Mercer County, West Virginia",8001,5077,3867,1210,256,954,2924,2549,375
ACSSF,2013e5,wv,000,0036,0000180,060,54,055,06000US5405590912,"District II, Mercer County, West Virginia",9845,6088,4430,1658,416,1242,3757,3444,313
ACSSF,2013e5,wv,000,0036,0000181,060,54,055,06000US5405590924,"District III, Mercer County, West Virginia",7795,5475,4501,974,299,675,2320,1926,394
ACSSF,2013e5,wv,000,0036,0000182,060,54,057,06000US5405790784,"District 1, Mineral County, West Virginia",3819,2128,1751,377,109,268,1691,1567,124
ACSSF,2013e5,wv,000,0036,0000183,060,54,057,06000US5405790820,"District 2, Mineral County, West Virginia",3720,1961,1282,679,79,600,1759,1743,16
ACSSF,2013e5,wv,000,0036,0000184,060,54,057,06000US5405790856,"District 3, Mineral County, West Virginia",3641,2162,1768,394,64,330,1479,1365,114
ACSSF,2013e5,wv,000,0036,0000185,060,54,059,06000US5405990141,"Beech Ben Mate district, Mingo County, West Virginia",1467,935,685,250,63,187,532,418,114
ACSSF,2013e5,wv,000,0036,0000186,060,54,059,06000US5405991770,"Kermit Harvey district, Mingo County, West Virginia",1577,1150,806,344,144,200,427,409,18
ACSSF,2013e5,wv,000,0036,0000187,060,54,059,06000US5405991848,"Lee district, Mingo County, West Virginia",1509,1137,880,257,106,151,372,327,45
ACSSF,2013e5,wv,000,0036,0000188,060,54,059,06000US5405992064,"Magnolia district, Mingo County, West Virginia",1140,701,549,152,18,134,439,396,43
ACSSF,2013e5,wv,000,0036,0000189,060,54,059,06000US5405993012,"Stafford district, Mingo County, West Virginia",1644,1215,963,252,49,203,429,418,11
ACSSF,2013e5,wv,000,0036,0000190,060,54,059,06000US5405993162,"Tug Hardee district, Mingo County, West Virginia",1692,1275,1038,237,113,124,417,342,75
ACSSF,2013e5,wv,000,0036,0000191,060,54,059,06000US5405993696,"Williamson district, Mingo County, West Virginia",1798,1179,706,473,72,401,619,580,39
ACSSF,2013e5,wv,000,0036,0000192,060,54,061,06000US5406190456,"Central district, Monongalia County, West Virginia",10120,3796,2704,1092,318,774,6324,4653,1671
ACSSF,2013e5,wv,000,0036,0000193,060,54,061,06000US5406190983,"Eastern district, Monongalia County, West Virginia",15857,8153,6534,1619,482,1137,7704,5632,2072
ACSSF,2013e5,wv,000,0036,0000194,060,54,061,06000US5406193612,"Western district, Monongalia County, West Virginia",10472,7198,5750,1448,430,1018,3274,2756,518
ACSSF,2013e5,wv,000,0036,0000195,060,54,063,06000US5406390457,"Central district, Monroe County, West Virginia",1975,1445,1146,299,97,202,530,430,100
ACSSF,2013e5,wv,000,0036,0000196,060,54,063,06000US5406390984,"Eastern district, Monroe County, West Virginia",1812,1268,938,330,82,248,544,491,53
ACSSF,2013e5,wv,000,0036,0000197,060,54,063,06000US5406393613,"Western district, Monroe County, West Virginia",1861,1317,1058,259,23,236,544,438,106
ACSSF,2013e5,wv,000,0036,0000198,060,54,065,06000US5406590786,"District 1, Morgan County, West Virginia",2386,1152,934,218,32,186,1234,1077,157
ACSSF,2013e5,wv,000,0036,0000199,060,54,065,06000US5406590822,"District 2, Morgan County, West Virginia",2698,1381,1040,341,136,205,1317,1190,127
ACSSF,2013e5,wv,000,0036,0000200,060,54,065,06000US5406590858,"District 3, Morgan County, West Virginia",2259,1339,1140,199,87,112,920,897,23
ACSSF,2013e5,wv,000,0036,0000201,060,54,067,06000US5406790132,"Beaver district, Nicholas County, West Virginia",3051,2067,1552,515,146,369,984,902,82
ACSSF,2013e5,wv,000,0036,0000202,060,54,067,06000US5406791344,"Grant district, Nicholas County, West Virginia",693,579,417,162,93,69,114,91,23
ACSSF,2013e5,wv,000,0036,0000203,060,54,067,06000US5406791500,"Hamilton district, Nicholas County, West Virginia",1096,951,841,110,79,31,145,110,35
ACSSF,2013e5,wv,000,0036,0000204,060,54,067,06000US5406791716,"Jefferson district, Nicholas County, West Virginia",544,410,293,117,55,62,134,125,9
ACSSF,2013e5,wv,000,0036,0000205,060,54,067,06000US5406791752,"Kentucky district, Nicholas County, West Virginia",1670,1295,1080,215,57,158,375,297,78
ACSSF,2013e5,wv,000,0036,0000206,060,54,067,06000US5406793072,"Summersville district, Nicholas County, West Virginia",2347,1615,1323,292,75,217,732,668,64
ACSSF,2013e5,wv,000,0036,0000207,060,54,067,06000US5406793660,"Wilderness district, Nicholas County, West Virginia",1256,904,764,140,79,61,352,313,39
ACSSF,2013e5,wv,000,0036,0000208,060,54,069,06000US5406990788,"District 1, Ohio County, West Virginia",6306,4233,3474,759,195,564,2073,1791,282
ACSSF,2013e5,wv,000,0036,0000209,060,54,069,06000US5406990824,"District 2, Ohio County, West Virginia",5935,2958,1942,1016,234,782,2977,2655,322
ACSSF,2013e5,wv,000,0036,0000210,060,54,069,06000US5406990862,"District 3, Ohio County, West Virginia",6312,3646,2812,834,97,737,2666,2434,232
ACSSF,2013e5,wv,000,0036,0000211,060,54,071,06000US5407190462,"Central district, Pendleton County, West Virginia",997,644,494,150,32,118,353,272,81
ACSSF,2013e5,wv,000,0036,0000212,060,54,071,06000US5407190987,"Eastern district, Pendleton County, West Virginia",1266,774,628,146,39,107,492,429,63
ACSSF,2013e5,wv,000,0036,0000213,060,54,071,06000US5407193615,"Western district, Pendleton County, West Virginia",1011,673,615,58,30,28,338,313,25
ACSSF,2013e5,wv,000,0036,0000214,060,54,073,06000US5407390892,"District A, Pleasants County, West Virginia",753,476,384,92,46,46,277,216,61
ACSSF,2013e5,wv,000,0036,0000215,060,54,073,06000US5407390894,"District B, Pleasants County, West Virginia",594,460,420,40,23,17,134,123,11
ACSSF,2013e5,wv,000,0036,0000216,060,54,073,06000US5407390896,"District C, Pleasants County, West Virginia",711,468,397,71,0,71,243,233,10
ACSSF,2013e5,wv,000,0036,0000217,060,54,073,06000US5407390898,"District D, Pleasants County, West Virginia",689,553,462,91,23,68,136,108,28
ACSSF,2013e5,wv,000,0036,0000218,060,54,075,06000US5407590996,"Edray district, Pocahontas County, West Virginia",1405,918,729,189,60,129,487,410,77
ACSSF,2013e5,wv,000,0036,0000219,060,54,075,06000US5407591416,"Greenbank district, Pocahontas County, West Virginia",1000,668,602,66,30,36,332,294,38
ACSSF,2013e5,wv,000,0036,0000220,060,54,075,06000US5407591656,"Huntersville district, Pocahontas County, West Virginia",552,367,319,48,18,30,185,168,17
ACSSF,2013e5,wv,000,0036,0000221,060,54,075,06000US5407591944,"Little Levels district, Pocahontas County, West Virginia",737,465,397,68,30,38,272,228,44
ACSSF,2013e5,wv,000,0036,0000222,060,54,077,06000US5407791096,"Fifth district, Preston County, West Virginia",2314,1712,1482,230,92,138,602,515,87
ACSSF,2013e5,wv,000,0036,0000223,060,54,077,06000US5407791100,"First district, Preston County, West Virginia",2618,1872,1499,373,104,269,746,603,143
ACSSF,2013e5,wv,000,0036,0000224,060,54,077,06000US5407791134,"Fourth district, Preston County, West Virginia",2327,1456,1236,220,45,175,871,779,92
ACSSF,2013e5,wv,000,0036,0000225,060,54,077,06000US5407792742,"Second district, Preston County, West Virginia",2712,1868,1609,259,141,118,844,662,182
ACSSF,2013e5,wv,000,0036,0000226,060,54,077,06000US5407793102,"Third district, Preston County, West Virginia",2726,1923,1442,481,217,264,803,676,127
ACSSF,2013e5,wv,000,0036,0000227,060,54,079,06000US5407990292,"Buffalo-Union district, Putnam County, West Virginia",4144,3239,2512,727,202,525,905,688,217
ACSSF,2013e5,wv,000,0036,0000228,060,54,079,06000US5407990720,"Curry district, Putnam County, West Virginia",3694,2678,2050,628,131,497,1016,902,114
ACSSF,2013e5,wv,000,0036,0000229,060,54,079,06000US5407992508,"Pocatalico district, Putnam County, West Virginia",3395,2248,1751,497,191,306,1147,936,211
ACSSF,2013e5,wv,000,0036,0000230,060,54,079,06000US5407992736,"Scott district, Putnam County, West Virginia",4393,3480,2827,653,143,510,913,771,142
ACSSF,2013e5,wv,000,0036,0000231,060,54,079,06000US5407993090,"Teays district, Putnam County, West Virginia",5765,4355,3699,656,237,419,1410,1174,236
ACSSF,2013e5,wv,000,0036,0000232,060,54,081,06000US5408190792,"District 1, Raleigh County, West Virginia",9704,6837,5407,1430,417,1013,2867,2459,408
ACSSF,2013e5,wv,000,0036,0000233,060,54,081,06000US5408190828,"District 2, Raleigh County, West Virginia",10402,6602,4893,1709,473,1236,3800,3179,621
ACSSF,2013e5,wv,000,0036,0000234,060,54,081,06000US5408190864,"District 3, Raleigh County, West Virginia",11258,7460,5503,1957,477,1480,3798,3400,398
ACSSF,2013e5,wv,000,0036,0000235,060,54,083,06000US5408390156,"Beverly district, Randolph County, West Virginia",1876,1201,880,321,154,167,675,664,11
ACSSF,2013e5,wv,000,0036,0000236,060,54,083,06000US5408390936,"Dry Fork district, Randolph County, West Virginia",667,468,371,97,0,97,199,186,13
ACSSF,2013e5,wv,000,0036,0000237,060,54,083,06000US5408391668,"Huttonsville district, Randolph County, West Virginia",904,545,484,61,28,33,359,304,55
ACSSF,2013e5,wv,000,0036,0000238,060,54,083,06000US5408391824,"Leadsville district, Randolph County, West Virginia",5234,3363,2448,915,275,640,1871,1750,121
ACSSF,2013e5,wv,000,0036,0000239,060,54,083,06000US5408392148,"Middle Fork district, Randolph County, West Virginia",289,231,193,38,16,22,58,49,9
ACSSF,2013e5,wv,000,0036,0000240,060,54,083,06000US5408392220,"Mingo district, Randolph County, West Virginia",382,320,269,51,21,30,62,55,7
ACSSF,2013e5,wv,000,0036,0000241,060,54,083,06000US5408392292,"New Interest district, Randolph County, West Virginia",456,356,290,66,44,22,100,98,2
ACSSF,2013e5,wv,000,0036,0000242,060,54,083,06000US5408392640,"Roaring Creek district, Randolph County, West Virginia",683,533,454,79,8,71,150,150,0
ACSSF,2013e5,wv,000,0036,0000243,060,54,083,06000US5408393420,"Valley Bend district, Randolph County, West Virginia",672,510,415,95,23,72,162,144,18
ACSSF,2013e5,wv,000,0036,0000244,060,54,085,06000US5408590552,"Clay district, Ritchie County, West Virginia",1425,962,812,150,51,99,463,433,30
ACSSF,2013e5,wv,000,0036,0000245,060,54,085,06000US5408591380,"Grant district, Ritchie County, West Virginia",706,459,353,106,41,65,247,226,21
ACSSF,2013e5,wv,000,0036,0000246,060,54,085,06000US5408592244,"Murphy district, Ritchie County, West Virginia",487,347,309,38,9,29,140,129,11
ACSSF,2013e5,wv,000,0036,0000247,060,54,085,06000US5408593336,"Union district, Ritchie County, West Virginia",1414,832,566,266,72,194,582,532,50
ACSSF,2013e5,wv,000,0036,0000248,060,54,087,06000US5408790906,"District I, Roane County, West Virginia",1864,1200,966,234,71,163,664,585,79
ACSSF,2013e5,wv,000,0036,0000249,060,54,087,06000US5408790918,"District II, Roane County, West Virginia",2012,1256,855,401,91,310,756,655,101
ACSSF,2013e5,wv,000,0036,0000250,060,54,087,06000US5408790930,"District III, Roane County, West Virginia",2099,1522,1231,291,40,251,577,500,77
ACSSF,2013e5,wv,000,0036,0000251,060,54,089,06000US5408990216,"Bluestone River district, Summers County, West Virginia",1906,1293,1061,232,52,180,613,576,37
ACSSF,2013e5,wv,000,0036,0000252,060,54,089,06000US5408991440,"Greenbrier River district, Summers County, West Virginia",1850,1222,992,230,146,84,628,612,16
ACSSF,2013e5,wv,000,0036,0000253,060,54,089,06000US5408992316,"New River district, Summers County, West Virginia",1594,1185,806,379,189,190,409,363,46
ACSSF,2013e5,wv,000,0036,0000254,060,54,091,06000US5409190993,"Eastern district, Taylor County, West Virginia",2282,1502,1160,342,97,245,780,688,92
ACSSF,2013e5,wv,000,0036,0000255,060,54,091,06000US5409193175,"Tygart district, Taylor County, West Virginia",2091,1471,1009,462,132,330,620,538,82
ACSSF,2013e5,wv,000,0036,0000256,060,54,091,06000US5409193621,"Western district, Taylor County, West Virginia",2505,1900,1502,398,109,289,605,529,76
ACSSF,2013e5,wv,000,0036,0000257,060,54,093,06000US5409390192,"Black Fork district, Tucker County, West Virginia",1501,1033,813,220,91,129,468,406,62
ACSSF,2013e5,wv,000,0036,0000258,060,54,093,06000US5409390624,"Clover district, Tucker County, West Virginia",141,102,79,23,0,23,39,39,0
ACSSF,2013e5,wv,000,0036,0000259,060,54,093,06000US5409390744,"Davis district, Tucker County, West Virginia",317,195,168,27,9,18,122,112,10
ACSSF,2013e5,wv,000,0036,0000260,060,54,093,06000US5409390948,"Dry Fork district, Tucker County, West Virginia",304,235,235,0,0,0,69,44,25
ACSSF,2013e5,wv,000,0036,0000261,060,54,093,06000US5409391056,"Fairfax district, Tucker County, West Virginia",352,208,183,25,6,19,144,135,9
ACSSF,2013e5,wv,000,0036,0000262,060,54,093,06000US5409391896,"Licking district, Tucker County, West Virginia",37,32,0,32,9,23,5,5,0
ACSSF,2013e5,wv,000,0036,0000263,060,54,093,06000US5409392688,"St. George district, Tucker County, West Virginia",398,282,216,66,39,27,116,107,9
ACSSF,2013e5,wv,000,0036,0000264,060,54,095,06000US5409590469,"Central district, Tyler County, West Virginia",953,592,481,111,23,88,361,343,18
ACSSF,2013e5,wv,000,0036,0000265,060,54,095,06000US5409592334,"North district, Tyler County, West Virginia",835,620,544,76,35,41,215,208,7
ACSSF,2013e5,wv,000,0036,0000266,060,54,095,06000US5409592898,"South district, Tyler County, West Virginia",967,740,542,198,85,113,227,201,26
ACSSF,2013e5,wv,000,0036,0000267,060,54,095,06000US5409593592,"West district, Tyler County, West Virginia",957,635,453,182,40,142,322,267,55
ACSSF,2013e5,wv,000,0036,0000268,060,54,097,06000US5409791102,"First district, Upshur County, West Virginia",2900,1728,1290,438,58,380,1172,1035,137
ACSSF,2013e5,wv,000,0036,0000269,060,54,097,06000US5409792745,"Second district, Upshur County, West Virginia",2895,2224,1866,358,140,218,671,625,46
ACSSF,2013e5,wv,000,0036,0000270,060,54,097,06000US5409793105,"Third district, Upshur County, West Virginia",3216,2178,1773,405,120,285,1038,809,229
ACSSF,2013e5,wv,000,0036,0000271,060,54,099,06000US5409990324,"Butler district, Wayne County, West Virginia",3749,2538,2013,525,118,407,1211,1131,80
ACSSF,2013e5,wv,000,0036,0000272,060,54,099,06000US5409990492,"Ceredo district, Wayne County, West Virginia",2901,1732,1133,599,217,382,1169,992,177
ACSSF,2013e5,wv,000,0036,0000273,060,54,099,06000US5409993036,"Stonewall district, Wayne County, West Virginia",3052,2149,1655,494,109,385,903,827,76
ACSSF,2013e5,wv,000,0036,0000274,060,54,099,06000US5409993372,"Union district, Wayne County, West Virginia",3425,2448,1937,511,117,394,977,823,154
ACSSF,2013e5,wv,000,0036,0000275,060,54,099,06000US5409993624,"Westmoreland district, Wayne County, West Virginia",3428,2108,1563,545,129,416,1320,1221,99
ACSSF,2013e5,wv,000,0036,0000276,060,54,101,06000US5410190471,"Central district, Webster County, West Virginia",1287,920,621,299,124,175,367,297,70
ACSSF,2013e5,wv,000,0036,0000277,060,54,101,06000US5410192360,"Northern district, Webster County, West Virginia",1103,792,653,139,47,92,311,271,40
ACSSF,2013e5,wv,000,0036,0000278,060,54,101,06000US5410192925,"Southern district, Webster County, West Virginia",1538,1047,824,223,81,142,491,405,86
ACSSF,2013e5,wv,000,0036,0000279,060,54,103,06000US5410390794,"District 1, Wetzel County, West Virginia",2428,1667,1366,301,94,207,761,704,57
ACSSF,2013e5,wv,000,0036,0000280,060,54,103,06000US5410390830,"District 2, Wetzel County, West Virginia",2214,1547,1213,334,83,251,667,572,95
ACSSF,2013e5,wv,000,0036,0000281,060,54,103,06000US5410390867,"District 3, Wetzel County, West Virginia",2261,1313,981,332,25,307,948,826,122
ACSSF,2013e5,wv,000,0036,0000282,060,54,105,06000US5410590473,"Central district, Wirt County, West Virginia",728,498,376,122,20,102,230,192,38
ACSSF,2013e5,wv,000,0036,0000283,060,54,105,06000US5410592344,"Northeast district, Wirt County, West Virginia",777,433,321,112,0,112,344,252,92
ACSSF,2013e5,wv,000,0036,0000284,060,54,105,06000US5410592958,"Southwest district, Wirt County, West Virginia",922,660,572,88,15,73,262,163,99
ACSSF,2013e5,wv,000,0036,0000285,060,54,107,06000US5410790588,"Clay district, Wood County, West Virginia",2483,1741,1464,277,58,219,742,609,133
ACSSF,2013e5,wv,000,0036,0000286,060,54,107,06000US5410791560,"Harris district, Wood County, West Virginia",642,397,368,29,6,23,245,196,49
ACSSF,2013e5,wv,000,0036,0000287,060,54,107,06000US5410791980,"Lubeck district, Wood County, West Virginia",4233,3198,2507,691,208,483,1035,936,99
ACSSF,2013e5,wv,000,0036,0000288,060,54,107,06000US5410792424,"Parkersburg district, Wood County, West Virginia",12504,6877,4939,1938,476,1462,5627,4888,739
ACSSF,2013e5,wv,000,0036,0000289,060,54,107,06000US5410792856,"Slate district, Wood County, West Virginia",1726,1323,1116,207,116,91,403,341,62
ACSSF,2013e5,wv,000,0036,0000290,060,54,107,06000US5410793024,"Steele district, Wood County, West Virginia",504,423,381,42,0,42,81,74,7
ACSSF,2013e5,wv,000,0036,0000291,060,54,107,06000US5410793180,"Tygart district, Wood County, West Virginia",5613,3689,2634,1055,269,786,1924,1696,228
ACSSF,2013e5,wv,000,0036,0000292,060,54,107,06000US5410793384,"Union district, Wood County, West Virginia",1803,1358,1155,203,80,123,445,330,115
ACSSF,2013e5,wv,000,0036,0000293,060,54,107,06000US5410793444,"Walker district, Wood County, West Virginia",461,375,228,147,71,76,86,86,0
ACSSF,2013e5,wv,000,0036,0000294,060,54,107,06000US5410793672,"Williams district, Wood County, West Virginia",5600,3911,3351,560,184,376,1689,1517,172
ACSSF,2013e5,wv,000,0036,0000295,060,54,109,06000US5410990795,"District 1, Wyoming County, West Virginia",2986,2152,1706,446,144,302,834,733,101
ACSSF,2013e5,wv,000,0036,0000296,060,54,109,06000US5410990831,"District 2, Wyoming County, West Virginia",2767,1798,1357,441,165,276,969,844,125
ACSSF,2013e5,wv,000,0036,0000297,060,54,109,06000US5410990868,"District 3, Wyoming County, West Virginia",3348,2477,2013,464,111,353,871,807,64
ACSSF,2013e5,wv,000,0036,0000298,070,54,001,07000US540019232863292,"Philippi city (part), North district, Barbour County, West Virginia",827,407,295,112,28,84,420,370,50
ACSSF,2013e5,wv,000,0036,0000299,070,54,001,07000US540019232899999,"Remainder of North district, North district, Barbour County, West Virginia",1658,1231,1065,166,0,166,427,427,0
ACSSF,2013e5,wv,000,0036,0000300,070,54,001,07000US540019289205788,"Belington town, South district, Barbour County, West Virginia",782,631,417,214,34,180,151,105,46
ACSSF,2013e5,wv,000,0036,0000301,070,54,001,07000US540019289242244,"Junior town, South district, Barbour County, West Virginia",186,124,71,53,36,17,62,62,0
ACSSF,2013e5,wv,000,0036,0000302,070,54,001,07000US540019289299999,"Remainder of South district, South district, Barbour County, West Virginia",1193,876,738,138,70,68,317,303,14
ACSSF,2013e5,wv,000,0036,0000303,070,54,001,07000US540019358814212,"Century CDP, West district, Barbour County, West Virginia",33,25,15,10,0,10,8,8,0
ACSSF,2013e5,wv,000,0036,0000304,070,54,001,07000US540019358829740,"Galloway CDP, West district, Barbour County, West Virginia",62,62,53,9,0,9,0,0,0
ACSSF,2013e5,wv,000,0036,0000305,070,54,001,07000US540019358863292,"Philippi city (part), West district, Barbour County, West Virginia",329,227,158,69,23,46,102,88,14
ACSSF,2013e5,wv,000,0036,0000306,070,54,001,07000US540019358899999,"Remainder of West district, West district, Barbour County, West Virginia",1029,716,644,72,45,27,313,262,51
ACSSF,2013e5,wv,000,0036,0000307,070,54,003,07000US540039000652060,"Martinsburg city (part), Adam Stephens district, Berkeley County, West Virginia",5732,3315,2125,1190,286,904,2417,2144,273
ACSSF,2013e5,wv,000,0036,0000308,070,54,003,07000US540039000699999,"Remainder of Adam Stephens district, Adam Stephens district, Berkeley County, West Virginia",285,202,135,67,46,21,83,83,0
ACSSF,2013e5,wv,000,0036,0000309,070,54,003,07000US540039232236220,"Hedgesville town (part), Norborne district, Berkeley County, West Virginia",128,71,57,14,2,12,57,44,13
ACSSF,2013e5,wv,000,0036,0000310,070,54,003,07000US540039232252060,"Martinsburg city (part), Norborne district, Berkeley County, West Virginia",858,616,357,259,64,195,242,195,47
ACSSF,2013e5,wv,000,0036,0000311,070,54,003,07000US540039232299999,"Remainder of Norborne district, Norborne district, Berkeley County, West Virginia",3133,2495,2115,380,132,248,638,466,172
ACSSF,2013e5,wv,000,0036,0000312,070,54,003,07000US540039252626716,"Falling Waters CDP, Potomac district, Berkeley County, West Virginia",276,212,161,51,18,33,64,64,0
ACSSF,2013e5,wv,000,0036,0000313,070,54,003,07000US540039252652060,"Martinsburg city (part), Potomac district, Berkeley County, West Virginia",0,0,0,0,0,0,0,0,0
ACSSF,2013e5,wv,000,0036,0000314,070,54,003,07000US540039252699999,"Remainder of Potomac district, Potomac district, Berkeley County, West Virginia",6342,4661,3603,1058,427,631,1681,1346,335
ACSSF,2013e5,wv,000,0036,0000315,070,54,003,07000US540039275440204,"Inwood CDP, Shenandoah district, Berkeley County, West Virginia",991,720,431,289,152,137,271,235,36
ACSSF,2013e5,wv,000,0036,0000316,070,54,003,07000US540039275499999,"Remainder of Shenandoah district, Shenandoah district, Berkeley County, West Virginia",6740,4655,3598,1057,320,737,2085,1755,330
ACSSF,2013e5,wv,000,0036,0000317,070,54,003,07000US540039317152060,"Martinsburg city (part), Tuscarora district, Berkeley County, West Virginia",495,271,133,138,28,110,224,194,30
ACSSF,2013e5,wv,000,0036,0000318,070,54,003,07000US540039317199999,"Remainder of Tuscarora district, Tuscarora district, Berkeley County, West Virginia",7478,5461,3889,1572,484,1088,2017,1678,339
ACSSF,2013e5,wv,000,0036,0000319,070,54,003,07000US540039338836220,"Hedgesville town (part), Valley district, Berkeley County, West Virginia",5,5,5,0,0,0,0,0,0
ACSSF,2013e5,wv,000,0036,0000320,070,54,003,07000US540039338899999,"Remainder of Valley district, Valley district, Berkeley County, West Virginia",7984,5750,4443,1307,352,955,2234,1886,348
ACSSF,2013e5,wv,000,0036,0000321,070,54,005,07000US540059076217380,"Comfort CDP, District 1, Boone County, West Virginia",102,102,102,0,0,0,0,0,0
ACSSF,2013e5,wv,000,0036,0000322,070,54,005,07000US540059076266484,"Racine CDP, District 1, Boone County, West Virginia",127,58,49,9,0,9,69,69,0
ACSSF,2013e5,wv,000,0036,0000323,070,54,005,07000US540059076278964,"Sylvester town, District 1, Boone County, West Virginia",139,120,113,7,2,5,19,15,4
ACSSF,2013e5,wv,000,0036,0000324,070,54,005,07000US540059076286836,"Whitesville town, District 1, Boone County, West Virginia",250,132,102,30,5,25,118,97,21
ACSSF,2013e5,wv,000,0036,0000325,070,54,005,07000US540059076299999,"District Remainder of 1, District 1, Boone County, West Virginia",2700,1920,1436,484,155,329,780,706,74
ACSSF,2013e5,wv,000,0036,0000326,070,54,005,07000US540059079633580,"Greenview CDP, District 2, Boone County, West Virginia",87,49,10,39,9,30,38,38,0
ACSSF,2013e5,wv,000,0036,0000327,070,54,005,07000US540059079650524,"Madison city (part), District 2, Boone County, West Virginia",119,83,57,26,26,0,36,36,0
ACSSF,2013e5,wv,000,0036,0000328,070,54,005,07000US540059079681484,"Twilight CDP, District 2, Boone County, West Virginia",29,29,25,4,0,4,0,0,0
ACSSF,2013e5,wv,000,0036,0000329,070,54,005,07000US540059079682852,"Van CDP, District 2, Boone County, West Virginia",56,31,21,10,10,0,25,25,0
ACSSF,2013e5,wv,000,0036,0000330,070,54,005,07000US540059079699999,"District Remainder of 2, District 2, Boone County, West Virginia",2352,1716,1310,406,108,298,636,593,43
ACSSF,2013e5,wv,000,0036,0000331,070,54,005,07000US540059083220212,"Danville town, District 3, Boone County, West Virginia",394,211,158,53,11,42,183,167,16
ACSSF,2013e5,wv,000,0036,0000332,070,54,005,07000US540059083250524,"Madison city (part), District 3, Boone County, West Virginia",1165,790,614,176,45,131,375,313,62
ACSSF,2013e5,wv,000,0036,0000333,070,54,005,07000US540059083299999,"District Remainder of 3, District 3, Boone County, West Virginia",2039,1623,1364,259,29,230,416,338,78
ACSSF,2013e5,wv,000,0036,0000334,070,54,007,07000US540079096827868,"Flatwoods town (part), Eastern district, Braxton County, West Virginia",45,40,32,8,5,3,5,4,1
ACSSF,2013e5,wv,000,0036,0000335,070,54,007,07000US540079096878580,"Sutton town (part), Eastern district, Braxton County, West Virginia",378,258,201,57,4,53,120,105,15
ACSSF,2013e5,wv,000,0036,0000336,070,54,007,07000US540079096899999,"Remainder of Eastern district, Eastern district, Braxton County, West Virginia",749,524,426,98,76,22,225,200,25
ACSSF,2013e5,wv,000,0036,0000337,070,54,007,07000US540079234611716,"Burnsville town, Northern district, Braxton County, West Virginia",227,145,69,76,34,42,82,77,5
ACSSF,2013e5,wv,000,0036,0000338,070,54,007,07000US540079234627868,"Flatwoods town (part), Northern district, Braxton County, West Virginia",83,50,45,5,0,5,33,19,14
ACSSF,2013e5,wv,000,0036,0000339,070,54,007,07000US540079234699999,"Remainder of Northern district, Northern district, Braxton County, West Virginia",1160,715,597,118,11,107,445,386,59
ACSSF,2013e5,wv,000,0036,0000340,070,54,007,07000US540079292299999,"Southern district, Southern district, Braxton County, West Virginia",1541,1095,870,225,92,133,446,368,78
ACSSF,2013e5,wv,000,0036,0000341,070,54,007,07000US540079359730220,"Gassaway town, Western district, Braxton County, West Virginia",426,257,202,55,19,36,169,146,23
ACSSF,2013e5,wv,000,0036,0000342,070,54,007,07000US540079359778580,"Sutton town (part), Western district, Braxton County, West Virginia",117,55,45,10,3,7,62,57,5
ACSSF,2013e5,wv,000,0036,0000343,070,54,007,07000US540079359799999,"Remainder of Western district, Western district, Braxton County, West Virginia",1054,706,631,75,40,35,348,338,10
ACSSF,2013e5,wv,000,0036,0000344,070,54,009,07000US540099110428204,"Follansbee city (part), Follansbee district, Brooke County, West Virginia",1439,745,558,187,55,132,694,520,174
ACSSF,2013e5,wv,000,0036,0000345,070,54,009,07000US540099110438476,"Hooverson Heights CDP (part), Follansbee district, Brooke County, West Virginia",789,563,461,102,15,87,226,208,18
ACSSF,2013e5,wv,000,0036,0000346,070,54,009,07000US540099110499999,"Remainder of Follansbee district, Follansbee district, Brooke County, West Virginia",1115,788,583,205,35,170,327,323,4
ACSSF,2013e5,wv,000,0036,0000347,070,54,009,07000US540099355228204,"Follansbee city (part), Weirton district, Brooke County, West Virginia",0,0,0,0,0,0,0,0,0
ACSSF,2013e5,wv,000,0036,0000348,070,54,009,07000US540099355238476,"Hooverson Heights CDP (part), Weirton district, Brooke County, West Virginia",263,144,94,50,50,0,119,110,9
ACSSF,2013e5,wv,000,0036,0000349,070,54,009,07000US540099355285156,"Weirton city (part), Weirton district, Brooke County, West Virginia",1795,997,672,325,136,189,798,699,99
ACSSF,2013e5,wv,000,0036,0000350,070,54,009,07000US540099355299999,"Remainder of Weirton district, Weirton district, Brooke County, West Virginia",1324,1009,736,273,55,218,315,304,11
ACSSF,2013e5,wv,000,0036,0000351,070,54,009,07000US540099356405452,"Beech Bottom village, Wellsburg district, Brooke County, West Virginia",267,165,114,51,36,15,102,90,12
ACSSF,2013e5,wv,000,0036,0000352,070,54,009,07000US540099356406844,"Bethany town, Wellsburg district, Brooke County, West Virginia",190,124,91,33,8,25,66,62,4
ACSSF,2013e5,wv,000,0036,0000353,070,54,009,07000US540099356485324,"Wellsburg city, Wellsburg district, Brooke County, West Virginia",1302,760,537,223,73,150,542,495,47
ACSSF,2013e5,wv,000,0036,0000354,070,54,009,07000US540099356487892,"Windsor Heights village, Wellsburg district, Brooke County, West Virginia",206,151,105,46,21,25,55,51,4
ACSSF,2013e5,wv,000,0036,0000355,070,54,009,07000US540099356499999,"Remainder of Wellsburg district, Wellsburg district, Brooke County, West Virginia",1278,1075,859,216,34,182,203,193,10
ACSSF,2013e5,wv,000,0036,0000356,070,54,011,07000US540119076439460,"Huntington city (part), District 1, Cabell County, West Virginia",5786,3364,2221,1143,344,799,2422,1987,435
ACSSF,2013e5,wv,000,0036,0000357,070,54,011,07000US540119076499999,"District Remainder of 1, District 1, Cabell County, West Virginia",1763,1191,837,354,135,219,572,463,109
ACSSF,2013e5,wv,000,0036,0000358,070,54,011,07000US540119079839460,"Huntington city (part), District 2, Cabell County, West Virginia",7400,2978,1811,1167,255,912,4422,3696,726
ACSSF,2013e5,wv,000,0036,0000359,070,54,011,07000US540119083404276,"Barboursville village (part), District 3, Cabell County, West Virginia",0,0,0,0,0,0,0,0,0
ACSSF,2013e5,wv,000,0036,0000360,070,54,011,07000US540119083439460,"Huntington city (part), District 3, Cabell County, West Virginia",6390,3500,2151,1349,272,1077,2890,2190,700
ACSSF,2013e5,wv,000,0036,0000361,070,54,011,07000US540119083446420,"Lesage CDP (part), District 3, Cabell County, West Virginia",188,124,93,31,0,31,64,64,0
ACSSF,2013e5,wv,000,0036,0000362,070,54,011,07000US540119083499999,"District Remainder of 3, District 3, Cabell County, West Virginia",789,583,288,295,84,211,206,166,40
ACSSF,2013e5,wv,000,0036,0000363,070,54,011,07000US540119087004276,"Barboursville village (part), District 4, Cabell County, West Virginia",1648,975,807,168,51,117,673,616,57
ACSSF,2013e5,wv,000,0036,0000364,070,54,011,07000US540119087039460,"Huntington city (part), District 4, Cabell County, West Virginia",40,40,40,0,0,0,0,0,0
ACSSF,2013e5,wv,000,0036,0000365,070,54,011,07000US540119087062488,"Pea Ridge CDP, District 4, Cabell County, West Virginia",2835,1896,1514,382,111,271,939,894,45
ACSSF,2013e5,wv,000,0036,0000366,070,54,011,07000US540119087071476,"Salt Rock CDP (part), District 4, Cabell County, West Virginia",32,12,0,12,12,0,20,20,0
ACSSF,2013e5,wv,000,0036,0000367,070,54,011,07000US540119087099999,"District Remainder of 4, District 4, Cabell County, West Virginia",4858,3527,2642,885,159,726,1331,1158,173
ACSSF,2013e5,wv,000,0036,0000368,070,54,011,07000US540119088204276,"Barboursville village (part), District 5, Cabell County, West Virginia",0,0,0,0,0,0,0,0,0
ACSSF,2013e5,wv,000,0036,0000369,070,54,011,07000US540119088219516,"Culloden CDP (part), District 5, Cabell County, West Virginia",986,707,584,123,31,92,279,256,23
ACSSF,2013e5,wv,000,0036,0000370,070,54,011,07000US540119088246420,"Lesage CDP (part), District 5, Cabell County, West Virginia",492,326,275,51,8,43,166,145,21
ACSSF,2013e5,wv,000,0036,0000371,070,54,011,07000US540119088254484,"Milton town, District 5, Cabell County, West Virginia",1220,723,536,187,42,145,497,438,59
ACSSF,2013e5,wv,000,0036,0000372,070,54,011,07000US540119088271476,"Salt Rock CDP (part), District 5, Cabell County, West Virginia",206,195,140,55,0,55,11,11,0
ACSSF,2013e5,wv,000,0036,0000373,070,54,011,07000US540119088299999,"District Remainder of 5, District 5, Cabell County, West Virginia",5511,4033,3149,884,188,696,1478,1102,376
ACSSF,2013e5,wv,000,0036,0000374,070,54,013,07000US540139076699999,"District 1, District 1, Calhoun County, West Virginia",506,340,264,76,19,57,166,160,6
ACSSF,2013e5,wv,000,0036,0000375,070,54,013,07000US540139080099999,"District 2, District 2, Calhoun County, West Virginia",711,427,284,143,92,51,284,226,58
ACSSF,2013e5,wv,000,0036,0000376,070,54,013,07000US540139083632884,"Grantsville town, District 3, Calhoun County, West Virginia",243,163,93,70,24,46,80,78,2
ACSSF,2013e5,wv,000,0036,0000377,070,54,013,07000US540139083699999,"District Remainder of 3, District 3, Calhoun County, West Virginia",313,210,160,50,13,37,103,83,20
ACSSF,2013e5,wv,000,0036,0000378,070,54,013,07000US540139087399999,"District 4, District 4, Calhoun County, West Virginia",749,520,439,81,14,67,229,205,24
ACSSF,2013e5,wv,000,0036,0000379,070,54,013,07000US540139088599999,"District 5, District 5, Calhoun County, West Virginia",619,441,368,73,16,57,178,169,9
ACSSF,2013e5,wv,000,0036,0000380,070,54,015,07000US540159089199999,"District A, District A, Clay County, West Virginia",1286,940,818,122,22,100,346,317,29
ACSSF,2013e5,wv,000,0036,0000381,070,54,015,07000US540159089315676,"Clay town, District B, Clay County, West Virginia",231,126,101,25,0,25,105,92,13
ACSSF,2013e5,wv,000,0036,0000382,070,54,015,07000US540159089399999,"District Remainder of B, District B, Clay County, West Virginia",885,590,480,110,28,82,295,244,51
ACSSF,2013e5,wv,000,0036,0000383,070,54,015,07000US540159089599999,"District C, District C, Clay County, West Virginia",1033,778,685,93,34,59,255,222,33
ACSSF,2013e5,wv,000,0036,0000384,070,54,017,07000US540179013899999,"Beech district, Beech district, Doddridge County, West Virginia",693,502,401,101,48,53,191,183,8
ACSSF,2013e5,wv,000,0036,0000385,070,54,017,07000US540179209486116,"West Union town (part), Maple district, Doddridge County, West Virginia",139,101,70,31,12,19,38,30,8
ACSSF,2013e5,wv,000,0036,0000386,070,54,017,07000US540179209499999,"Remainder of Maple district, Maple district, Doddridge County, West Virginia",457,332,222,110,14,96,125,92,33
ACSSF,2013e5,wv,000,0036,0000387,070,54,017,07000US540179237499999,"Oak district, Oak district, Doddridge County, West Virginia",666,463,400,63,25,38,203,196,7
ACSSF,2013e5,wv,000,0036,0000388,070,54,017,07000US540179246686116,"West Union town (part), Pine district, Doddridge County, West Virginia",262,150,109,41,8,33,112,82,30
ACSSF,2013e5,wv,000,0036,0000389,070,54,017,07000US540179246699999,"Remainder of Pine district, Pine district, Doddridge County, West Virginia",561,382,263,119,41,78,179,157,22
ACSSF,2013e5,wv,000,0036,0000390,070,54,019,07000US540199228001996,"Ansted town, New Haven district, Fayette County, West Virginia",620,448,364,84,13,71,172,157,15
ACSSF,2013e5,wv,000,0036,0000391,070,54,019,07000US540199228027028,"Fayetteville town (part), New Haven district, Fayette County, West Virginia",1265,808,579,229,60,169,457,400,57
ACSSF,2013e5,wv,000,0036,0000392,070,54,019,07000US540199228037036,"Hico CDP, New Haven district, Fayette County, West Virginia",85,85,56,29,0,29,0,0,0
ACSSF,2013e5,wv,000,0036,0000393,070,54,019,07000US540199228052780,"Meadow Bridge town, New Haven district, Fayette County, West Virginia",139,82,65,17,11,6,57,51,6
ACSSF,2013e5,wv,000,0036,0000394,070,54,019,07000US540199228060028,"Oak Hill city (part), New Haven district, Fayette County, West Virginia",0,0,0,0,0,0,0,0,0
ACSSF,2013e5,wv,000,0036,0000395,070,54,019,07000US540199228065668,"Prince CDP, New Haven district, Fayette County, West Virginia",68,53,0,53,0,53,15,15,0
ACSSF,2013e5,wv,000,0036,0000396,070,54,019,07000US540199228099999,"Remainder of New Haven district, New Haven district, Fayette County, West Virginia",3838,2532,2002,530,183,347,1306,1010,296
ACSSF,2013e5,wv,000,0036,0000397,070,54,019,07000US540199247231876,"Glen Jean CDP, Plateau district, Fayette County, West Virginia",103,103,47,56,0,56,0,0,0
ACSSF,2013e5,wv,000,0036,0000398,070,54,019,07000US540199247237444,"Hilltop CDP, Plateau district, Fayette County, West Virginia",191,168,68,100,15,85,23,23,0
ACSSF,2013e5,wv,000,0036,0000399,070,54,019,07000US540199247254508,"Minden CDP, Plateau district, Fayette County, West Virginia",126,101,40,61,0,61,25,25,0
ACSSF,2013e5,wv,000,0036,0000400,070,54,019,07000US540199247256404,"Mount Hope city (part), Plateau district, Fayette County, West Virginia",555,326,205,121,13,108,229,195,34
ACSSF,2013e5,wv,000,0036,0000401,070,54,019,07000US540199247260028,"Oak Hill city (part), Plateau district, Fayette County, West Virginia",3313,2021,1489,532,71,461,1292,1111,181
ACSSF,2013e5,wv,000,0036,0000402,070,54,019,07000US540199247280284,"Thurmond town, Plateau district, Fayette County, West Virginia",4,4,4,0,0,0,0,0,0
ACSSF,2013e5,wv,000,0036,0000403,070,54,019,07000US540199247299999,"Remainder of Plateau district, Plateau district, Fayette County, West Virginia",2032,1436,1010,426,149,277,596,508,88
ACSSF,2013e5,wv,000,0036,0000404,070,54,019,07000US540199339605068,"Beards Fork CDP, Valley district, Fayette County, West Virginia",51,39,29,10,0,10,12,12,0
ACSSF,2013e5,wv,000,0036,0000405,070,54,019,07000US540199339609100,"Boomer CDP, Valley district, Fayette County, West Virginia",379,299,219,80,23,57,80,80,0
ACSSF,2013e5,wv,000,0036,0000406,070,54,019,07000US540199339614630,"Charlton Heights CDP, Valley district, Fayette County, West Virginia",114,83,83,0,0,0,31,17,14
ACSSF,2013e5,wv,000,0036,0000407,070,54,019,07000US540199339620764,"Deep Water CDP, Valley district, Fayette County, West Virginia",90,55,26,29,0,29,35,35,0
ACSSF,2013e5,wv,000,0036,0000408,070,54,019,07000US540199339621628,"Dixie CDP (part), Valley district, Fayette County, West Virginia",14,14,14,0,0,0,0,0,0
ACSSF,2013e5,wv,000,0036,0000409,070,54,019,07000US540199339626812,"Falls View CDP, Valley district, Fayette County, West Virginia",88,50,24,26,26,0,38,38,0
ACSSF,2013e5,wv,000,0036,0000410,070,54,019,07000US540199339627028,"Fayetteville town (part), Valley district, Fayette County, West Virginia",0,0,0,0,0,0,0,0,0
ACSSF,2013e5,wv,000,0036,0000411,070,54,019,07000US540199339630364,"Gauley Bridge town, Valley district, Fayette County, West Virginia",258,189,107,82,9,73,69,65,4
ACSSF,2013e5,wv,000,0036,0000412,070,54,019,07000US540199339631732,"Glen Ferris CDP, Valley district, Fayette County, West Virginia",56,47,30,17,0,17,9,9,0
ACSSF,2013e5,wv,000,0036,0000413,070,54,019,07000US540199339643828,"Kimberly CDP, Valley district, Fayette County, West Virginia",149,123,96,27,14,13,26,26,0
ACSSF,2013e5,wv,000,0036,0000414,070,54,019,07000US540199339643852,"Kincaid CDP, Valley district, Fayette County, West Virginia",104,89,42,47,0,47,15,15,0
ACSSF,2013e5,wv,000,0036,0000415,070,54,019,07000US540199339655468,"Montgomery city (part), Valley district, Fayette County, West Virginia",405,164,94,70,14,56,241,221,20
ACSSF,2013e5,wv,000,0036,0000416,070,54,019,07000US540199339656212,"Mount Carbon CDP, Valley district, Fayette County, West Virginia",123,90,76,14,0,14,33,33,0
ACSSF,2013e5,wv,000,0036,0000417,070,54,019,07000US540199339656404,"Mount Hope city (part), Valley district, Fayette County, West Virginia",16,16,16,0,0,0,0,0,0
ACSSF,2013e5,wv,000,0036,0000418,070,54,019,07000US540199339660028,"Oak Hill city (part), Valley district, Fayette County, West Virginia",5,0,0,0,0,0,5,5,0
ACSSF,2013e5,wv,000,0036,0000419,070,54,019,07000US540199339661660,"Page CDP, Valley district, Fayette County, West Virginia",73,44,44,0,0,0,29,14,15
ACSSF,2013e5,wv,000,0036,0000420,070,54,019,07000US540199339662356,"Pax town, Valley district, Fayette County, West Virginia",95,43,35,8,0,8,52,52,0
ACSSF,2013e5,wv,000,0036,0000421,070,54,019,07000US540199339665284,"Powellton CDP, Valley district, Fayette County, West Virginia",182,122,76,46,15,31,60,60,0
ACSSF,2013e5,wv,000,0036,0000422,070,54,019,07000US540199339672292,"Scarbro CDP, Valley district, Fayette County, West Virginia",172,110,76,34,0,34,62,53,9
ACSSF,2013e5,wv,000,0036,0000423,070,54,019,07000US540199339674740,"Smithers city (part), Valley district, Fayette County, West Virginia",377,206,73,133,36,97,171,160,11
ACSSF,2013e5,wv,000,0036,0000424,070,54,019,07000US540199339699999,"Remainder of Valley district, Valley district, Fayette County, West Virginia",2160,1558,1109,449,214,235,602,551,51
ACSSF,2013e5,wv,000,0036,0000425,070,54,021,07000US540219040899999,"Center district, Center district, Gilmer County, West Virginia",571,421,404,17,0,17,150,131,19
ACSSF,2013e5,wv,000,0036,0000426,070,54,021,07000US540219053432044,"Glenville town, City district, Gilmer County, West Virginia",565,256,151,105,16,89,309,193,116
ACSSF,2013e5,wv,000,0036,0000427,070,54,021,07000US540219053499999,"Remainder of City district, City district, Gilmer County, West Virginia",96,58,38,20,0,20,38,38,0
ACSSF,2013e5,wv,000,0036,0000428,070,54,021,07000US540219075899999,"De Kalb-Troy district, De Kalb-Troy district, Gilmer County, West Virginia",752,462,370,92,63,29,290,251,39
ACSSF,2013e5,wv,000,0036,0000429,070,54,021,07000US540219123671620,"Sand Fork town, Glenville district, Gilmer County, West Virginia",69,55,29,26,12,14,14,14,0
ACSSF,2013e5,wv,000,0036,0000430,070,54,021,07000US540219123699999,"Remainder of Glenville district, Glenville district, Gilmer County, West Virginia",537,363,312,51,15,36,174,139,35
ACSSF,2013e5,wv,000,0036,0000431,070,54,023,07000US540239129662956,"Petersburg city (part), Grant district, Grant County, West Virginia",0,0,0,0,0,0,0,0,0
ACSSF,2013e5,wv,000,0036,0000432,070,54,023,07000US540239129699999,"Remainder of Grant district, Grant district, Grant County, West Virginia",1586,1131,1002,129,48,81,455,385,70
ACSSF,2013e5,wv,000,0036,0000433,070,54,023,07000US540239220862956,"Petersburg city (part), Milroy district, Grant County, West Virginia",1070,617,446,171,60,111,453,373,80
ACSSF,2013e5,wv,000,0036,0000434,070,54,023,07000US540239220899999,"Remainder of Milroy district, Milroy district, Grant County, West Virginia",610,392,314,78,33,45,218,197,21
ACSSF,2013e5,wv,000,0036,0000435,070,54,023,07000US540239321604924,"Bayard town, Union district, Grant County, West Virginia",147,106,94,12,2,10,41,36,5
ACSSF,2013e5,wv,000,0036,0000436,070,54,023,07000US540239321699999,"Remainder of Union district, Union district, Grant County, West Virginia",1036,776,644,132,31,101,260,198,62
ACSSF,2013e5,wv,000,0036,0000437,070,54,025,07000US540259044926428,"Fairlea CDP, Central district, Greenbrier County, West Virginia",727,438,240,198,37,161,289,231,58
ACSSF,2013e5,wv,000,0036,0000438,070,54,025,07000US540259044946636,"Lewisburg city, Central district, Greenbrier County, West Virginia",1932,985,842,143,53,90,947,820,127
ACSSF,2013e5,wv,000,0036,0000439,070,54,025,07000US540259044970156,"Ronceverte city (part), Central district, Greenbrier County, West Virginia",378,225,149,76,24,52,153,137,16
ACSSF,2013e5,wv,000,0036,0000440,070,54,025,07000US540259044999999,"Remainder of Central district, Central district, Greenbrier County, West Virginia",2666,1880,1487,393,67,326,786,640,146
ACSSF,2013e5,wv,000,0036,0000441,070,54,025,07000US540259097200772,"Alderson town (part), Eastern district, Greenbrier County, West Virginia",457,256,184,72,27,45,201,173,28
ACSSF,2013e5,wv,000,0036,0000442,070,54,025,07000US540259097226692,"Falling Spring town, Eastern district, Greenbrier County, West Virginia",108,53,43,10,4,6,55,52,3
ACSSF,2013e5,wv,000,0036,0000443,070,54,025,07000US540259097270156,"Ronceverte city (part), Eastern district, Greenbrier County, West Virginia",456,199,143,56,8,48,257,219,38
ACSSF,2013e5,wv,000,0036,0000444,070,54,025,07000US540259097286812,"White Sulphur Springs city, Eastern district, Greenbrier County, West Virginia",1178,710,394,316,85,231,468,408,60
ACSSF,2013e5,wv,000,0036,0000445,070,54,025,07000US540259097299999,"Remainder of Eastern district, Eastern district, Greenbrier County, West Virginia",2939,1904,1316,588,130,458,1035,894,141
ACSSF,2013e5,wv,000,0036,0000446,070,54,025,07000US540259360166412,"Quinwood town, Western district, Greenbrier County, West Virginia",151,92,45,47,42,5,59,55,4
ACSSF,2013e5,wv,000,0036,0000447,070,54,025,07000US540259360166652,"Rainelle town, Western district, Greenbrier County, West Virginia",646,405,267,138,39,99,241,207,34
ACSSF,2013e5,wv,000,0036,0000448,070,54,025,07000US540259360170828,"Rupert town, Western district, Greenbrier County, West Virginia",496,319,206,113,41,72,177,137,40
ACSSF,2013e5,wv,000,0036,0000449,070,54,025,07000US540259360199999,"Remainder of Western district, Western district, Greenbrier County, West Virginia",3275,2539,2071,468,200,268,736,676,60
ACSSF,2013e5,wv,000,0036,0000450,070,54,027,07000US540279020413108,"Capon Bridge town (part), Bloomery district, Hampshire County, West Virginia",64,22,16,6,0,6,42,37,5
ACSSF,2013e5,wv,000,0036,0000451,070,54,027,07000US540279020499999,"Remainder of Bloomery district, Bloomery district, Hampshire County, West Virginia",1392,672,600,72,58,14,720,688,32
ACSSF,2013e5,wv,000,0036,0000452,070,54,027,07000US540279036013108,"Capon Bridge town (part), Capon district, Hampshire County, West Virginia",154,76,36,40,0,40,78,65,13
ACSSF,2013e5,wv,000,0036,0000453,070,54,027,07000US540279036099999,"Remainder of Capon district, Capon district, Hampshire County, West Virginia",1234,406,327,79,11,68,828,789,39
ACSSF,2013e5,wv,000,0036,0000454,070,54,027,07000US540279124899999,"Gore district, Gore district, Hampshire County, West Virginia",2047,898,694,204,73,131,1149,1120,29
ACSSF,2013e5,wv,000,0036,0000455,070,54,027,07000US540279218499999,"Mill Creek district, Mill Creek district, Hampshire County, West Virginia",503,219,194,25,0,25,284,265,19
ACSSF,2013e5,wv,000,0036,0000456,070,54,027,07000US540279267670084,"Romney city, Romney district, Hampshire County, West Virginia",888,328,223,105,27,78,560,537,23
ACSSF,2013e5,wv,000,0036,0000457,070,54,027,07000US540279267699999,"Remainder of Romney district, Romney district, Hampshire County, West Virginia",754,414,293,121,43,78,340,309,31
ACSSF,2013e5,wv,000,0036,0000458,070,54,027,07000US540279282099999,"Sherman district, Sherman district, Hampshire County, West Virginia",2149,906,644,262,23,239,1243,1171,72
ACSSF,2013e5,wv,000,0036,0000459,070,54,027,07000US540279298833436,"Green Spring CDP, Springfield district, Hampshire County, West Virginia",148,20,20,0,0,0,128,121,7
ACSSF,2013e5,wv,000,0036,0000460,070,54,027,07000US540279298876084,"Springfield CDP, Springfield district, Hampshire County, West Virginia",229,142,128,14,0,14,87,87,0
ACSSF,2013e5,wv,000,0036,0000461,070,54,027,07000US540279298899999,"Remainder of Springfield district, Springfield district, Hampshire County, West Virginia",1008,554,373,181,33,148,454,447,7
ACSSF,2013e5,wv,000,0036,0000462,070,54,029,07000US540299031285156,"Weirton city (part), Butler district, Hancock County, West Virginia",4332,2734,2052,682,201,481,1598,1444,154
ACSSF,2013e5,wv,000,0036,0000463,070,54,029,07000US540299054058372,"New Cumberland city, Clay district, Hancock County, West Virginia",519,315,175,140,63,77,204,176,28
ACSSF,2013e5,wv,000,0036,0000464,070,54,029,07000US540299054085156,"Weirton city (part), Clay district, Hancock County, West Virginia",2475,1442,840,602,121,481,1033,903,130
ACSSF,2013e5,wv,000,0036,0000465,070,54,029,07000US540299054099999,"Remainder of Clay district, Clay district, Hancock County, West Virginia",1257,933,734,199,78,121,324,268,56
ACSSF,2013e5,wv,000,0036,0000466,070,54,029,07000US540299130815076,"Chester city, Grant district, Hancock County, West Virginia",1129,701,532,169,43,126,428,407,21
ACSSF,2013e5,wv,000,0036,0000467,070,54,029,07000US540299130858420,"Newell CDP, Grant district, Hancock County, West Virginia",449,286,189,97,69,28,163,108,55
ACSSF,2013e5,wv,000,0036,0000468,070,54,029,07000US540299130899999,"Remainder of Grant district, Grant district, Hancock County, West Virginia",2729,2131,1750,381,102,279,598,555,43
ACSSF,2013e5,wv,000,0036,0000469,070,54,031,07000US540319037284580,"Wardensville town, Capon district, Hardy County, West Virginia",133,58,54,4,0,4,75,56,19
ACSSF,2013e5,wv,000,0036,0000470,070,54,031,07000US540319037299999,"Remainder of Capon district, Capon district, Hardy County, West Virginia",1080,663,547,116,32,84,417,372,45
ACSSF,2013e5,wv,000,0036,0000471,070,54,031,07000US540319196899999,"Lost River district, Lost River district, Hardy County, West Virginia",903,530,422,108,79,29,373,335,38
ACSSF,2013e5,wv,000,0036,0000472,070,54,031,07000US540319223255588,"Moorefield town (part), Moorefield district, Hardy County, West Virginia",610,368,237,131,17,114,242,242,0
ACSSF,2013e5,wv,000,0036,0000473,070,54,031,07000US540319223299999,"Remainder of Moorefield district, Moorefield district, Hardy County, West Virginia",188,97,97,0,0,0,91,78,13
ACSSF,2013e5,wv,000,0036,0000474,070,54,031,07000US540319238255588,"Moorefield town (part), Old Fields district, Hardy County, West Virginia",399,138,91,47,17,30,261,254,7
ACSSF,2013e5,wv,000,0036,0000475,070,54,031,07000US540319238299999,"Remainder of Old Fields district, Old Fields district, Hardy County, West Virginia",727,487,368,119,31,88,240,240,0
ACSSF,2013e5,wv,000,0036,0000476,070,54,031,07000US540319292855588,"Moorefield town (part), South Fork district, Hardy County, West Virginia",0,0,0,0,0,0,0,0,0
ACSSF,2013e5,wv,000,0036,0000477,070,54,031,07000US540319292899999,"Remainder of South Fork district, South Fork district, Hardy County, West Virginia",980,753,568,185,114,71,227,190,37
ACSSF,2013e5,wv,000,0036,0000478,070,54,033,07000US540339097501900,"Anmoore town (part), Eastern district, Harrison County, West Virginia",44,37,16,21,0,21,7,2,5
ACSSF,2013e5,wv,000,0036,0000479,070,54,033,07000US540339097510180,"Bridgeport city (part), Eastern district, Harrison County, West Virginia",3106,2222,1787,435,151,284,884,849,35
ACSSF,2013e5,wv,000,0036,0000480,070,54,033,07000US540339097515628,"Clarksburg city (part), Eastern district, Harrison County, West Virginia",20,8,8,0,0,0,12,12,0
ACSSF,2013e5,wv,000,0036,0000481,070,54,033,07000US540339097521316,"Despard CDP (part), Eastern district, Harrison County, West Virginia",344,232,183,49,0,49,112,112,0
ACSSF,2013e5,wv,000,0036,0000482,070,54,033,07000US540339097536628,"Hepzibah CDP, Eastern district, Harrison County, West Virginia",169,134,123,11,0,11,35,35,0
ACSSF,2013e5,wv,000,0036,0000483,070,54,033,07000US540339097575796,"Spelter CDP, Eastern district, Harrison County, West Virginia",166,122,78,44,19,25,44,44,0
ACSSF,2013e5,wv,000,0036,0000484,070,54,033,07000US540339097599999,"Remainder of Eastern district, Eastern district, Harrison County, West Virginia",1234,865,487,378,66,312,369,335,34
ACSSF,2013e5,wv,000,0036,0000485,070,54,033,07000US540339235210180,"Bridgeport city (part), Northern district, Harrison County, West Virginia",0,0,0,0,0,0,0,0,0
ACSSF,2013e5,wv,000,0036,0000486,070,54,033,07000US540339235225516,"Enterprise CDP, Northern district, Harrison County, West Virginia",331,264,184,80,15,65,67,39,28
ACSSF,2013e5,wv,000,0036,0000487,070,54,033,07000US540339235234180,"Gypsy CDP, Northern district, Harrison County, West Virginia",140,43,23,20,15,5,97,82,15
ACSSF,2013e5,wv,000,0036,0000488,070,54,033,07000US540339235249252,"Lumberport town (part), Northern district, Harrison County, West Virginia",439,322,246,76,13,63,117,117,0
ACSSF,2013e5,wv,000,0036,0000489,070,54,033,07000US540339235273636,"Shinnston city, Northern district, Harrison County, West Virginia",1096,794,491,303,77,226,302,294,8
ACSSF,2013e5,wv,000,0036,0000490,070,54,033,07000US540339235299999,"Remainder of Northern district, Northern district, Harrison County, West Virginia",2411,1714,1409,305,71,234,697,599,98
ACSSF,2013e5,wv,000,0036,0000491,070,54,033,07000US540339236815628,"Clarksburg city (part), North Urban district, Harrison County, West Virginia",3095,1626,1101,525,133,392,1469,1263,206
ACSSF,2013e5,wv,000,0036,0000492,070,54,033,07000US540339236821316,"Despard CDP (part), North Urban district, Harrison County, West Virginia",65,53,34,19,19,0,12,12,0
ACSSF,2013e5,wv,000,0036,0000493,070,54,033,07000US540339236849252,"Lumberport town (part), North Urban district, Harrison County, West Virginia",64,57,26,31,15,16,7,3,4
ACSSF,2013e5,wv,000,0036,0000494,070,54,033,07000US540339236899999,"Remainder of North Urban district, North Urban district, Harrison County, West Virginia",1190,854,672,182,57,125,336,270,66
ACSSF,2013e5,wv,000,0036,0000495,070,54,033,07000US540339292301900,"Anmoore town (part), Southern district, Harrison County, West Virginia",291,206,117,89,7,82,85,62,23
ACSSF,2013e5,wv,000,0036,0000496,070,54,033,07000US540339292310180,"Bridgeport city (part), Southern district, Harrison County, West Virginia",181,177,154,23,0,23,4,4,0
ACSSF,2013e5,wv,000,0036,0000497,070,54,033,07000US540339292315628,"Clarksburg city (part), Southern district, Harrison County, West Virginia",232,191,153,38,0,38,41,41,0
ACSSF,2013e5,wv,000,0036,0000498,070,54,033,07000US540339292348748,"Lost Creek town, Southern district, Harrison County, West Virginia",161,135,92,43,9,34,26,21,5
ACSSF,2013e5,wv,000,0036,0000499,070,54,033,07000US540339292359836,"Nutter Fort town (part), Southern district, Harrison County, West Virginia",674,393,292,101,13,88,281,260,21
ACSSF,2013e5,wv,000,0036,0000500,070,54,033,07000US540339292377188,"Stonewood city, Southern district, Harrison County, West Virginia",849,520,452,68,0,68,329,303,26
ACSSF,2013e5,wv,000,0036,0000501,070,54,033,07000US540339292399999,"Remainder of Southern district, Southern district, Harrison County, West Virginia",2657,1860,1521,339,113,226,797,688,109
ACSSF,2013e5,wv,000,0036,0000502,070,54,033,07000US540339293215628,"Clarksburg city (part), South Urban district, Harrison County, West Virginia",3278,1988,1424,564,129,435,1290,1159,131
ACSSF,2013e5,wv,000,0036,0000503,070,54,033,07000US540339293259836,"Nutter Fort town (part), South Urban district, Harrison County, West Virginia",0,0,0,0,0,0,0,0,0
ACSSF,2013e5,wv,000,0036,0000504,070,54,033,07000US540339293299999,"Remainder of South Urban district, South Urban district, Harrison County, West Virginia",1229,732,533,199,0,199,497,384,113
ACSSF,2013e5,wv,000,0036,0000505,070,54,033,07000US540339295271380,"Salem city, Southwest district, Harrison County, West Virginia",641,411,262,149,31,118,230,183,47
ACSSF,2013e5,wv,000,0036,0000506,070,54,033,07000US540339295285924,"West Milford town, Southwest district, Harrison County, West Virginia",337,242,185,57,7,50,95,88,7
ACSSF,2013e5,wv,000,0036,0000507,070,54,033,07000US540339295288276,"Wolf Summit CDP, Southwest district, Harrison County, West Virginia",45,36,27,9,9,0,9,9,0
ACSSF,2013e5,wv,000,0036,0000508,070,54,033,07000US540339295299999,"Remainder of Southwest district, Southwest district, Harrison County, West Virginia",3110,2282,1883,399,73,326,828,760,68
ACSSF,2013e5,wv,000,0036,0000509,070,54,035,07000US540359097668596,"Ripley city (part), Eastern district, Jackson County, West Virginia",1375,725,493,232,40,192,650,559,91
ACSSF,2013e5,wv,000,0036,0000510,070,54,035,07000US540359097699999,"Remainder of Eastern district, Eastern district, Jackson County, West Virginia",2629,1980,1557,423,78,345,649,548,101
ACSSF,2013e5,wv,000,0036,0000511,070,54,035,07000US540359235367108,"Ravenswood city, Northern district, Jackson County, West Virginia",1656,880,631,249,65,184,776,665,111
ACSSF,2013e5,wv,000,0036,0000512,070,54,035,07000US540359235399999,"Remainder of Northern district, Northern district, Jackson County, West Virginia",1793,1335,1106,229,53,176,458,380,78
ACSSF,2013e5,wv,000,0036,0000513,070,54,035,07000US540359360568596,"Ripley city (part), Western district, Jackson County, West Virginia",69,54,7,47,47,0,15,15,0
ACSSF,2013e5,wv,000,0036,0000514,070,54,035,07000US540359360599999,"Remainder of Western district, Western district, Jackson County, West Virginia",3937,2836,2338,498,123,375,1101,961,140
ACSSF,2013e5,wv,000,0036,0000515,070,54,037,07000US540379050414610,"Charles Town city (part), Charles Town district, Jefferson County, West Virginia",1163,654,514,140,40,100,509,479,30
ACSSF,2013e5,wv,000,0036,0000516,070,54,037,07000US540379050466988,"Ranson corporation (part), Charles Town district, Jefferson County, West Virginia",1484,963,598,365,90,275,521,391,130
ACSSF,2013e5,wv,000,0036,0000517,070,54,037,07000US540379050473444,"Shenandoah Junction CDP (part), Charles Town district, Jefferson County, West Virginia",101,101,84,17,0,17,0,0,0
ACSSF,2013e5,wv,000,0036,0000518,070,54,037,07000US540379050499999,"Remainder of Charles Town district, Charles Town district, Jefferson County, West Virginia",1533,1117,873,244,67,177,416,323,93
ACSSF,2013e5,wv,000,0036,0000519,070,54,037,07000US540379154808932,"Bolivar town, Harpers Ferry district, Jefferson County, West Virginia",500,284,207,77,33,44,216,194,22
ACSSF,2013e5,wv,000,0036,0000520,070,54,037,07000US540379154814610,"Charles Town city (part), Harpers Ferry district, Jefferson County, West Virginia",19,19,19,0,0,0,0,0,0
ACSSF,2013e5,wv,000,0036,0000521,070,54,037,07000US540379154835284,"Harpers Ferry town, Harpers Ferry district, Jefferson County, West Virginia",124,62,61,1,0,1,62,55,7
ACSSF,2013e5,wv,000,0036,0000522,070,54,037,07000US540379154873252,"Shannondale CDP, Harpers Ferry district, Jefferson County, West Virginia",1191,790,647,143,42,101,401,309,92
ACSSF,2013e5,wv,000,0036,0000523,070,54,037,07000US540379154899999,"Remainder of Harpers Ferry district, Harpers Ferry district, Jefferson County, West Virginia",2465,1686,1456,230,100,130,779,585,194
ACSSF,2013e5,wv,000,0036,0000524,070,54,037,07000US540379174014610,"Charles Town city (part), Kabletown district, Jefferson County, West Virginia",799,710,622,88,9,79,89,82,7
ACSSF,2013e5,wv,000,0036,0000525,070,54,037,07000US540379174099999,"Remainder of Kabletown district, Kabletown district, Jefferson County, West Virginia",3011,2318,2070,248,44,204,693,500,193
ACSSF,2013e5,wv,000,0036,0000526,070,54,037,07000US540379216053692,"Middleway CDP, Middleway district, Jefferson County, West Virginia",163,138,98,40,12,28,25,25,0
ACSSF,2013e5,wv,000,0036,0000527,070,54,037,07000US540379216066988,"Ranson corporation (part), Middleway district, Jefferson County, West Virginia",233,192,42,150,47,103,41,41,0
ACSSF,2013e5,wv,000,0036,0000528,070,54,037,07000US540379216073444,"Shenandoah Junction CDP (part), Middleway district, Jefferson County, West Virginia",55,55,19,36,0,36,0,0,0
ACSSF,2013e5,wv,000,0036,0000529,070,54,037,07000US540379216099999,"Remainder of Middleway district, Middleway district, Jefferson County, West Virginia",3665,2652,1965,687,200,487,1013,784,229
ACSSF,2013e5,wv,000,0036,0000530,070,54,037,07000US540379276073444,"Shenandoah Junction CDP (part), Shepherdstown district, Jefferson County, West Virginia",0,0,0,0,0,0,0,0,0
ACSSF,2013e5,wv,000,0036,0000531,070,54,037,07000US540379276073468,"Shepherdstown town, Shepherdstown district, Jefferson County, West Virginia",393,192,122,70,13,57,201,101,100
ACSSF,2013e5,wv,000,0036,0000532,070,54,037,07000US540379276099999,"Remainder of Shepherdstown district, Shepherdstown district, Jefferson County, West Virginia",2990,2101,1765,336,146,190,889,638,251
ACSSF,2013e5,wv,000,0036,0000533,070,54,039,07000US540399076805836,"Belle town, District 1, Kanawha County, West Virginia",582,386,236,150,40,110,196,177,19
ACSSF,2013e5,wv,000,0036,0000534,070,54,039,07000US540399076813924,"Cedar Grove town, District 1, Kanawha County, West Virginia",383,279,196,83,26,57,104,85,19
ACSSF,2013e5,wv,000,0036,0000535,070,54,039,07000US540399076814600,"Charleston city (part), District 1, Kanawha County, West Virginia",8014,3287,2263,1024,279,745,4727,4337,390
ACSSF,2013e5,wv,000,0036,0000536,070,54,039,07000US540399076814812,"Chelyan CDP, District 1, Kanawha County, West Virginia",445,150,81,69,31,38,295,240,55
ACSSF,2013e5,wv,000,0036,0000537,070,54,039,07000US540399076815028,"Chesapeake town, District 1, Kanawha County, West Virginia",659,381,219,162,37,125,278,240,38
ACSSF,2013e5,wv,000,0036,0000538,070,54,039,07000US540399076816612,"Coal Fork CDP (part), District 1, Kanawha County, West Virginia",496,263,242,21,0,21,233,167,66
ACSSF,2013e5,wv,000,0036,0000539,070,54,039,07000US540399076823092,"East Bank town, District 1, Kanawha County, West Virginia",410,309,231,78,30,48,101,101,0
ACSSF,2013e5,wv,000,0036,0000540,070,54,039,07000US540399076831324,"Glasgow town, District 1, Kanawha County, West Virginia",259,220,152,68,29,39,39,39,0
ACSSF,2013e5,wv,000,0036,0000541,070,54,039,07000US540399076834756,"Handley town, District 1, Kanawha County, West Virginia",138,85,59,26,17,9,53,46,7
ACSSF,2013e5,wv,000,0036,0000542,070,54,039,07000US540399076851724,"Marmet city, District 1, Kanawha County, West Virginia",619,405,282,123,23,100,214,192,22
ACSSF,2013e5,wv,000,0036,0000543,070,54,039,07000US540399076855468,"Montgomery city (part), District 1, Kanawha County, West Virginia",276,174,113,61,8,53,102,83,19
ACSSF,2013e5,wv,000,0036,0000544,070,54,039,07000US540399076865356,"Pratt town, District 1, Kanawha County, West Virginia",203,152,109,43,4,39,51,38,13
ACSSF,2013e5,wv,000,0036,0000545,070,54,039,07000US540399076866892,"Rand CDP, District 1, Kanawha County, West Virginia",515,308,153,155,44,111,207,178,29
ACSSF,2013e5,wv,000,0036,0000546,070,54,039,07000US540399076873876,"Shrewsbury CDP, District 1, Kanawha County, West Virginia",243,221,160,61,0,61,22,12,10
ACSSF,2013e5,wv,000,0036,0000547,070,54,039,07000US540399076874740,"Smithers city (part), District 1, Kanawha County, West Virginia",0,0,0,0,0,0,0,0,0
ACSSF,2013e5,wv,000,0036,0000548,070,54,039,07000US540399076899999,"District Remainder of 1, District 1, Kanawha County, West Virginia",5404,3809,2821,988,190,798,1595,1282,313
ACSSF,2013e5,wv,000,0036,0000549,070,54,039,07000US540399080401396,"Alum Creek CDP (part), District 2, Kanawha County, West Virginia",227,80,66,14,0,14,147,127,20
ACSSF,2013e5,wv,000,0036,0000550,070,54,039,07000US540399080414600,"Charleston city (part), District 2, Kanawha County, West Virginia",8635,5521,4146,1375,297,1078,3114,2768,346
ACSSF,2013e5,wv,000,0036,0000551,070,54,039,07000US540399080422564,"Dunbar city (part), District 2, Kanawha County, West Virginia",3530,2031,1103,928,252,676,1499,1233,266
ACSSF,2013e5,wv,000,0036,0000552,070,54,039,07000US540399080441010,"Jefferson CDP (part), District 2, Kanawha County, West Virginia",238,135,96,39,17,22,103,90,13
ACSSF,2013e5,wv,000,0036,0000553,070,54,039,07000US540399080459068,"Nitro city (part), District 2, Kanawha County, West Virginia",0,0,0,0,0,0,0,0,0
ACSSF,2013e5,wv,000,0036,0000554,070,54,039,07000US540399080471212,"St. Albans city (part), District 2, Kanawha County, West Virginia",42,14,14,0,0,0,28,28,0
ACSSF,2013e5,wv,000,0036,0000555,070,54,039,07000US540399080475292,"South Charleston city, District 2, Kanawha County, West Virginia",6436,3781,2617,1164,193,971,2655,2457,198
ACSSF,2013e5,wv,000,0036,0000556,070,54,039,07000US540399080499999,"District Remainder of 2, District 2, Kanawha County, West Virginia",3633,2470,1856,614,183,431,1163,898,265
ACSSF,2013e5,wv,000,0036,0000557,070,54,039,07000US540399084019108,"Cross Lanes CDP, District 3, Kanawha County, West Virginia",4035,2619,1856,763,165,598,1416,1122,294
ACSSF,2013e5,wv,000,0036,0000558,070,54,039,07000US540399084022564,"Dunbar city (part), District 3, Kanawha County, West Virginia",5,5,5,0,0,0,0,0,0
ACSSF,2013e5,wv,000,0036,0000559,070,54,039,07000US540399084041010,"Jefferson CDP (part), District 3, Kanawha County, West Virginia",0,0,0,0,0,0,0,0,0
ACSSF,2013e5,wv,000,0036,0000560,070,54,039,07000US540399084059068,"Nitro city (part), District 3, Kanawha County, West Virginia",2644,1640,1177,463,173,290,1004,795,209
ACSSF,2013e5,wv,000,0036,0000561,070,54,039,07000US540399084071212,"St. Albans city (part), District 3, Kanawha County, West Virginia",4883,3015,2328,687,242,445,1868,1675,193
ACSSF,2013e5,wv,000,0036,0000562,070,54,039,07000US540399084074356,"Sissonville CDP (part), District 3, Kanawha County, West Virginia",320,240,204,36,0,36,80,80,0
ACSSF,2013e5,wv,000,0036,0000563,070,54,039,07000US540399084080764,"Tornado CDP, District 3, Kanawha County, West Virginia",533,458,432,26,5,21,75,75,0
ACSSF,2013e5,wv,000,0036,0000564,070,54,039,07000US540399084099999,"District Remainder of 3, District 3, Kanawha County, West Virginia",8288,5343,4088,1255,365,890,2945,2457,488
ACSSF,2013e5,wv,000,0036,0000565,070,54,039,07000US540399087607204,"Big Chimney CDP, District 4, Kanawha County, West Virginia",216,94,94,0,0,0,122,122,0
ACSSF,2013e5,wv,000,0036,0000566,070,54,039,07000US540399087614600,"Charleston city (part), District 4, Kanawha County, West Virginia",6665,3248,1940,1308,362,946,3417,2840,577
ACSSF,2013e5,wv,000,0036,0000567,070,54,039,07000US540399087616012,"Clendenin town, District 4, Kanawha County, West Virginia",400,304,224,80,16,64,96,87,9
ACSSF,2013e5,wv,000,0036,0000568,070,54,039,07000US540399087616612,"Coal Fork CDP (part), District 4, Kanawha County, West Virginia",4,0,0,0,0,0,4,4,0
ACSSF,2013e5,wv,000,0036,0000569,070,54,039,07000US540399087624748,"Elkview CDP, District 4, Kanawha County, West Virginia",482,347,278,69,0,69,135,104,31
ACSSF,2013e5,wv,000,0036,0000570,070,54,039,07000US540399087663772,"Pinch CDP, District 4, Kanawha County, West Virginia",1201,877,677,200,54,146,324,257,67
ACSSF,2013e5,wv,000,0036,0000571,070,54,039,07000US540399087674356,"Sissonville CDP (part), District 4, Kanawha County, West Virginia",1916,1348,1057,291,39,252,568,524,44
ACSSF,2013e5,wv,000,0036,0000572,070,54,039,07000US540399087699999,"District Remainder of 4, District 4, Kanawha County, West Virginia",9777,6848,5362,1486,543,943,2929,2519,410
ACSSF,2013e5,wv,000,0036,0000573,070,54,041,07000US540419067685972,"Weston city (part), Courthouse-Collins Settlement district, Lewis County, West Virginia",719,466,248,218,58,160,253,225,28
ACSSF,2013e5,wv,000,0036,0000574,070,54,041,07000US540419067699999,"Remainder of Courthouse-Collins Settlement district, Courthouse-Collins Settlement district, Lewis County, West Virginia",1205,756,649,107,44,63,449,376,73
ACSSF,2013e5,wv,000,0036,0000575,070,54,041,07000US540419117685972,"Weston city (part), Freemans Creek district, Lewis County, West Virginia",583,368,260,108,52,56,215,179,36
ACSSF,2013e5,wv,000,0036,0000576,070,54,041,07000US540419117699999,"Remainder of Freemans Creek district, Freemans Creek district, Lewis County, West Virginia",1542,1114,940,174,46,128,428,330,98
ACSSF,2013e5,wv,000,0036,0000577,070,54,041,07000US540419148040828,"Jane Lew town, Hackers Creek-Skin Creek district, Lewis County, West Virginia",250,119,87,32,4,28,131,128,3
ACSSF,2013e5,wv,000,0036,0000578,070,54,041,07000US540419148085972,"Weston city (part), Hackers Creek-Skin Creek district, Lewis County, West Virginia",242,183,134,49,0,49,59,52,7
ACSSF,2013e5,wv,000,0036,0000579,070,54,041,07000US540419148099999,"Remainder of Hackers Creek-Skin Creek district, Hackers Creek-Skin Creek district, Lewis County, West Virginia",1910,1336,1022,314,119,195,574,517,57
ACSSF,2013e5,wv,000,0036,0000580,070,54,043,07000US540439077001396,"Alum Creek CDP (part), District 1, Lincoln County, West Virginia",516,449,278,171,63,108,67,67,0
ACSSF,2013e5,wv,000,0036,0000581,070,54,043,07000US540439077099999,"District Remainder of 1, District 1, Lincoln County, West Virginia",2300,1782,1445,337,27,310,518,471,47
ACSSF,2013e5,wv,000,0036,0000582,070,54,043,07000US540439080635596,"Harts CDP, District 2, Lincoln County, West Virginia",265,180,103,77,0,77,85,85,0
ACSSF,2013e5,wv,000,0036,0000583,070,54,043,07000US540439080699999,"District Remainder of 2, District 2, Lincoln County, West Virginia",2445,1627,1306,321,135,186,818,749,69
ACSSF,2013e5,wv,000,0036,0000584,070,54,043,07000US540439084234516,"Hamlin town, District 3, Lincoln County, West Virginia",558,384,253,131,37,94,174,166,8
ACSSF,2013e5,wv,000,0036,0000585,070,54,043,07000US540439084285804,"West Hamlin town, District 3, Lincoln County, West Virginia",434,243,151,92,31,61,191,191,0
ACSSF,2013e5,wv,000,0036,0000586,070,54,043,07000US540439084299999,"District Remainder of 3, District 3, Lincoln County, West Virginia",1898,1447,1018,429,172,257,451,396,55
ACSSF,2013e5,wv,000,0036,0000587,070,54,045,07000US540459045336484,"Henlawson CDP, Central district, Logan County, West Virginia",69,69,48,21,0,21,0,0,0
ACSSF,2013e5,wv,000,0036,0000588,070,54,045,07000US540459045348148,"Logan city, Central district, Logan County, West Virginia",907,520,328,192,40,152,387,319,68
ACSSF,2013e5,wv,000,0036,0000589,070,54,045,07000US540459045349732,"McConnell CDP, Central district, Logan County, West Virginia",241,206,183,23,14,9,35,35,0
ACSSF,2013e5,wv,000,0036,0000590,070,54,045,07000US540459045354892,"Mitchell Heights town, Central district, Logan County, West Virginia",194,132,118,14,2,12,62,60,2
ACSSF,2013e5,wv,000,0036,0000591,070,54,045,07000US540459045356342,"Mount Gay-Shamrock CDP (part), Central district, Logan County, West Virginia",601,427,296,131,48,83,174,110,64
ACSSF,2013e5,wv,000,0036,0000592,070,54,045,07000US540459045357916,"Neibert CDP, Central district, Logan County, West Virginia",62,62,47,15,0,15,0,0,0
ACSSF,2013e5,wv,000,0036,0000593,070,54,045,07000US540459045376996,"Stollings CDP, Central district, Logan County, West Virginia",198,160,111,49,0,49,38,38,0
ACSSF,2013e5,wv,000,0036,0000594,070,54,045,07000US540459045383332,"Verdunville CDP (part), Central district, Logan County, West Virginia",55,42,21,21,0,21,13,0,13
ACSSF,2013e5,wv,000,0036,0000595,070,54,045,07000US540459045385900,"West Logan town, Central district, Logan County, West Virginia",247,145,90,55,5,50,102,98,4
ACSSF,2013e5,wv,000,0036,0000596,070,54,045,07000US540459045399999,"Remainder of Central district, Central district, Logan County, West Virginia",1934,1399,970,429,231,198,535,500,35
ACSSF,2013e5,wv,000,0036,0000597,070,54,045,07000US540459097900196,"Accoville CDP, Eastern district, Logan County, West Virginia",143,109,101,8,8,0,34,34,0
ACSSF,2013e5,wv,000,0036,0000598,070,54,045,07000US540459097901660,"Amherstdale CDP, Eastern district, Logan County, West Virginia",121,51,39,12,0,12,70,57,13
ACSSF,2013e5,wv,000,0036,0000599,070,54,045,07000US540459097907228,"Big Creek CDP, Eastern district, Logan County, West Virginia",107,107,94,13,0,13,0,0,0
ACSSF,2013e5,wv,000,0036,0000600,070,54,045,07000US540459097910876,"Bruno CDP, Eastern district, Logan County, West Virginia",187,174,150,24,0,24,13,13,0
ACSSF,2013e5,wv,000,0036,0000601,070,54,045,07000US540459097914524,"Chapmanville town (part), Eastern district, Logan County, West Virginia",596,387,291,96,16,80,209,190,19
ACSSF,2013e5,wv,000,0036,0000602,070,54,045,07000US540459097944188,"Kistler CDP, Eastern district, Logan County, West Virginia",214,137,68,69,0,69,77,61,16
ACSSF,2013e5,wv,000,0036,0000603,070,54,045,07000US540459097950860,"Mallory CDP, Eastern district, Logan County, West Virginia",586,389,277,112,54,58,197,188,9
ACSSF,2013e5,wv,000,0036,0000604,070,54,045,07000US540459097950932,"Man town (part), Eastern district, Logan County, West Virginia",631,413,299,114,11,103,218,193,25
ACSSF,2013e5,wv,000,0036,0000605,070,54,045,07000US540459097969100,"Robinette CDP, Eastern district, Logan County, West Virginia",156,124,85,39,5,34,32,32,0
ACSSF,2013e5,wv,000,0036,0000606,070,54,045,07000US540459097999999,"Remainder of Eastern district, Eastern district, Logan County, West Virginia",2969,2163,1689,474,135,339,806,628,178
ACSSF,2013e5,wv,000,0036,0000607,070,54,045,07000US540459360814524,"Chapmanville town (part), Western district, Logan County, West Virginia",14,14,14,0,0,0,0,0,0
ACSSF,2013e5,wv,000,0036,0000608,070,54,045,07000US540459360814716,"Chauncey CDP, Western district, Logan County, West Virginia",41,41,41,0,0,0,0,0,0
ACSSF,2013e5,wv,000,0036,0000609,070,54,045,07000US540459360837948,"Holden CDP, Western district, Logan County, West Virginia",258,202,165,37,9,28,56,56,0
ACSSF,2013e5,wv,000,0036,0000610,070,54,045,07000US540459360850932,"Man town (part), Western district, Logan County, West Virginia",103,59,59,0,0,0,44,22,22
ACSSF,2013e5,wv,000,0036,0000611,070,54,045,07000US540459360855132,"Monaville CDP, Western district, Logan County, West Virginia",75,21,21,0,0,0,54,54,0
ACSSF,2013e5,wv,000,0036,0000612,070,54,045,07000US540459360856342,"Mount Gay-Shamrock CDP (part), Western district, Logan County, West Virginia",0,0,0,0,0,0,0,0,0
ACSSF,2013e5,wv,000,0036,0000613,070,54,045,07000US540459360860628,"Omar CDP, Western district, Logan County, West Virginia",288,231,147,84,13,71,57,57,0
ACSSF,2013e5,wv,000,0036,0000614,070,54,045,07000US540459360870468,"Rossmore CDP, Western district, Logan County, West Virginia",163,122,84,38,21,17,41,0,41
ACSSF,2013e5,wv,000,0036,0000615,070,54,045,07000US540459360872004,"Sarah Ann CDP, Western district, Logan County, West Virginia",118,84,27,57,24,33,34,24,10
ACSSF,2013e5,wv,000,0036,0000616,070,54,045,07000US540459360878796,"Switzer CDP, Western district, Logan County, West Virginia",240,160,140,20,20,0,80,80,0
ACSSF,2013e5,wv,000,0036,0000617,070,54,045,07000US540459360883332,"Verdunville CDP (part), Western district, Logan County, West Virginia",203,92,62,30,0,30,111,44,67
ACSSF,2013e5,wv,000,0036,0000618,070,54,045,07000US540459360899999,"Remainder of Western district, Western district, Logan County, West Virginia",2978,2150,1506,644,200,444,828,696,132
ACSSF,2013e5,wv,000,0036,0000619,070,54,047,07000US540479016804732,"Bartley CDP, Big Creek district, McDowell County, West Virginia",96,79,32,47,23,24,17,17,0
ACSSF,2013e5,wv,000,0036,0000620,070,54,047,07000US540479016806748,"Berwind CDP, Big Creek district, McDowell County, West Virginia",120,85,77,8,0,8,35,21,14
ACSSF,2013e5,wv,000,0036,0000621,070,54,047,07000US540479016819492,"Cucumber CDP, Big Creek district, McDowell County, West Virginia",7,7,7,0,0,0,0,0,0
ACSSF,2013e5,wv,000,0036,0000622,070,54,047,07000US540479016867228,"Raysal CDP (part), Big Creek district, McDowell County, West Virginia",21,21,21,0,0,0,0,0,0
ACSSF,2013e5,wv,000,0036,0000623,070,54,047,07000US540479016884484,"War city, Big Creek district, McDowell County, West Virginia",306,214,161,53,28,25,92,83,9
ACSSF,2013e5,wv,000,0036,0000624,070,54,047,07000US540479016899999,"Remainder of Big Creek district, Big Creek district, McDowell County, West Virginia",1699,1118,802,316,112,204,581,473,108
ACSSF,2013e5,wv,000,0036,0000625,070,54,047,07000US540479024007516,"Big Sandy CDP, Browns Creek district, McDowell County, West Virginia",61,34,34,0,0,0,27,27,0
ACSSF,2013e5,wv,000,0036,0000626,070,54,047,07000US540479024020500,"Davy town, Browns Creek district, McDowell County, West Virginia",105,76,57,19,2,17,29,24,5
ACSSF,2013e5,wv,000,0036,0000627,070,54,047,07000US540479024043780,"Kimball town, Browns Creek district, McDowell County, West Virginia",109,92,54,38,2,36,17,13,4
ACSSF,2013e5,wv,000,0036,0000628,070,54,047,07000US540479024069844,"Roderfield CDP (part), Browns Creek district, McDowell County, West Virginia",0,0,0,0,0,0,0,0,0
ACSSF,2013e5,wv,000,0036,0000629,070,54,047,07000US540479024083764,"Vivian CDP, Browns Creek district, McDowell County, West Virginia",16,16,16,0,0,0,0,0,0
ACSSF,2013e5,wv,000,0036,0000630,070,54,047,07000US540479024085228,"Welch city (part), Browns Creek district, McDowell County, West Virginia",902,494,341,153,38,115,408,380,28
ACSSF,2013e5,wv,000,0036,0000631,070,54,047,07000US540479024099999,"Remainder of Browns Creek district, Browns Creek district, McDowell County, West Virginia",888,590,432,158,72,86,298,260,38
ACSSF,2013e5,wv,000,0036,0000632,070,54,047,07000US540479234501780,"Anawalt town, North Elkin district, McDowell County, West Virginia",95,65,40,25,9,16,30,28,2
ACSSF,2013e5,wv,000,0036,0000633,070,54,047,07000US540479234519324,"Crumpler CDP, North Elkin district, McDowell County, West Virginia",95,86,64,22,12,10,9,9,0
ACSSF,2013e5,wv,000,0036,0000634,070,54,047,07000US540479234530196,"Gary city, North Elkin district, McDowell County, West Virginia",321,206,126,80,6,74,115,101,14
ACSSF,2013e5,wv,000,0036,0000635,070,54,047,07000US540479234543516,"Keystone city, North Elkin district, McDowell County, West Virginia",102,77,42,35,3,32,25,25,0
ACSSF,2013e5,wv,000,0036,0000636,070,54,047,07000US540479234552588,"Maybeury CDP, North Elkin district, McDowell County, West Virginia",86,32,19,13,7,6,54,46,8
ACSSF,2013e5,wv,000,0036,0000637,070,54,047,07000US540479234559428,"Northfork town, North Elkin district, McDowell County, West Virginia",212,89,54,35,1,34,123,101,22
ACSSF,2013e5,wv,000,0036,0000638,070,54,047,07000US540479234561684,"Pageton CDP, North Elkin district, McDowell County, West Virginia",44,5,0,5,0,5,39,39,0
ACSSF,2013e5,wv,000,0036,0000639,070,54,047,07000US540479234585228,"Welch city (part), North Elkin district, McDowell County, West Virginia",0,0,0,0,0,0,0,0,0
ACSSF,2013e5,wv,000,0036,0000640,070,54,047,07000US540479234599999,"Remainder of North Elkin district, North Elkin district, McDowell County, West Virginia",747,546,426,120,24,96,201,151,50
ACSSF,2013e5,wv,000,0036,0000641,070,54,047,07000US540479271209700,"Bradshaw town, Sandy River district, McDowell County, West Virginia",121,72,66,6,6,0,49,49,0
ACSSF,2013e5,wv,000,0036,0000642,070,54,047,07000US540479271239652,"Iaeger town, Sandy River district, McDowell County, West Virginia",119,84,76,8,4,4,35,33,2
ACSSF,2013e5,wv,000,0036,0000643,070,54,047,07000US540479271267228,"Raysal CDP (part), Sandy River district, McDowell County, West Virginia",104,74,45,29,0,29,30,30,0
ACSSF,2013e5,wv,000,0036,0000644,070,54,047,07000US540479271269844,"Roderfield CDP (part), Sandy River district, McDowell County, West Virginia",53,10,10,0,0,0,43,43,0
ACSSF,2013e5,wv,000,0036,0000645,070,54,047,07000US540479271299999,"Remainder of Sandy River district, Sandy River district, McDowell County, West Virginia",1800,1222,881,341,80,261,578,501,77
ACSSF,2013e5,wv,000,0036,0000646,070,54,049,07000US540499215404612,"Barrackville town, Middletown district, Marion County, West Virginia",530,339,288,51,17,34,191,180,11
ACSSF,2013e5,wv,000,0036,0000647,070,54,049,07000US540499215426452,"Fairmont city (part), Middletown district, Marion County, West Virginia",5354,2835,1884,951,225,726,2519,1951,568
ACSSF,2013e5,wv,000,0036,0000648,070,54,049,07000US540499215464228,"Pleasant Valley city (part), Middletown district, Marion County, West Virginia",0,0,0,0,0,0,0,0,0
ACSSF,2013e5,wv,000,0036,0000649,070,54,049,07000US540499215499999,"Remainder of Middletown district, Middletown district, Marion County, West Virginia",1120,732,624,108,22,86,388,303,85
ACSSF,2013e5,wv,000,0036,0000650,070,54,049,07000US540499241826452,"Fairmont city (part), Palatine district, Marion County, West Virginia",2336,1510,988,522,212,310,826,738,88
ACSSF,2013e5,wv,000,0036,0000651,070,54,049,07000US540499241864228,"Pleasant Valley city (part), Palatine district, Marion County, West Virginia",1410,865,612,253,41,212,545,485,60
ACSSF,2013e5,wv,000,0036,0000652,070,54,049,07000US540499241886620,"White Hall town, Palatine district, Marion County, West Virginia",292,166,131,35,3,32,126,109,17
ACSSF,2013e5,wv,000,0036,0000653,070,54,049,07000US540499241888708,"Worthington town (part), Palatine district, Marion County, West Virginia",0,0,0,0,0,0,0,0,0
ACSSF,2013e5,wv,000,0036,0000654,070,54,049,07000US540499241899999,"Remainder of Palatine district, Palatine district, Marion County, West Virginia",4976,3640,2862,778,100,678,1336,1156,180
ACSSF,2013e5,wv,000,0036,0000655,070,54,049,07000US540499359413468,"Carolina CDP, West Augusta district, Marion County, West Virginia",136,125,125,0,0,0,11,11,0
ACSSF,2013e5,wv,000,0036,0000656,070,54,049,07000US540499359426524,"Fairview town, West Augusta district, Marion County, West Virginia",174,122,89,33,19,14,52,40,12
ACSSF,2013e5,wv,000,0036,0000657,070,54,049,07000US540499359426932,"Farmington town, West Augusta district, Marion County, West Virginia",188,132,97,35,18,17,56,46,10
ACSSF,2013e5,wv,000,0036,0000658,070,54,049,07000US540499359432908,"Grant Town town, West Augusta district, Marion County, West Virginia",231,152,121,31,4,27,79,74,5
ACSSF,2013e5,wv,000,0036,0000659,070,54,049,07000US540499359439676,"Idamay CDP, West Augusta district, Marion County, West Virginia",95,62,49,13,0,13,33,33,0
ACSSF,2013e5,wv,000,0036,0000660,070,54,049,07000US540499359451100,"Mannington city, West Augusta district, Marion County, West Virginia",747,493,358,135,53,82,254,221,33
ACSSF,2013e5,wv,000,0036,0000661,070,54,049,07000US540499359455276,"Monongah town, West Augusta district, Marion County, West Virginia",570,394,265,129,41,88,176,165,11
ACSSF,2013e5,wv,000,0036,0000662,070,54,049,07000US540499359466460,"Rachel CDP, West Augusta district, Marion County, West Virginia",94,85,85,0,0,0,9,9,0
ACSSF,2013e5,wv,000,0036,0000663,070,54,049,07000US540499359468908,"Rivesville town, West Augusta district, Marion County, West Virginia",464,310,232,78,28,50,154,127,27
ACSSF,2013e5,wv,000,0036,0000664,070,54,049,07000US540499359488708,"Worthington town (part), West Augusta district, Marion County, West Virginia",97,81,71,10,2,8,16,16,0
ACSSF,2013e5,wv,000,0036,0000665,070,54,049,07000US540499359499999,"Remainder of West Augusta district, West Augusta district, Marion County, West Virginia",3779,2699,2113,586,222,364,1080,868,212
ACSSF,2013e5,wv,000,0036,0000666,070,54,051,07000US540519078006340,"Benwood city, District 1, Marshall County, West Virginia",630,330,192,138,29,109,300,272,28
ACSSF,2013e5,wv,000,0036,0000667,070,54,051,07000US540519078050260,"McMechen city, District 1, Marshall County, West Virginia",758,428,296,132,47,85,330,312,18
ACSSF,2013e5,wv,000,0036,0000668,070,54,051,07000US540519078086452,"Wheeling city (part), District 1, Marshall County, West Virginia",130,102,74,28,7,21,28,28,0
ACSSF,2013e5,wv,000,0036,0000669,070,54,051,07000US540519078099999,"District Remainder of 1, District 1, Marshall County, West Virginia",2917,2264,1940,324,71,253,653,569,84
ACSSF,2013e5,wv,000,0036,0000670,070,54,051,07000US540519081656020,"Moundsville city, District 2, Marshall County, West Virginia",4355,2454,1716,738,237,501,1901,1660,241
ACSSF,2013e5,wv,000,0036,0000671,070,54,051,07000US540519081699999,"District Remainder of 2, District 2, Marshall County, West Virginia",335,289,289,0,0,0,46,46,0
ACSSF,2013e5,wv,000,0036,0000672,070,54,051,07000US540519085212484,"Cameron city, District 3, Marshall County, West Virginia",416,259,217,42,7,35,157,135,22
ACSSF,2013e5,wv,000,0036,0000673,070,54,051,07000US540519085231492,"Glen Dale city, District 3, Marshall County, West Virginia",699,477,347,130,39,91,222,194,28
ACSSF,2013e5,wv,000,0036,0000674,070,54,051,07000US540519085299999,"District Remainder of 3, District 3, Marshall County, West Virginia",3802,2792,2309,483,182,301,1010,842,168
ACSSF,2013e5,wv,000,0036,0000675,070,54,053,07000US540539004899999,"Arbuckle district, Arbuckle district, Mason County, West Virginia",458,418,305,113,70,43,40,29,11
ACSSF,2013e5,wv,000,0036,0000676,070,54,053,07000US540539061202188,"Apple Grove CDP (part), Clendenin district, Mason County, West Virginia",22,22,22,0,0,0,0,0,0
ACSSF,2013e5,wv,000,0036,0000677,070,54,053,07000US540539061229716,"Gallipolis Ferry CDP, Clendenin district, Mason County, West Virginia",427,334,248,86,33,53,93,79,14
ACSSF,2013e5,wv,000,0036,0000678,070,54,053,07000US540539061236436,"Henderson town, Clendenin district, Mason County, West Virginia",81,40,26,14,3,11,41,36,5
ACSSF,2013e5,wv,000,0036,0000679,070,54,053,07000US540539061299999,"Remainder of Clendenin district, Clendenin district, Mason County, West Virginia",915,651,570,81,30,51,264,197,67
ACSSF,2013e5,wv,000,0036,0000680,070,54,053,07000US540539064846300,"Leon town, Cologne district, Mason County, West Virginia",47,28,25,3,0,3,19,15,4
ACSSF,2013e5,wv,000,0036,0000681,070,54,053,07000US540539064899999,"Remainder of Cologne district, Cologne district, Mason County, West Virginia",568,394,230,164,52,112,174,174,0
ACSSF,2013e5,wv,000,0036,0000682,070,54,053,07000US540539066099999,"Cooper district, Cooper district, Mason County, West Virginia",755,553,443,110,42,68,202,150,52
ACSSF,2013e5,wv,000,0036,0000683,070,54,053,07000US540539126035500,"Hartford City town (part), Graham district, Mason County, West Virginia",118,95,82,13,0,13,23,23,0
ACSSF,2013e5,wv,000,0036,0000684,070,54,053,07000US540539126058564,"New Haven town, Graham district, Mason County, West Virginia",680,430,309,121,31,90,250,244,6
ACSSF,2013e5,wv,000,0036,0000685,070,54,053,07000US540539126099999,"Remainder of Graham district, Graham district, Mason County, West Virginia",334,250,188,62,23,39,84,73,11
ACSSF,2013e5,wv,000,0036,0000686,070,54,053,07000US540539151202188,"Apple Grove CDP (part), Hannan district, Mason County, West Virginia",16,16,16,0,0,0,0,0,0
ACSSF,2013e5,wv,000,0036,0000687,070,54,053,07000US540539151299999,"Remainder of Hannan district, Hannan district, Mason County, West Virginia",932,618,491,127,0,127,314,299,15
ACSSF,2013e5,wv,000,0036,0000688,070,54,053,07000US540539186064708,"Point Pleasant city (part), Lewis district, Mason County, West Virginia",1818,1119,789,330,75,255,699,622,77
ACSSF,2013e5,wv,000,0036,0000689,070,54,053,07000US540539186099999,"Remainder of Lewis district, Lewis district, Mason County, West Virginia",633,456,345,111,0,111,177,177,0
ACSSF,2013e5,wv,000,0036,0000690,070,54,053,07000US540539265264708,"Point Pleasant city (part), Robinson district, Mason County, West Virginia",92,66,66,0,0,0,26,26,0
ACSSF,2013e5,wv,000,0036,0000691,070,54,053,07000US540539265299999,"Remainder of Robinson district, Robinson district, Mason County, West Virginia",1027,648,468,180,0,180,379,273,106
ACSSF,2013e5,wv,000,0036,0000692,070,54,053,07000US540539326499999,"Union district, Union district, Mason County, West Virginia",588,477,436,41,0,41,111,103,8
ACSSF,2013e5,wv,000,0036,0000693,070,54,053,07000US540539343235500,"Hartford City town (part), Waggener district, Mason County, West Virginia",138,93,52,41,11,30,45,39,6
ACSSF,2013e5,wv,000,0036,0000694,070,54,053,07000US540539343252180,"Mason town, Waggener district, Mason County, West Virginia",458,275,158,117,21,96,183,168,15
ACSSF,2013e5,wv,000,0036,0000695,070,54,053,07000US540539343299999,"Remainder of Waggener district, Waggener district, Mason County, West Virginia",502,312,253,59,0,59,190,136,54
ACSSF,2013e5,wv,000,0036,0000696,070,54,055,07000US540559090008524,"Bluefield city (part), District I, Mercer County, West Virginia",4673,2822,2053,769,129,640,1851,1708,143
ACSSF,2013e5,wv,000,0036,0000697,070,54,055,07000US540559090008764,"Bluewell CDP, District I, Mercer County, West Virginia",1022,671,530,141,32,109,351,265,86
ACSSF,2013e5,wv,000,0036,0000698,070,54,055,07000US540559090009796,"Bramwell town, District I, Mercer County, West Virginia",176,150,103,47,18,29,26,23,3
ACSSF,2013e5,wv,000,0036,0000699,070,54,055,07000US540559090010948,"Brush Fork CDP, District I, Mercer County, West Virginia",426,249,148,101,25,76,177,121,56
ACSSF,2013e5,wv,000,0036,0000700,070,54,055,07000US540559090099999,"District Remainder of I, District I, Mercer County, West Virginia",1704,1185,1033,152,52,100,519,432,87
ACSSF,2013e5,wv,000,0036,0000701,070,54,055,07000US540559091265692,"Princeton city (part), District II, Mercer County, West Virginia",2756,1563,1058,505,135,370,1193,1003,190
ACSSF,2013e5,wv,000,0036,0000702,070,54,055,07000US540559091299999,"District Remainder of II, District II, Mercer County, West Virginia",7089,4525,3372,1153,281,872,2564,2441,123
ACSSF,2013e5,wv,000,0036,0000703,070,54,055,07000US540559092403292,"Athens town, District III, Mercer County, West Virginia",277,133,117,16,7,9,144,80,64
ACSSF,2013e5,wv,000,0036,0000704,070,54,055,07000US540559092408524,"Bluefield city (part), District III, Mercer County, West Virginia",0,0,0,0,0,0,0,0,0
ACSSF,2013e5,wv,000,0036,0000705,070,54,055,07000US540559092445292,"Lashmeet CDP, District III, Mercer County, West Virginia",138,120,94,26,0,26,18,18,0
ACSSF,2013e5,wv,000,0036,0000706,070,54,055,07000US540559092452420,"Matoaka town, District III, Mercer County, West Virginia",111,57,33,24,14,10,54,51,3
ACSSF,2013e5,wv,000,0036,0000707,070,54,055,07000US540559092455372,"Montcalm CDP, District III, Mercer County, West Virginia",245,136,131,5,0,5,109,109,0
ACSSF,2013e5,wv,000,0036,0000708,070,54,055,07000US540559092460196,"Oakvale town, District III, Mercer County, West Virginia",50,29,26,3,0,3,21,15,6
ACSSF,2013e5,wv,000,0036,0000709,070,54,055,07000US540559092465692,"Princeton city (part), District III, Mercer County, West Virginia",0,0,0,0,0,0,0,0,0
ACSSF,2013e5,wv,000,0036,0000710,070,54,055,07000US540559092499999,"District Remainder of III, District III, Mercer County, West Virginia",6974,5000,4100,900,278,622,1974,1653,321
ACSSF,2013e5,wv,000,0036,0000711,070,54,057,07000US540579078411620,"Burlington CDP, District 1, Mineral County, West Virginia",34,34,34,0,0,0,0,0,0
ACSSF,2013e5,wv,000,0036,0000712,070,54,057,07000US540579078424484,"Elk Garden town, District 1, Mineral County, West Virginia",109,42,32,10,3,7,67,65,2
ACSSF,2013e5,wv,000,0036,0000713,070,54,057,07000US540579078428444,"Fort Ashby CDP (part), District 1, Mineral County, West Virginia",496,282,216,66,0,66,214,198,16
ACSSF,2013e5,wv,000,0036,0000714,070,54,057,07000US540579078463604,"Piedmont town, District 1, Mineral County, West Virginia",324,180,95,85,24,61,144,139,5
ACSSF,2013e5,wv,000,0036,0000715,070,54,057,07000US540579078499999,"District Remainder of 1, District 1, Mineral County, West Virginia",2856,1590,1374,216,82,134,1266,1165,101
ACSSF,2013e5,wv,000,0036,0000716,070,54,057,07000US540579082043492,"Keyser city, District 2, Mineral County, West Virginia",2279,1079,634,445,28,417,1200,1200,0
ACSSF,2013e5,wv,000,0036,0000717,070,54,057,07000US540579082099999,"District Remainder of 2, District 2, Mineral County, West Virginia",1441,882,648,234,51,183,559,543,16
ACSSF,2013e5,wv,000,0036,0000718,070,54,057,07000US540579085613525,"Carpendale town, District 3, Mineral County, West Virginia",358,206,186,20,4,16,152,131,21
ACSSF,2013e5,wv,000,0036,0000719,070,54,057,07000US540579085628444,"Fort Ashby CDP (part), District 3, Mineral County, West Virginia",206,94,94,0,0,0,112,97,15
ACSSF,2013e5,wv,000,0036,0000720,070,54,057,07000US540579085668260,"Ridgeley town, District 3, Mineral County, West Virginia",324,135,75,60,6,54,189,181,8
ACSSF,2013e5,wv,000,0036,0000721,070,54,057,07000US540579085687316,"Wiley Ford CDP, District 3, Mineral County, West Virginia",376,163,97,66,30,36,213,200,13
ACSSF,2013e5,wv,000,0036,0000722,070,54,057,07000US540579085699999,"District Remainder of 3, District 3, Mineral County, West Virginia",2377,1564,1316,248,24,224,813,756,57
ACSSF,2013e5,wv,000,0036,0000723,070,54,059,07000US540599014167396,"Red Jacket CDP (part), Beech Ben Mate district, Mingo County, West Virginia",242,141,62,79,38,41,101,52,49
ACSSF,2013e5,wv,000,0036,0000724,070,54,059,07000US540599014199999,"Remainder of Beech Ben Mate district, Beech Ben Mate district, Mingo County, West Virginia",1225,794,623,171,25,146,431,366,65
ACSSF,2013e5,wv,000,0036,0000725,070,54,059,07000US540599177043300,"Kermit town, Kermit Harvey district, Mingo County, West Virginia",157,136,75,61,2,59,21,18,3
ACSSF,2013e5,wv,000,0036,0000726,070,54,059,07000US540599177099999,"Remainder of Kermit Harvey district, Kermit Harvey district, Mingo County, West Virginia",1420,1014,731,283,142,141,406,391,15
ACSSF,2013e5,wv,000,0036,0000727,070,54,059,07000US540599184820980,"Delbarton town, Lee district, Mingo County, West Virginia",374,278,193,85,54,31,96,96,0
ACSSF,2013e5,wv,000,0036,0000728,070,54,059,07000US540599184899999,"Remainder of Lee district, Lee district, Mingo County, West Virginia",1135,859,687,172,52,120,276,231,45
ACSSF,2013e5,wv,000,0036,0000729,070,54,059,07000US540599206452324,"Matewan town, Magnolia district, Mingo County, West Virginia",326,127,85,42,13,29,199,178,21
ACSSF,2013e5,wv,000,0036,0000730,070,54,059,07000US540599206467396,"Red Jacket CDP (part), Magnolia district, Mingo County, West Virginia",11,0,0,0,0,0,11,11,0
ACSSF,2013e5,wv,000,0036,0000731,070,54,059,07000US540599206499999,"Remainder of Magnolia district, Magnolia district, Mingo County, West Virginia",803,574,464,110,5,105,229,207,22
ACSSF,2013e5,wv,000,0036,0000732,070,54,059,07000US540599301230772,"Gilbert town, Stafford district, Mingo County, West Virginia",224,166,115,51,4,47,58,47,11
ACSSF,2013e5,wv,000,0036,0000733,070,54,059,07000US540599301230777,"Gilbert Creek CDP, Stafford district, Mingo County, West Virginia",518,391,354,37,0,37,127,127,0
ACSSF,2013e5,wv,000,0036,0000734,070,54,059,07000US540599301242292,"Justice CDP, Stafford district, Mingo County, West Virginia",126,62,62,0,0,0,64,64,0
ACSSF,2013e5,wv,000,0036,0000735,070,54,059,07000US540599301299999,"Remainder of Stafford district, Stafford district, Mingo County, West Virginia",776,596,432,164,45,119,180,180,0
ACSSF,2013e5,wv,000,0036,0000736,070,54,059,07000US540599316214692,"Chattaroy CDP (part), Tug Hardee district, Mingo County, West Virginia",167,110,96,14,0,14,57,57,0
ACSSF,2013e5,wv,000,0036,0000737,070,54,059,07000US540599316299999,"Remainder of Tug Hardee district, Tug Hardee district, Mingo County, West Virginia",1525,1165,942,223,113,110,360,285,75
ACSSF,2013e5,wv,000,0036,0000738,070,54,059,07000US540599369614692,"Chattaroy CDP (part), Williamson district, Mingo County, West Virginia",115,103,74,29,0,29,12,12,0
ACSSF,2013e5,wv,000,0036,0000739,070,54,059,07000US540599369687508,"Williamson city, Williamson district, Mingo County, West Virginia",1374,863,471,392,42,350,511,472,39
ACSSF,2013e5,wv,000,0036,0000740,070,54,059,07000US540599369699999,"Remainder of Williamson district, Williamson district, Mingo County, West Virginia",309,213,161,52,30,22,96,96,0
ACSSF,2013e5,wv,000,0036,0000741,070,54,061,07000US540619045655756,"Morgantown city (part), Central district, Monongalia County, West Virginia",9153,3338,2462,876,248,628,5815,4246,1569
ACSSF,2013e5,wv,000,0036,0000742,070,54,061,07000US540619045676516,"Star City town (part), Central district, Monongalia County, West Virginia",832,371,239,132,45,87,461,367,94
ACSSF,2013e5,wv,000,0036,0000743,070,54,061,07000US540619045699999,"Remainder of Central district, Central district, Monongalia County, West Virginia",135,87,3,84,25,59,48,40,8
ACSSF,2013e5,wv,000,0036,0000744,070,54,061,07000US540619098310420,"Brookhaven CDP (part), Eastern district, Monongalia County, West Virginia",1978,1221,939,282,89,193,757,516,241
ACSSF,2013e5,wv,000,0036,0000745,070,54,061,07000US540619098314775,"Cheat Lake CDP, Eastern district, Monongalia County, West Virginia",3156,2287,2050,237,93,144,869,707,162
ACSSF,2013e5,wv,000,0036,0000746,070,54,061,07000US540619098355756,"Morgantown city (part), Eastern district, Monongalia County, West Virginia",598,245,192,53,0,53,353,259,94
ACSSF,2013e5,wv,000,0036,0000747,070,54,061,07000US540619098399999,"Remainder of Eastern district, Eastern district, Monongalia County, West Virginia",10125,4400,3353,1047,300,747,5725,4150,1575
ACSSF,2013e5,wv,000,0036,0000748,070,54,061,07000US540619361208092,"Blacksville town, Western district, Monongalia County, West Virginia",56,38,27,11,5,6,18,15,3
ACSSF,2013e5,wv,000,0036,0000749,070,54,061,07000US540619361210420,"Brookhaven CDP (part), Western district, Monongalia County, West Virginia",34,20,20,0,0,0,14,14,0
ACSSF,2013e5,wv,000,0036,0000750,070,54,061,07000US540619361213756,"Cassville CDP, Western district, Monongalia County, West Virginia",281,170,170,0,0,0,111,111,0
ACSSF,2013e5,wv,000,0036,0000751,070,54,061,07000US540619361232932,"Granville town, Western district, Monongalia County, West Virginia",522,276,142,134,53,81,246,218,28
ACSSF,2013e5,wv,000,0036,0000752,070,54,061,07000US540619361255756,"Morgantown city (part), Western district, Monongalia County, West Virginia",25,17,17,0,0,0,8,8,0
ACSSF,2013e5,wv,000,0036,0000753,070,54,061,07000US540619361262788,"Pentress CDP, Western district, Monongalia County, West Virginia",92,92,63,29,0,29,0,0,0
ACSSF,2013e5,wv,000,0036,0000754,070,54,061,07000US540619361276516,"Star City town (part), Western district, Monongalia County, West Virginia",0,0,0,0,0,0,0,0,0
ACSSF,2013e5,wv,000,0036,0000755,070,54,061,07000US540619361285996,"Westover city, Western district, Monongalia County, West Virginia",1641,1008,705,303,80,223,633,538,95
ACSSF,2013e5,wv,000,0036,0000756,070,54,061,07000US540619361299999,"Remainder of Western district, Western district, Monongalia County, West Virginia",7821,5577,4606,971,292,679,2244,1852,392
ACSSF,2013e5,wv,000,0036,0000757,070,54,063,07000US540639045781940,"Union town, Central district, Monroe County, West Virginia",291,174,102,72,22,50,117,100,17
ACSSF,2013e5,wv,000,0036,0000758,070,54,063,07000US540639045799999,"Remainder of Central district, Central district, Monroe County, West Virginia",1684,1271,1044,227,75,152,413,330,83
ACSSF,2013e5,wv,000,0036,0000759,070,54,063,07000US540639098400772,"Alderson town (part), Eastern district, Monroe County, West Virginia",60,43,25,18,5,13,17,17,0
ACSSF,2013e5,wv,000,0036,0000760,070,54,063,07000US540639098499999,"Remainder of Eastern district, Eastern district, Monroe County, West Virginia",1752,1225,913,312,77,235,527,474,53
ACSSF,2013e5,wv,000,0036,0000761,070,54,063,07000US540639361363052,"Peterstown town, Western district, Monroe County, West Virginia",266,157,131,26,11,15,109,101,8
ACSSF,2013e5,wv,000,0036,0000762,070,54,063,07000US540639361399999,"Remainder of Western district, Western district, Monroe County, West Virginia",1595,1160,927,233,12,221,435,337,98
ACSSF,2013e5,wv,000,0036,0000763,070,54,065,07000US540659078604876,"Bath (Berkeley Springs) town (part), District 1, Morgan County, West Virginia",18,7,3,4,4,0,11,11,0
ACSSF,2013e5,wv,000,0036,0000764,070,54,065,07000US540659078633100,"Great Cacapon CDP, District 1, Morgan County, West Virginia",136,115,80,35,0,35,21,14,7
ACSSF,2013e5,wv,000,0036,0000765,070,54,065,07000US540659078662332,"Paw Paw town, District 1, Morgan County, West Virginia",231,123,86,37,10,27,108,96,12
ACSSF,2013e5,wv,000,0036,0000766,070,54,065,07000US540659078699999,"District Remainder of 1, District 1, Morgan County, West Virginia",2001,907,765,142,18,124,1094,956,138
ACSSF,2013e5,wv,000,0036,0000767,070,54,065,07000US540659082204876,"Bath (Berkeley Springs) town (part), District 2, Morgan County, West Virginia",366,109,74,35,0,35,257,218,39
ACSSF,2013e5,wv,000,0036,0000768,070,54,065,07000US540659082299999,"District Remainder of 2, District 2, Morgan County, West Virginia",2332,1272,966,306,136,170,1060,972,88
ACSSF,2013e5,wv,000,0036,0000769,070,54,065,07000US540659085899999,"District 3, District 3, Morgan County, West Virginia",2259,1339,1140,199,87,112,920,897,23
ACSSF,2013e5,wv,000,0036,0000770,070,54,067,07000US540679013218604,"Craigsville CDP, Beaver district, Nicholas County, West Virginia",751,489,369,120,33,87,262,237,25
ACSSF,2013e5,wv,000,0036,0000771,070,54,067,07000US540679013227196,"Fenwick CDP, Beaver district, Nicholas County, West Virginia",33,29,29,0,0,0,4,0,4
ACSSF,2013e5,wv,000,0036,0000772,070,54,067,07000US540679013268116,"Richwood city, Beaver district, Nicholas County, West Virginia",1064,667,435,232,65,167,397,368,29
ACSSF,2013e5,wv,000,0036,0000773,070,54,067,07000US540679013280476,"Tioga CDP, Beaver district, Nicholas County, West Virginia",22,13,0,13,0,13,9,9,0
ACSSF,2013e5,wv,000,0036,0000774,070,54,067,07000US540679013299999,"Remainder of Beaver district, Beaver district, Nicholas County, West Virginia",1181,869,719,150,48,102,312,288,24
ACSSF,2013e5,wv,000,0036,0000775,070,54,067,07000US540679134499999,"Grant district, Grant district, Nicholas County, West Virginia",693,579,417,162,93,69,114,91,23
ACSSF,2013e5,wv,000,0036,0000776,070,54,067,07000US540679150007756,"Birch River CDP, Hamilton district, Nicholas County, West Virginia",61,61,40,21,0,21,0,0,0
ACSSF,2013e5,wv,000,0036,0000777,070,54,067,07000US540679150099999,"Remainder of Hamilton district, Hamilton district, Nicholas County, West Virginia",1035,890,801,89,79,10,145,110,35
ACSSF,2013e5,wv,000,0036,0000778,070,54,067,07000US540679171606052,"Belva CDP, Jefferson district, Nicholas County, West Virginia",39,39,28,11,0,11,0,0,0
ACSSF,2013e5,wv,000,0036,0000779,070,54,067,07000US540679171621628,"Dixie CDP (part), Jefferson district, Nicholas County, West Virginia",69,69,64,5,0,5,0,0,0
ACSSF,2013e5,wv,000,0036,0000780,070,54,067,07000US540679171699999,"Remainder of Jefferson district, Jefferson district, Nicholas County, West Virginia",436,302,201,101,55,46,134,125,9
ACSSF,2013e5,wv,000,0036,0000781,070,54,067,07000US540679175258180,"Nettie CDP, Kentucky district, Nicholas County, West Virginia",351,304,207,97,39,58,47,47,0
ACSSF,2013e5,wv,000,0036,0000782,070,54,067,07000US540679175299999,"Remainder of Kentucky district, Kentucky district, Nicholas County, West Virginia",1319,991,873,118,18,100,328,250,78
ACSSF,2013e5,wv,000,0036,0000783,070,54,067,07000US540679307277980,"Summersville city (part), Summersville district, Nicholas County, West Virginia",1646,1094,939,155,36,119,552,530,22
ACSSF,2013e5,wv,000,0036,0000784,070,54,067,07000US540679307299999,"Remainder of Summersville district, Summersville district, Nicholas County, West Virginia",701,521,384,137,39,98,180,138,42
ACSSF,2013e5,wv,000,0036,0000785,070,54,067,07000US540679366077980,"Summersville city (part), Wilderness district, Nicholas County, West Virginia",0,0,0,0,0,0,0,0,0
ACSSF,2013e5,wv,000,0036,0000786,070,54,067,07000US540679366099999,"Remainder of Wilderness district, Wilderness district, Nicholas County, West Virginia",1256,904,764,140,79,61,352,313,39
ACSSF,2013e5,wv,000,0036,0000787,070,54,069,07000US540699078815916,"Clearview village, District 1, Ohio County, West Virginia",209,166,150,16,4,12,43,39,4
ACSSF,2013e5,wv,000,0036,0000788,070,54,069,07000US540699078880932,"Triadelphia town, District 1, Ohio County, West Virginia",409,241,189,52,5,47,168,117,51
ACSSF,2013e5,wv,000,0036,0000789,070,54,069,07000US540699078882732,"Valley Grove village, District 1, Ohio County, West Virginia",204,148,132,16,4,12,56,42,14
ACSSF,2013e5,wv,000,0036,0000790,070,54,069,07000US540699078885876,"West Liberty town, District 1, Ohio County, West Virginia",251,71,45,26,6,20,180,110,70
ACSSF,2013e5,wv,000,0036,0000791,070,54,069,07000US540699078886452,"Wheeling city (part), District 1, Ohio County, West Virginia",1968,1281,1022,259,44,215,687,630,57
ACSSF,2013e5,wv,000,0036,0000792,070,54,069,07000US540699078899999,"District Remainder of 1, District 1, Ohio County, West Virginia",3265,2326,1936,390,132,258,939,853,86
ACSSF,2013e5,wv,000,0036,0000793,070,54,069,07000US540699082486452,"Wheeling city (part), District 2, Ohio County, West Virginia",5749,2794,1840,954,234,720,2955,2638,317
ACSSF,2013e5,wv,000,0036,0000794,070,54,069,07000US540699082499999,"District Remainder of 2, District 2, Ohio County, West Virginia",186,164,102,62,0,62,22,17,5
ACSSF,2013e5,wv,000,0036,0000795,070,54,069,07000US540699086206940,"Bethlehem village, District 3, Ohio County, West Virginia",994,703,580,123,46,77,291,273,18
ACSSF,2013e5,wv,000,0036,0000796,070,54,069,07000US540699086286452,"Wheeling city (part), District 3, Ohio County, West Virginia",4980,2658,1960,698,51,647,2322,2118,204
ACSSF,2013e5,wv,000,0036,0000797,070,54,069,07000US540699086299999,"District Remainder of 3, District 3, Ohio County, West Virginia",338,285,272,13,0,13,53,43,10
ACSSF,2013e5,wv,000,0036,0000798,070,54,071,07000US540719046229044,"Franklin town, Central district, Pendleton County, West Virginia",319,170,105,65,18,47,149,132,17
ACSSF,2013e5,wv,000,0036,0000799,070,54,071,07000US540719046299999,"Remainder of Central district, Central district, Pendleton County, West Virginia",678,474,389,85,14,71,204,140,64
ACSSF,2013e5,wv,000,0036,0000800,070,54,071,07000US540719098709868,"Brandywine CDP, Eastern district, Pendleton County, West Virginia",118,91,53,38,9,29,27,27,0
ACSSF,2013e5,wv,000,0036,0000801,070,54,071,07000US540719098799999,"Remainder of Eastern district, Eastern district, Pendleton County, West Virginia",1148,683,575,108,30,78,465,402,63
ACSSF,2013e5,wv,000,0036,0000802,070,54,071,07000US540719361599999,"Western district, Western district, Pendleton County, West Virginia",1011,673,615,58,30,28,338,313,25
ACSSF,2013e5,wv,000,0036,0000803,070,54,073,07000US540739089206004,"Belmont city, District A, Pleasants County, West Virginia",422,265,218,47,8,39,157,145,12
ACSSF,2013e5,wv,000,0036,0000804,070,54,073,07000US540739089299999,"District Remainder of A, District A, Pleasants County, West Virginia",331,211,166,45,38,7,120,71,49
ACSSF,2013e5,wv,000,0036,0000805,070,54,073,07000US540739089499999,"District B, District B, Pleasants County, West Virginia",594,460,420,40,23,17,134,123,11
ACSSF,2013e5,wv,000,0036,0000806,070,54,073,07000US540739089671356,"St. Marys city (part), District C, Pleasants County, West Virginia",674,431,369,62,0,62,243,233,10
ACSSF,2013e5,wv,000,0036,0000807,070,54,073,07000US540739089699999,"District Remainder of C, District C, Pleasants County, West Virginia",37,37,28,9,0,9,0,0,0
ACSSF,2013e5,wv,000,0036,0000808,070,54,073,07000US540739089871356,"St. Marys city (part), District D, Pleasants County, West Virginia",124,88,71,17,0,17,36,30,6
ACSSF,2013e5,wv,000,0036,0000809,070,54,073,07000US540739089899999,"District Remainder of D, District D, Pleasants County, West Virginia",565,465,391,74,23,51,100,78,22
ACSSF,2013e5,wv,000,0036,0000810,070,54,075,07000US540759099651676,"Marlinton town (part), Edray district, Pocahontas County, West Virginia",464,254,173,81,22,59,210,166,44
ACSSF,2013e5,wv,000,0036,0000811,070,54,075,07000US540759099699999,"Remainder of Edray district, Edray district, Pocahontas County, West Virginia",941,664,556,108,38,70,277,244,33
ACSSF,2013e5,wv,000,0036,0000812,070,54,075,07000US540759141604780,"Bartow CDP, Greenbank district, Pocahontas County, West Virginia",73,63,63,0,0,0,10,10,0
ACSSF,2013e5,wv,000,0036,0000813,070,54,075,07000US540759141613684,"Cass CDP, Greenbank district, Pocahontas County, West Virginia",4,4,4,0,0,0,0,0,0
ACSSF,2013e5,wv,000,0036,0000814,070,54,075,07000US540759141622852,"Durbin town, Greenbank district, Pocahontas County, West Virginia",122,77,61,16,2,14,45,35,10
ACSSF,2013e5,wv,000,0036,0000815,070,54,075,07000US540759141628948,"Frank CDP, Greenbank district, Pocahontas County, West Virginia",24,13,0,13,4,9,11,11,0
ACSSF,2013e5,wv,000,0036,0000816,070,54,075,07000US540759141633124,"Green Bank CDP, Greenbank district, Pocahontas County, West Virginia",42,42,42,0,0,0,0,0,0
ACSSF,2013e5,wv,000,0036,0000817,070,54,075,07000US540759141699999,"Remainder of Greenbank district, Greenbank district, Pocahontas County, West Virginia",735,469,432,37,24,13,266,238,28
ACSSF,2013e5,wv,000,0036,0000818,070,54,075,07000US540759165639412,"Huntersville CDP, Huntersville district, Pocahontas County, West Virginia",138,93,77,16,0,16,45,45,0
ACSSF,2013e5,wv,000,0036,0000819,070,54,075,07000US540759165651676,"Marlinton town (part), Huntersville district, Pocahontas County, West Virginia",11,8,8,0,0,0,3,3,0
ACSSF,2013e5,wv,000,0036,0000820,070,54,075,07000US540759165699999,"Remainder of Huntersville district, Huntersville district, Pocahontas County, West Virginia",403,266,234,32,18,14,137,120,17
ACSSF,2013e5,wv,000,0036,0000821,070,54,075,07000US540759194437372,"Hillsboro town, Little Levels district, Pocahontas County, West Virginia",132,80,49,31,10,21,52,48,4
ACSSF,2013e5,wv,000,0036,0000822,070,54,075,07000US540759194499999,"Remainder of Little Levels district, Little Levels district, Pocahontas County, West Virginia",605,385,348,37,20,17,220,180,40
ACSSF,2013e5,wv,000,0036,0000823,070,54,077,07000US540779109603460,"Aurora CDP, Fifth district, Preston County, West Virginia",96,72,72,0,0,0,24,24,0
ACSSF,2013e5,wv,000,0036,0000824,070,54,077,07000US540779109658300,"Newburg town (part), Fifth district, Preston County, West Virginia",75,53,41,12,3,9,22,16,6
ACSSF,2013e5,wv,000,0036,0000825,070,54,077,07000US540779109670588,"Rowlesburg town (part), Fifth district, Preston County, West Virginia",209,133,110,23,3,20,76,71,5
ACSSF,2013e5,wv,000,0036,0000826,070,54,077,07000US540779109681268,"Tunnelton town, Fifth district, Preston County, West Virginia",159,110,87,23,7,16,49,41,8
ACSSF,2013e5,wv,000,0036,0000827,070,54,077,07000US540779109699999,"Remainder of Fifth district, Fifth district, Preston County, West Virginia",1775,1344,1172,172,79,93,431,363,68
ACSSF,2013e5,wv,000,0036,0000828,070,54,077,07000US540779110010852,"Bruceton Mills town, First district, Preston County, West Virginia",29,23,19,4,0,4,6,6,0
ACSSF,2013e5,wv,000,0036,0000829,070,54,077,07000US540779110052228,"Masontown town, First district, Preston County, West Virginia",329,227,181,46,11,35,102,69,33
ACSSF,2013e5,wv,000,0036,0000830,070,54,077,07000US540779110067636,"Reedsville town, First district, Preston County, West Virginia",212,131,83,48,3,45,81,59,22
ACSSF,2013e5,wv,000,0036,0000831,070,54,077,07000US540779110099999,"Remainder of First district, First district, Preston County, West Virginia",2048,1491,1216,275,90,185,557,469,88
ACSSF,2013e5,wv,000,0036,0000832,070,54,077,07000US540779113400748,"Albright town, Fourth district, Preston County, West Virginia",104,76,65,11,7,4,28,23,5
ACSSF,2013e5,wv,000,0036,0000833,070,54,077,07000US540779113444044,"Kingwood city (part), Fourth district, Preston County, West Virginia",738,394,357,37,0,37,344,320,24
ACSSF,2013e5,wv,000,0036,0000834,070,54,077,07000US540779113470588,"Rowlesburg town (part), Fourth district, Preston County, West Virginia",78,72,59,13,8,5,6,6,0
ACSSF,2013e5,wv,000,0036,0000835,070,54,077,07000US540779113479708,"Terra Alta town (part), Fourth district, Preston County, West Virginia",476,340,238,102,30,72,136,119,17
ACSSF,2013e5,wv,000,0036,0000836,070,54,077,07000US540779113499999,"Remainder of Fourth district, Fourth district, Preston County, West Virginia",931,574,517,57,0,57,357,311,46
ACSSF,2013e5,wv,000,0036,0000837,070,54,077,07000US540779274209844,"Brandonville town, Second district, Preston County, West Virginia",73,67,59,8,1,7,6,6,0
ACSSF,2013e5,wv,000,0036,0000838,070,54,077,07000US540779274279708,"Terra Alta town (part), Second district, Preston County, West Virginia",212,156,72,84,45,39,56,50,6
ACSSF,2013e5,wv,000,0036,0000839,070,54,077,07000US540779274299999,"Remainder of Second district, Second district, Preston County, West Virginia",2427,1645,1478,167,95,72,782,606,176
ACSSF,2013e5,wv,000,0036,0000840,070,54,077,07000US540779310244044,"Kingwood city (part), Third district, Preston County, West Virginia",586,396,299,97,7,90,190,169,21
ACSSF,2013e5,wv,000,0036,0000841,070,54,077,07000US540779310258300,"Newburg town (part), Third district, Preston County, West Virginia",108,89,47,42,38,4,19,12,7
ACSSF,2013e5,wv,000,0036,0000842,070,54,077,07000US540779310299999,"Remainder of Third district, Third district, Preston County, West Virginia",2032,1438,1096,342,172,170,594,495,99
ACSSF,2013e5,wv,000,0036,0000843,070,54,079,07000US540799029211284,"Buffalo town, Buffalo-Union district, Putnam County, West Virginia",539,340,268,72,30,42,199,168,31
ACSSF,2013e5,wv,000,0036,0000844,070,54,079,07000US540799029224292,"Eleanor town, Buffalo-Union district, Putnam County, West Virginia",781,573,451,122,33,89,208,143,65
ACSSF,2013e5,wv,000,0036,0000845,070,54,079,07000US540799029238260,"Hometown CDP, Buffalo-Union district, Putnam County, West Virginia",180,148,94,54,0,54,32,32,0
ACSSF,2013e5,wv,000,0036,0000846,070,54,079,07000US540799029239532,"Hurricane city (part), Buffalo-Union district, Putnam County, West Virginia",40,40,33,7,7,0,0,0,0
ACSSF,2013e5,wv,000,0036,0000847,070,54,079,07000US540799029299999,"Remainder of Buffalo-Union district, Buffalo-Union district, Putnam County, West Virginia",2604,2138,1666,472,132,340,466,345,121
ACSSF,2013e5,wv,000,0036,0000848,070,54,079,07000US540799072019516,"Culloden CDP (part), Curry district, Putnam County, West Virginia",87,87,47,40,10,30,0,0,0
ACSSF,2013e5,wv,000,0036,0000849,070,54,079,07000US540799072039532,"Hurricane city (part), Curry district, Putnam County, West Virginia",1646,1214,873,341,98,243,432,404,28
ACSSF,2013e5,wv,000,0036,0000850,070,54,079,07000US540799072099999,"Remainder of Curry district, Curry district, Putnam County, West Virginia",1961,1377,1130,247,23,224,584,498,86
ACSSF,2013e5,wv,000,0036,0000851,070,54,079,07000US540799250804204,"Bancroft town, Pocatalico district, Putnam County, West Virginia",331,181,88,93,81,12,150,139,11
ACSSF,2013e5,wv,000,0036,0000852,070,54,079,07000US540799250859068,"Nitro city (part), Pocatalico district, Putnam County, West Virginia",430,273,181,92,27,65,157,105,52
ACSSF,2013e5,wv,000,0036,0000853,070,54,079,07000US540799250864516,"Poca town (part), Pocatalico district, Putnam County, West Virginia",503,402,340,62,11,51,101,83,18
ACSSF,2013e5,wv,000,0036,0000854,070,54,079,07000US540799250899999,"Remainder of Pocatalico district, Pocatalico district, Putnam County, West Virginia",2131,1392,1142,250,72,178,739,609,130
ACSSF,2013e5,wv,000,0036,0000855,070,54,079,07000US540799273639532,"Hurricane city (part), Scott district, Putnam County, West Virginia",0,0,0,0,0,0,0,0,0
ACSSF,2013e5,wv,000,0036,0000856,070,54,079,07000US540799273659068,"Nitro city (part), Scott district, Putnam County, West Virginia",0,0,0,0,0,0,0,0,0
ACSSF,2013e5,wv,000,0036,0000857,070,54,079,07000US540799273664516,"Poca town (part), Scott district, Putnam County, West Virginia",0,0,0,0,0,0,0,0,0
ACSSF,2013e5,wv,000,0036,0000858,070,54,079,07000US540799273679545,"Teays Valley CDP (part), Scott district, Putnam County, West Virginia",958,794,607,187,32,155,164,122,42
ACSSF,2013e5,wv,000,0036,0000859,070,54,079,07000US540799273687988,"Winfield town, Scott district, Putnam County, West Virginia",932,672,536,136,38,98,260,230,30
ACSSF,2013e5,wv,000,0036,0000860,070,54,079,07000US540799273699999,"Remainder of Scott district, Scott district, Putnam County, West Virginia",2503,2014,1684,330,73,257,489,419,70
ACSSF,2013e5,wv,000,0036,0000861,070,54,079,07000US540799309039532,"Hurricane city (part), Teays district, Putnam County, West Virginia",640,475,434,41,16,25,165,98,67
ACSSF,2013e5,wv,000,0036,0000862,070,54,079,07000US540799309079545,"Teays Valley CDP (part), Teays district, Putnam County, West Virginia",4417,3227,2764,463,126,337,1190,1021,169
ACSSF,2013e5,wv,000,0036,0000863,070,54,079,07000US540799309099999,"Remainder of Teays district, Teays district, Putnam County, West Virginia",708,653,501,152,95,57,55,55,0
ACSSF,2013e5,wv,000,0036,0000864,070,54,081,07000US540819079205332,"Beckley city (part), District 1, Raleigh County, West Virginia",0,0,0,0,0,0,0,0,0
ACSSF,2013e5,wv,000,0036,0000865,070,54,081,07000US540819079208956,"Bolt CDP, District 1, Raleigh County, West Virginia",205,165,165,0,0,0,40,33,7
ACSSF,2013e5,wv,000,0036,0000866,070,54,081,07000US540819079216516,"Coal City CDP, District 1, Raleigh County, West Virginia",688,456,356,100,0,100,232,216,16
ACSSF,2013e5,wv,000,0036,0000867,070,54,081,07000US540819079218508,"Crab Orchard CDP, District 1, Raleigh County, West Virginia",1233,925,768,157,42,115,308,308,0
ACSSF,2013e5,wv,000,0036,0000868,070,54,081,07000US540819079223644,"Eccles CDP, District 1, Raleigh County, West Virginia",118,15,15,0,0,0,103,49,54
ACSSF,2013e5,wv,000,0036,0000869,070,54,081,07000US540819079230724,"Ghent CDP, District 1, Raleigh County, West Virginia",205,140,115,25,0,25,65,44,21
ACSSF,2013e5,wv,000,0036,0000870,070,54,081,07000US540819079232068,"Glen White CDP, District 1, Raleigh County, West Virginia",184,123,123,0,0,0,61,61,0
ACSSF,2013e5,wv,000,0036,0000871,070,54,081,07000US540819079236292,"Helen CDP, District 1, Raleigh County, West Virginia",57,57,0,57,0,57,0,0,0
ACSSF,2013e5,wv,000,0036,0000872,070,54,081,07000US540819079246468,"Lester town, District 1, Raleigh County, West Virginia",131,90,60,30,2,28,41,40,1
ACSSF,2013e5,wv,000,0036,0000873,070,54,081,07000US540819079249492,"Mabscott town (part), District 1, Raleigh County, West Virginia",521,380,312,68,13,55,141,123,18
ACSSF,2013e5,wv,000,0036,0000874,070,54,081,07000US540819079249564,"MacArthur CDP (part), District 1, Raleigh County, West Virginia",694,452,260,192,117,75,242,220,22
ACSSF,2013e5,wv,000,0036,0000875,070,54,081,07000US540819079267996,"Rhodell town, District 1, Raleigh County, West Virginia",73,52,40,12,1,11,21,19,2
ACSSF,2013e5,wv,000,0036,0000876,070,54,081,07000US540819079275172,"Sophia town, District 1, Raleigh County, West Virginia",503,353,258,95,0,95,150,142,8
ACSSF,2013e5,wv,000,0036,0000877,070,54,081,07000US540819079299999,"District Remainder of 1, District 1, Raleigh County, West Virginia",5092,3629,2935,694,242,452,1463,1204,259
ACSSF,2013e5,wv,000,0036,0000878,070,54,081,07000US540819082805332,"Beckley city (part), District 2, Raleigh County, West Virginia",3591,1866,1204,662,156,506,1725,1411,314
ACSSF,2013e5,wv,000,0036,0000879,070,54,081,07000US540819082809676,"Bradley CDP, District 2, Raleigh County, West Virginia",666,432,347,85,23,62,234,122,112
ACSSF,2013e5,wv,000,0036,0000880,070,54,081,07000US540819082863988,"Piney View CDP, District 2, Raleigh County, West Virginia",476,330,292,38,0,38,146,131,15
ACSSF,2013e5,wv,000,0036,0000881,070,54,081,07000US540819082865836,"Prosperity CDP, District 2, Raleigh County, West Virginia",663,445,301,144,26,118,218,190,28
ACSSF,2013e5,wv,000,0036,0000882,070,54,081,07000US540819082876444,"Stanaford CDP (part), District 2, Raleigh County, West Virginia",292,227,180,47,36,11,65,55,10
ACSSF,2013e5,wv,000,0036,0000883,070,54,081,07000US540819082899999,"District Remainder of 2, District 2, Raleigh County, West Virginia",4714,3302,2569,733,232,501,1412,1270,142
ACSSF,2013e5,wv,000,0036,0000884,070,54,081,07000US540819086405260,"Beaver CDP, District 3, Raleigh County, West Virginia",548,404,275,129,22,107,144,144,0
ACSSF,2013e5,wv,000,0036,0000885,070,54,081,07000US540819086405332,"Beckley city (part), District 3, Raleigh County, West Virginia",4075,2280,1429,851,190,661,1795,1547,248
ACSSF,2013e5,wv,000,0036,0000886,070,54,081,07000US540819086420164,"Daniels CDP, District 3, Raleigh County, West Virginia",855,596,487,109,0,109,259,259,0
ACSSF,2013e5,wv,000,0036,0000887,070,54,081,07000US540819086449492,"Mabscott town (part), District 3, Raleigh County, West Virginia",0,0,0,0,0,0,0,0,0
ACSSF,2013e5,wv,000,0036,0000888,070,54,081,07000US540819086449564,"MacArthur CDP (part), District 3, Raleigh County, West Virginia",89,72,49,23,14,9,17,17,0
ACSSF,2013e5,wv,000,0036,0000889,070,54,081,07000US540819086473108,"Shady Spring CDP, District 3, Raleigh County, West Virginia",1344,983,769,214,98,116,361,361,0
ACSSF,2013e5,wv,000,0036,0000890,070,54,081,07000US540819086476444,"Stanaford CDP (part), District 3, Raleigh County, West Virginia",267,170,128,42,0,42,97,87,10
ACSSF,2013e5,wv,000,0036,0000891,070,54,081,07000US540819086499999,"District Remainder of 3, District 3, Raleigh County, West Virginia",4080,2955,2366,589,153,436,1125,985,140
ACSSF,2013e5,wv,000,0036,0000892,070,54,083,07000US540839015606988,"Beverly town, Beverly district, Randolph County, West Virginia",279,191,102,89,31,58,88,85,3
ACSSF,2013e5,wv,000,0036,0000893,070,54,083,07000US540839015609364,"Bowden CDP, Beverly district, Randolph County, West Virginia",0,0,0,0,0,0,0,0,0
ACSSF,2013e5,wv,000,0036,0000894,070,54,083,07000US540839015624580,"Elkins city (part), Beverly district, Randolph County, West Virginia",23,23,23,0,0,0,0,0,0
ACSSF,2013e5,wv,000,0036,0000895,070,54,083,07000US540839015699999,"Remainder of Beverly district, Beverly district, Randolph County, West Virginia",1574,987,755,232,123,109,587,579,8
ACSSF,2013e5,wv,000,0036,0000896,070,54,083,07000US540839093635092,"Harman town, Dry Fork district, Randolph County, West Virginia",75,47,39,8,0,8,28,28,0
ACSSF,2013e5,wv,000,0036,0000897,070,54,083,07000US540839093686932,"Whitmer CDP, Dry Fork district, Randolph County, West Virginia",22,22,13,9,0,9,0,0,0
ACSSF,2013e5,wv,000,0036,0000898,070,54,083,07000US540839093699999,"Remainder of Dry Fork district, Dry Fork district, Randolph County, West Virginia",570,399,319,80,0,80,171,158,13
ACSSF,2013e5,wv,000,0036,0000899,070,54,083,07000US540839166839628,"Huttonsville town, Huttonsville district, Randolph County, West Virginia",95,51,49,2,2,0,44,30,14
ACSSF,2013e5,wv,000,0036,0000900,070,54,083,07000US540839166854100,"Mill Creek town, Huttonsville district, Randolph County, West Virginia",320,195,154,41,10,31,125,114,11
ACSSF,2013e5,wv,000,0036,0000901,070,54,083,07000US540839166899999,"Remainder of Huttonsville district, Huttonsville district, Randolph County, West Virginia",489,299,281,18,16,2,190,160,30
ACSSF,2013e5,wv,000,0036,0000902,070,54,083,07000US540839182424580,"Elkins city (part), Leadsville district, Randolph County, West Virginia",3022,1751,1107,644,191,453,1271,1180,91
ACSSF,2013e5,wv,000,0036,0000903,070,54,083,07000US540839182499999,"Remainder of Leadsville district, Leadsville district, Randolph County, West Virginia",2212,1612,1341,271,84,187,600,570,30
ACSSF,2013e5,wv,000,0036,0000904,070,54,083,07000US540839214836340,"Helvetia CDP, Middle Fork district, Randolph County, West Virginia",8,8,0,8,8,0,0,0,0
ACSSF,2013e5,wv,000,0036,0000905,070,54,083,07000US540839214863484,"Pickens CDP, Middle Fork district, Randolph County, West Virginia",29,13,0,13,0,13,16,16,0
ACSSF,2013e5,wv,000,0036,0000906,070,54,083,07000US540839214899999,"Remainder of Middle Fork district, Middle Fork district, Randolph County, West Virginia",252,210,193,17,8,9,42,33,9
ACSSF,2013e5,wv,000,0036,0000907,070,54,083,07000US540839222082756,"Valley Head CDP, Mingo district, Randolph County, West Virginia",140,99,71,28,14,14,41,41,0
ACSSF,2013e5,wv,000,0036,0000908,070,54,083,07000US540839222099999,"Remainder of Mingo district, Mingo district, Randolph County, West Virginia",242,221,198,23,7,16,21,14,7
ACSSF,2013e5,wv,000,0036,0000909,070,54,083,07000US540839229255540,"Montrose town, New Interest district, Randolph County, West Virginia",70,56,45,11,3,8,14,12,2
ACSSF,2013e5,wv,000,0036,0000910,070,54,083,07000US540839229299999,"Remainder of New Interest district, New Interest district, Randolph County, West Virginia",386,300,245,55,41,14,86,86,0
ACSSF,2013e5,wv,000,0036,0000911,070,54,083,07000US540839264088324,"Womelsdorf (Coalton) town, Roaring Creek district, Randolph County, West Virginia",106,74,65,9,3,6,32,32,0
ACSSF,2013e5,wv,000,0036,0000912,070,54,083,07000US540839264099999,"Remainder of Roaring Creek district, Roaring Creek district, Randolph County, West Virginia",577,459,389,70,5,65,118,118,0
ACSSF,2013e5,wv,000,0036,0000913,070,54,083,07000US540839342019948,"Dailey CDP, Valley Bend district, Randolph County, West Virginia",48,16,16,0,0,0,32,14,18
ACSSF,2013e5,wv,000,0036,0000914,070,54,083,07000US540839342023140,"East Dailey CDP, Valley Bend district, Randolph County, West Virginia",151,92,92,0,0,0,59,59,0
ACSSF,2013e5,wv,000,0036,0000915,070,54,083,07000US540839342082564,"Valley Bend CDP, Valley Bend district, Randolph County, West Virginia",178,154,107,47,11,36,24,24,0
ACSSF,2013e5,wv,000,0036,0000916,070,54,083,07000US540839342099999,"Remainder of Valley Bend district, Valley Bend district, Randolph County, West Virginia",295,248,200,48,12,36,47,47,0
ACSSF,2013e5,wv,000,0036,0000917,070,54,085,07000US540859055224844,"Ellenboro town, Clay district, Ritchie County, West Virginia",166,114,109,5,3,2,52,44,8
ACSSF,2013e5,wv,000,0036,0000918,070,54,085,07000US540859055235428,"Harrisville town (part), Clay district, Ritchie County, West Virginia",0,0,0,0,0,0,0,0,0
ACSSF,2013e5,wv,000,0036,0000919,070,54,085,07000US540859055262764,"Pennsboro city, Clay district, Ritchie County, West Virginia",494,329,235,94,33,61,165,143,22
ACSSF,2013e5,wv,000,0036,0000920,070,54,085,07000US540859055299999,"Remainder of Clay district, Clay district, Ritchie County, West Virginia",765,519,468,51,15,36,246,246,0
ACSSF,2013e5,wv,000,0036,0000921,070,54,085,07000US540859138012124,"Cairo town, Grant district, Ritchie County, West Virginia",123,87,58,29,10,19,36,31,5
ACSSF,2013e5,wv,000,0036,0000922,070,54,085,07000US540859138099999,"Remainder of Grant district, Grant district, Ritchie County, West Virginia",583,372,295,77,31,46,211,195,16
ACSSF,2013e5,wv,000,0036,0000923,070,54,085,07000US540859224499999,"Murphy district, Murphy district, Ritchie County, West Virginia",487,347,309,38,9,29,140,129,11
ACSSF,2013e5,wv,000,0036,0000924,070,54,085,07000US540859333603364,"Auburn town, Union district, Ritchie County, West Virginia",47,29,11,18,3,15,18,15,3
ACSSF,2013e5,wv,000,0036,0000925,070,54,085,07000US540859333635428,"Harrisville town (part), Union district, Ritchie County, West Virginia",823,491,336,155,34,121,332,305,27
ACSSF,2013e5,wv,000,0036,0000926,070,54,085,07000US540859333665956,"Pullman town, Union district, Ritchie County, West Virginia",77,45,37,8,3,5,32,32,0
ACSSF,2013e5,wv,000,0036,0000927,070,54,085,07000US540859333699999,"Remainder of Union district, Union district, Ritchie County, West Virginia",467,267,182,85,32,53,200,180,20
ACSSF,2013e5,wv,000,0036,0000928,070,54,087,07000US540879090667660,"Reedy town, District I, Roane County, West Virginia",58,46,41,5,0,5,12,10,2
ACSSF,2013e5,wv,000,0036,0000929,070,54,087,07000US540879090675820,"Spencer city (part), District I, Roane County, West Virginia",392,222,172,50,0,50,170,170,0
ACSSF,2013e5,wv,000,0036,0000930,070,54,087,07000US540879090699999,"District Remainder of I, District I, Roane County, West Virginia",1414,932,753,179,71,108,482,405,77
ACSSF,2013e5,wv,000,0036,0000931,070,54,087,07000US540879091875820,"Spencer city (part), District II, Roane County, West Virginia",754,417,299,118,7,111,337,315,22
ACSSF,2013e5,wv,000,0036,0000932,070,54,087,07000US540879091899999,"District Remainder of II, District II, Roane County, West Virginia",1258,839,556,283,84,199,419,340,79
ACSSF,2013e5,wv,000,0036,0000933,070,54,087,07000US540879093099999,"District III, District III, Roane County, West Virginia",2099,1522,1231,291,40,251,577,500,77
ACSSF,2013e5,wv,000,0036,0000934,070,54,089,07000US540899021637636,"Hinton city (part), Bluestone River district, Summers County, West Virginia",397,157,74,83,25,58,240,240,0
ACSSF,2013e5,wv,000,0036,0000935,070,54,089,07000US540899021699999,"Remainder of Bluestone River district, Bluestone River district, Summers County, West Virginia",1509,1136,987,149,27,122,373,336,37
ACSSF,2013e5,wv,000,0036,0000936,070,54,089,07000US540899144037636,"Hinton city (part), Greenbrier River district, Summers County, West Virginia",544,294,230,64,42,22,250,242,8
ACSSF,2013e5,wv,000,0036,0000937,070,54,089,07000US540899144099999,"Remainder of Greenbrier River district, Greenbrier River district, Summers County, West Virginia",1306,928,762,166,104,62,378,370,8
ACSSF,2013e5,wv,000,0036,0000938,070,54,089,07000US540899231637636,"Hinton city (part), New River district, Summers County, West Virginia",334,190,136,54,0,54,144,118,26
ACSSF,2013e5,wv,000,0036,0000939,070,54,089,07000US540899231699999,"Remainder of New River district, New River district, Summers County, West Virginia",1260,995,670,325,189,136,265,245,20
ACSSF,2013e5,wv,000,0036,0000940,070,54,091,07000US540919099332716,"Grafton city (part), Eastern district, Taylor County, West Virginia",968,565,379,186,13,173,403,350,53
ACSSF,2013e5,wv,000,0036,0000941,070,54,091,07000US540919099399999,"Remainder of Eastern district, Eastern district, Taylor County, West Virginia",1314,937,781,156,84,72,377,338,39
ACSSF,2013e5,wv,000,0036,0000942,070,54,091,07000US540919317532716,"Grafton city (part), Tygart district, Taylor County, West Virginia",1285,785,457,328,105,223,500,460,40
ACSSF,2013e5,wv,000,0036,0000943,070,54,091,07000US540919317599999,"Remainder of Tygart district, Tygart district, Taylor County, West Virginia",806,686,552,134,27,107,120,78,42
ACSSF,2013e5,wv,000,0036,0000944,070,54,091,07000US540919362127940,"Flemington town, Western district, Taylor County, West Virginia",118,88,69,19,2,17,30,28,2
ACSSF,2013e5,wv,000,0036,0000945,070,54,091,07000US540919362199999,"Remainder of Western district, Western district, Taylor County, West Virginia",2387,1812,1433,379,107,272,575,501,74
ACSSF,2013e5,wv,000,0036,0000946,070,54,093,07000US540939019234492,"Hambleton town, Black Fork district, Tucker County, West Virginia",109,62,47,15,3,12,47,41,6
ACSSF,2013e5,wv,000,0036,0000947,070,54,093,07000US540939019236460,"Hendricks town, Black Fork district, Tucker County, West Virginia",127,90,80,10,7,3,37,34,3
ACSSF,2013e5,wv,000,0036,0000948,070,54,093,07000US540939019262284,"Parsons city, Black Fork district, Tucker County, West Virginia",671,454,340,114,26,88,217,190,27
ACSSF,2013e5,wv,000,0036,0000949,070,54,093,07000US540939019299999,"Remainder of Black Fork district, Black Fork district, Tucker County, West Virginia",594,427,346,81,55,26,167,141,26
ACSSF,2013e5,wv,000,0036,0000950,070,54,093,07000US540939062499999,"Clover district, Clover district, Tucker County, West Virginia",141,102,79,23,0,23,39,39,0
ACSSF,2013e5,wv,000,0036,0000951,070,54,093,07000US540939074420428,"Davis town, Davis district, Tucker County, West Virginia",289,181,162,19,9,10,108,98,10
ACSSF,2013e5,wv,000,0036,0000952,070,54,093,07000US540939074480020,"Thomas city (part), Davis district, Tucker County, West Virginia",0,0,0,0,0,0,0,0,0
ACSSF,2013e5,wv,000,0036,0000953,070,54,093,07000US540939074499999,"Remainder of Davis district, Davis district, Tucker County, West Virginia",28,14,6,8,0,8,14,14,0
ACSSF,2013e5,wv,000,0036,0000954,070,54,093,07000US540939094899999,"Dry Fork district, Dry Fork district, Tucker County, West Virginia",304,235,235,0,0,0,69,44,25
ACSSF,2013e5,wv,000,0036,0000955,070,54,093,07000US540939105680020,"Thomas city (part), Fairfax district, Tucker County, West Virginia",254,116,97,19,6,13,138,129,9
ACSSF,2013e5,wv,000,0036,0000956,070,54,093,07000US540939105699999,"Remainder of Fairfax district, Fairfax district, Tucker County, West Virginia",98,92,86,6,0,6,6,6,0
ACSSF,2013e5,wv,000,0036,0000957,070,54,093,07000US540939189699999,"Licking district, Licking district, Tucker County, West Virginia",37,32,0,32,9,23,5,5,0
ACSSF,2013e5,wv,000,0036,0000958,070,54,093,07000US540939268899999,"St. George district, St. George district, Tucker County, West Virginia",398,282,216,66,39,27,116,107,9
ACSSF,2013e5,wv,000,0036,0000959,070,54,095,07000US540959046929404,"Friendly town, Central district, Tyler County, West Virginia",40,20,19,1,0,1,20,20,0
ACSSF,2013e5,wv,000,0036,0000960,070,54,095,07000US540959046953572,"Middlebourne town, Central district, Tyler County, West Virginia",408,236,148,88,23,65,172,164,8
ACSSF,2013e5,wv,000,0036,0000961,070,54,095,07000US540959046999999,"Remainder of Central district, Central district, Tyler County, West Virginia",505,336,314,22,0,22,169,159,10
ACSSF,2013e5,wv,000,0036,0000962,070,54,095,07000US540959233461636,"Paden City city (part), North district, Tyler County, West Virginia",350,195,170,25,20,5,155,148,7
ACSSF,2013e5,wv,000,0036,0000963,070,54,095,07000US540959233499999,"Remainder of North district, North district, Tyler County, West Virginia",485,425,374,51,15,36,60,60,0
ACSSF,2013e5,wv,000,0036,0000964,070,54,095,07000US540959289899999,"South district, South district, Tyler County, West Virginia",967,740,542,198,85,113,227,201,26
ACSSF,2013e5,wv,000,0036,0000965,070,54,095,07000US540959359274380,"Sistersville city, West district, Tyler County, West Virginia",626,416,270,146,18,128,210,178,32
ACSSF,2013e5,wv,000,0036,0000966,070,54,095,07000US540959359299999,"Remainder of West district, West district, Tyler County, West Virginia",331,219,183,36,22,14,112,89,23
ACSSF,2013e5,wv,000,0036,0000967,070,54,097,07000US540979110211188,"Buckhannon city (part), First district, Upshur County, West Virginia",1865,1068,742,326,49,277,797,692,105
ACSSF,2013e5,wv,000,0036,0000968,070,54,097,07000US540979110299999,"Remainder of First district, First district, Upshur County, West Virginia",1035,660,548,112,9,103,375,343,32
ACSSF,2013e5,wv,000,0036,0000969,070,54,097,07000US540979274511188,"Buckhannon city (part), Second district, Upshur County, West Virginia",0,0,0,0,0,0,0,0,0
ACSSF,2013e5,wv,000,0036,0000970,070,54,097,07000US540979274599999,"Remainder of Second district, Second district, Upshur County, West Virginia",2895,2224,1866,358,140,218,671,625,46
ACSSF,2013e5,wv,000,0036,0000971,070,54,097,07000US540979310511188,"Buckhannon city (part), Third district, Upshur County, West Virginia",11,11,11,0,0,0,0,0,0
ACSSF,2013e5,wv,000,0036,0000972,070,54,097,07000US540979310599999,"Remainder of Third district, Third district, Upshur County, West Virginia",3205,2167,1762,405,120,285,1038,809,229
ACSSF,2013e5,wv,000,0036,0000973,070,54,099,07000US540999032428516,"Fort Gay town, Butler district, Wayne County, West Virginia",395,245,132,113,21,92,150,142,8
ACSSF,2013e5,wv,000,0036,0000974,070,54,099,07000US540999032445580,"Lavalette CDP (part), Butler district, Wayne County, West Virginia",183,68,68,0,0,0,115,115,0
ACSSF,2013e5,wv,000,0036,0000975,070,54,099,07000US540999032465596,"Prichard CDP, Butler district, Wayne County, West Virginia",161,130,119,11,0,11,31,31,0
ACSSF,2013e5,wv,000,0036,0000976,070,54,099,07000US540999032499999,"Remainder of Butler district, Butler district, Wayne County, West Virginia",3010,2095,1694,401,97,304,915,843,72
ACSSF,2013e5,wv,000,0036,0000977,070,54,099,07000US540999049214308,"Ceredo city (part), Ceredo district, Wayne County, West Virginia",679,387,260,127,60,67,292,230,62
ACSSF,2013e5,wv,000,0036,0000978,070,54,099,07000US540999049243180,"Kenova city, Ceredo district, Wayne County, West Virginia",1432,786,424,362,125,237,646,616,30
ACSSF,2013e5,wv,000,0036,0000979,070,54,099,07000US540999049299999,"Remainder of Ceredo district, Ceredo district, Wayne County, West Virginia",790,559,449,110,32,78,231,146,85
ACSSF,2013e5,wv,000,0036,0000980,070,54,099,07000US540999303619300,"Crum CDP, Stonewall district, Wayne County, West Virginia",48,36,10,26,0,26,12,12,0
ACSSF,2013e5,wv,000,0036,0000981,070,54,099,07000US540999303699999,"Remainder of Stonewall district, Stonewall district, Wayne County, West Virginia",3004,2113,1645,468,109,359,891,815,76
ACSSF,2013e5,wv,000,0036,0000982,070,54,099,07000US540999337245580,"Lavalette CDP (part), Union district, Wayne County, West Virginia",271,195,178,17,0,17,76,76,0
ACSSF,2013e5,wv,000,0036,0000983,070,54,099,07000US540999337284940,"Wayne town, Union district, Wayne County, West Virginia",866,575,383,192,37,155,291,245,46
ACSSF,2013e5,wv,000,0036,0000984,070,54,099,07000US540999337299999,"Remainder of Union district, Union district, Wayne County, West Virginia",2288,1678,1376,302,80,222,610,502,108
ACSSF,2013e5,wv,000,0036,0000985,070,54,099,07000US540999362414308,"Ceredo city (part), Westmoreland district, Wayne County, West Virginia",15,1,1,0,0,0,14,9,5
ACSSF,2013e5,wv,000,0036,0000986,070,54,099,07000US540999362439460,"Huntington city (part), Westmoreland district, Wayne County, West Virginia",1669,954,651,303,89,214,715,654,61
ACSSF,2013e5,wv,000,0036,0000987,070,54,099,07000US540999362499999,"Remainder of Westmoreland district, Westmoreland district, Wayne County, West Virginia",1744,1153,911,242,40,202,591,558,33
ACSSF,2013e5,wv,000,0036,0000988,070,54,101,07000US541019047100364,"Addison (Webster Springs) town, Central district, Webster County, West Virginia",502,362,216,146,29,117,140,130,10
ACSSF,2013e5,wv,000,0036,0000989,070,54,101,07000US541019047199999,"Remainder of Central district, Central district, Webster County, West Virginia",785,558,405,153,95,58,227,167,60
ACSSF,2013e5,wv,000,0036,0000990,070,54,101,07000US541019236006436,"Bergoo CDP, Northern district, Webster County, West Virginia",23,23,12,11,0,11,0,0,0
ACSSF,2013e5,wv,000,0036,0000991,070,54,101,07000US541019236099999,"Remainder of Northern district, Northern district, Webster County, West Virginia",1080,769,641,128,47,81,311,271,40
ACSSF,2013e5,wv,000,0036,0000992,070,54,101,07000US541019292512436,"Camden-on-Gauley town, Southern district, Webster County, West Virginia",60,40,26,14,0,14,20,13,7
ACSSF,2013e5,wv,000,0036,0000993,070,54,101,07000US541019292518412,"Cowen town, Southern district, Webster County, West Virginia",207,127,92,35,13,22,80,80,0
ACSSF,2013e5,wv,000,0036,0000994,070,54,101,07000US541019292599999,"Remainder of Southern district, Southern district, Webster County, West Virginia",1271,880,706,174,68,106,391,312,79
ACSSF,2013e5,wv,000,0036,0000995,070,54,103,07000US541039079439340,"Hundred town, District 1, Wetzel County, West Virginia",113,67,57,10,2,8,46,33,13
ACSSF,2013e5,wv,000,0036,0000996,070,54,103,07000US541039079440636,"Jacksonburg CDP, District 1, Wetzel County, West Virginia",43,24,24,0,0,0,19,19,0
ACSSF,2013e5,wv,000,0036,0000997,070,54,103,07000US541039079447788,"Littleton CDP, District 1, Wetzel County, West Virginia",75,68,0,68,11,57,7,3,4
ACSSF,2013e5,wv,000,0036,0000998,070,54,103,07000US541039079463892,"Pine Grove town, District 1, Wetzel County, West Virginia",281,208,135,73,8,65,73,73,0
ACSSF,2013e5,wv,000,0036,0000999,070,54,103,07000US541039079467252,"Reader CDP, District 1, Wetzel County, West Virginia",181,120,104,16,16,0,61,61,0
ACSSF,2013e5,wv,000,0036,0001000,070,54,103,07000US541039079474788,"Smithfield town, District 1, Wetzel County, West Virginia",66,40,25,15,4,11,26,26,0
ACSSF,2013e5,wv,000,0036,0001001,070,54,103,07000US541039079499999,"District Remainder of 1, District 1, Wetzel County, West Virginia",1669,1140,1021,119,53,66,529,489,40
ACSSF,2013e5,wv,000,0036,0001002,070,54,103,07000US541039083061636,"Paden City city (part), District 2, Wetzel County, West Virginia",847,497,345,152,40,112,350,337,13
ACSSF,2013e5,wv,000,0036,0001003,070,54,103,07000US541039083099999,"District Remainder of 2, District 2, Wetzel County, West Virginia",1367,1050,868,182,43,139,317,235,82
ACSSF,2013e5,wv,000,0036,0001004,070,54,103,07000US541039086758684,"New Martinsville city, District 3, Wetzel County, West Virginia",2261,1313,981,332,25,307,948,826,122
ACSSF,2013e5,wv,000,0036,0001005,070,54,103,07000US541039086799999,"District Remainder of 3, District 3, Wetzel County, West Virginia",0,0,0,0,0,0,0,0,0
ACSSF,2013e5,wv,000,0036,0001006,070,54,105,07000US541059047324364,"Elizabeth town, Central district, Wirt County, West Virginia",370,243,160,83,20,63,127,113,14
ACSSF,2013e5,wv,000,0036,0001007,070,54,105,07000US541059047399999,"Remainder of Central district, Central district, Wirt County, West Virginia",358,255,216,39,0,39,103,79,24
ACSSF,2013e5,wv,000,0036,0001008,070,54,105,07000US541059234499999,"Northeast district, Northeast district, Wirt County, West Virginia",777,433,321,112,0,112,344,252,92
ACSSF,2013e5,wv,000,0036,0001009,070,54,105,07000US541059295899999,"Southwest district, Southwest district, Wirt County, West Virginia",922,660,572,88,15,73,262,163,99
ACSSF,2013e5,wv,000,0036,0001010,070,54,107,07000US541079058899999,"Clay district, Clay district, Wood County, West Virginia",2483,1741,1464,277,58,219,742,609,133
ACSSF,2013e5,wv,000,0036,0001011,070,54,107,07000US541079156099999,"Harris district, Harris district, Wood County, West Virginia",642,397,368,29,6,23,245,196,49
ACSSF,2013e5,wv,000,0036,0001012,070,54,107,07000US541079198008308,"Blennerhassett CDP, Lubeck district, Wood County, West Virginia",1258,901,691,210,89,121,357,324,33
ACSSF,2013e5,wv,000,0036,0001013,070,54,107,07000US541079198049156,"Lubeck CDP, Lubeck district, Wood County, West Virginia",471,369,321,48,27,21,102,82,20
ACSSF,2013e5,wv,000,0036,0001014,070,54,107,07000US541079198062140,"Parkersburg city (part), Lubeck district, Wood County, West Virginia",420,265,207,58,18,40,155,144,11
ACSSF,2013e5,wv,000,0036,0001015,070,54,107,07000US541079198084724,"Washington CDP, Lubeck district, Wood County, West Virginia",567,492,398,94,13,81,75,62,13
ACSSF,2013e5,wv,000,0036,0001016,070,54,107,07000US541079198099999,"Remainder of Lubeck district, Lubeck district, Wood County, West Virginia",1517,1171,890,281,61,220,346,324,22
ACSSF,2013e5,wv,000,0036,0001017,070,54,107,07000US541079242459458,"North Hills town (part), Parkersburg district, Wood County, West Virginia",70,51,41,10,9,1,19,19,0
ACSSF,2013e5,wv,000,0036,0001018,070,54,107,07000US541079242462140,"Parkersburg city (part), Parkersburg district, Wood County, West Virginia",8771,4756,3302,1454,397,1057,4015,3515,500
ACSSF,2013e5,wv,000,0036,0001019,070,54,107,07000US541079242483500,"Vienna city (part), Parkersburg district, Wood County, West Virginia",2343,1366,1051,315,28,287,977,845,132
ACSSF,2013e5,wv,000,0036,0001020,070,54,107,07000US541079242499999,"Remainder of Parkersburg district, Parkersburg district, Wood County, West Virginia",1320,704,545,159,42,117,616,509,107
ACSSF,2013e5,wv,000,0036,0001021,070,54,107,07000US541079285654580,"Mineralwells CDP, Slate district, Wood County, West Virginia",624,519,382,137,62,75,105,92,13
ACSSF,2013e5,wv,000,0036,0001022,070,54,107,07000US541079285699999,"Remainder of Slate district, Slate district, Wood County, West Virginia",1102,804,734,70,54,16,298,249,49
ACSSF,2013e5,wv,000,0036,0001023,070,54,107,07000US541079302499999,"Steele district, Steele district, Wood County, West Virginia",504,423,381,42,0,42,81,74,7
ACSSF,2013e5,wv,000,0036,0001024,070,54,107,07000US541079318062140,"Parkersburg city (part), Tygart district, Wood County, West Virginia",4251,2695,1878,817,186,631,1556,1415,141
ACSSF,2013e5,wv,000,0036,0001025,070,54,107,07000US541079318099999,"Remainder of Tygart district, Tygart district, Wood County, West Virginia",1362,994,756,238,83,155,368,281,87
ACSSF,2013e5,wv,000,0036,0001026,070,54,107,07000US541079338484916,"Waverly CDP, Union district, Wood County, West Virginia",132,103,103,0,0,0,29,22,7
ACSSF,2013e5,wv,000,0036,0001027,070,54,107,07000US541079338499999,"Remainder of Union district, Union district, Wood County, West Virginia",1671,1255,1052,203,80,123,416,308,108
ACSSF,2013e5,wv,000,0036,0001028,070,54,107,07000US541079344499999,"Walker district, Walker district, Wood County, West Virginia",461,375,228,147,71,76,86,86,0
ACSSF,2013e5,wv,000,0036,0001029,070,54,107,07000US541079367208836,"Boaz CDP, Williams district, Wood County, West Virginia",617,436,380,56,17,39,181,174,7
ACSSF,2013e5,wv,000,0036,0001030,070,54,107,07000US541079367259458,"North Hills town (part), Williams district, Wood County, West Virginia",231,183,151,32,17,15,48,42,6
ACSSF,2013e5,wv,000,0036,0001031,070,54,107,07000US541079367283500,"Vienna city (part), Williams district, Wood County, West Virginia",2357,1614,1398,216,54,162,743,653,90
ACSSF,2013e5,wv,000,0036,0001032,070,54,107,07000US541079367287556,"Williamstown city, Williams district, Wood County, West Virginia",1227,824,701,123,54,69,403,348,55
ACSSF,2013e5,wv,000,0036,0001033,070,54,107,07000US541079367299999,"Remainder of Williams district, Williams district, Wood County, West Virginia",1168,854,721,133,42,91,314,300,14
ACSSF,2013e5,wv,000,0036,0001034,070,54,109,07000US541099079511212,"Bud CDP, District 1, Wyoming County, West Virginia",171,118,60,58,39,19,53,53,0
ACSSF,2013e5,wv,000,0036,0001035,070,54,109,07000US541099079517836,"Corinne CDP, District 1, Wyoming County, West Virginia",67,50,18,32,0,32,17,17,0
ACSSF,2013e5,wv,000,0036,0001036,070,54,109,07000US541099079518388,"Covel CDP, District 1, Wyoming County, West Virginia",80,80,80,0,0,0,0,0,0
ACSSF,2013e5,wv,000,0036,0001037,070,54,109,07000US541099079531756,"Glen Fork CDP, District 1, Wyoming County, West Virginia",227,131,64,67,11,56,96,74,22
ACSSF,2013e5,wv,000,0036,0001038,070,54,109,07000US541099079540444,"Itmann CDP, District 1, Wyoming County, West Virginia",111,98,60,38,0,38,13,13,0
ACSSF,2013e5,wv,000,0036,0001039,070,54,109,07000US541099079557148,"Mullens city, District 1, Wyoming County, West Virginia",904,532,416,116,36,80,372,335,37
ACSSF,2013e5,wv,000,0036,0001040,070,54,109,07000US541099079599999,"District Remainder of 1, District 1, Wyoming County, West Virginia",1426,1143,1008,135,58,77,283,241,42
ACSSF,2013e5,wv,000,0036,0001041,070,54,109,07000US541099083109964,"Brenton CDP, District 2, Wyoming County, West Virginia",74,51,25,26,0,26,23,23,0
ACSSF,2013e5,wv,000,0036,0001042,070,54,109,07000US541099083158756,"New Richmond CDP, District 2, Wyoming County, West Virginia",65,65,65,0,0,0,0,0,0
ACSSF,2013e5,wv,000,0036,0001043,070,54,109,07000US541099083163940,"Pineville town, District 2, Wyoming County, West Virginia",356,272,215,57,7,50,84,76,8
ACSSF,2013e5,wv,000,0036,0001044,070,54,109,07000US541099083199999,"District Remainder of 2, District 2, Wyoming County, West Virginia",2272,1410,1052,358,158,200,862,745,117
ACSSF,2013e5,wv,000,0036,0001045,070,54,109,07000US541099086844548,"Kopperston CDP, District 3, Wyoming County, West Virginia",153,87,75,12,0,12,66,66,0
ACSSF,2013e5,wv,000,0036,0001046,070,54,109,07000US541099086852372,"Matheny CDP, District 3, Wyoming County, West Virginia",171,116,100,16,0,16,55,32,23
ACSSF,2013e5,wv,000,0036,0001047,070,54,109,07000US541099086860364,"Oceana town, District 3, Wyoming County, West Virginia",692,527,420,107,33,74,165,141,24
ACSSF,2013e5,wv,000,0036,0001048,070,54,109,07000US541099086899999,"District Remainder of 3, District 3, Wyoming County, West Virginia",2332,1747,1418,329,78,251,585,568,17
ACSSF,2013e5,wv,000,0036,0003125,155,54,045,15500US5400196045,"Logan County (part), Accoville CDP, West Virginia",143,109,101,8,8,0,34,34,0
ACSSF,2013e5,wv,000,0036,0003126,155,54,101,15500US5400364101,"Webster County (part), Addison (Webster Springs) town, West Virginia",502,362,216,146,29,117,140,130,10
ACSSF,2013e5,wv,000,0036,0003127,155,54,077,15500US5400748077,"Preston County (part), Albright town, West Virginia",104,76,65,11,7,4,28,23,5
ACSSF,2013e5,wv,000,0036,0003128,155,54,025,15500US5400772025,"Greenbrier County (part), Alderson town, West Virginia",457,256,184,72,27,45,201,173,28
ACSSF,2013e5,wv,000,0036,0003129,155,54,063,15500US5400772063,"Monroe County (part), Alderson town, West Virginia",60,43,25,18,5,13,17,17,0
ACSSF,2013e5,wv,000,0036,0003130,155,54,039,15500US5401396039,"Kanawha County (part), Alum Creek CDP, West Virginia",227,80,66,14,0,14,147,127,20
ACSSF,2013e5,wv,000,0036,0003131,155,54,043,15500US5401396043,"Lincoln County (part), Alum Creek CDP, West Virginia",516,449,278,171,63,108,67,67,0
ACSSF,2013e5,wv,000,0036,0003132,155,54,045,15500US5401660045,"Logan County (part), Amherstdale CDP, West Virginia",121,51,39,12,0,12,70,57,13
ACSSF,2013e5,wv,000,0036,0003133,155,54,047,15500US5401780047,"McDowell County (part), Anawalt town, West Virginia",95,65,40,25,9,16,30,28,2
ACSSF,2013e5,wv,000,0036,0003134,155,54,033,15500US5401900033,"Harrison County (part), Anmoore town, West Virginia",335,243,133,110,7,103,92,64,28
ACSSF,2013e5,wv,000,0036,0003135,155,54,019,15500US5401996019,"Fayette County (part), Ansted town, West Virginia",620,448,364,84,13,71,172,157,15
ACSSF,2013e5,wv,000,0036,0003136,155,54,053,15500US5402188053,"Mason County (part), Apple Grove CDP, West Virginia",38,38,38,0,0,0,0,0,0
ACSSF,2013e5,wv,000,0036,0003137,155,54,055,15500US5403292055,"Mercer County (part), Athens town, West Virginia",277,133,117,16,7,9,144,80,64
ACSSF,2013e5,wv,000,0036,0003138,155,54,085,15500US5403364085,"Ritchie County (part), Auburn town, West Virginia",47,29,11,18,3,15,18,15,3
ACSSF,2013e5,wv,000,0036,0003139,155,54,077,15500US5403460077,"Preston County (part), Aurora CDP, West Virginia",96,72,72,0,0,0,24,24,0
ACSSF,2013e5,wv,000,0036,0003140,155,54,079,15500US5404204079,"Putnam County (part), Bancroft town, West Virginia",331,181,88,93,81,12,150,139,11
ACSSF,2013e5,wv,000,0036,0003141,155,54,011,15500US5404276011,"Cabell County (part), Barboursville village, West Virginia",1648,975,807,168,51,117,673,616,57
ACSSF,2013e5,wv,000,0036,0003142,155,54,049,15500US5404612049,"Marion County (part), Barrackville town, West Virginia",530,339,288,51,17,34,191,180,11
ACSSF,2013e5,wv,000,0036,0003143,155,54,047,15500US5404732047,"McDowell County (part), Bartley CDP, West Virginia",96,79,32,47,23,24,17,17,0
ACSSF,2013e5,wv,000,0036,0003144,155,54,075,15500US5404780075,"Pocahontas County (part), Bartow CDP, West Virginia",73,63,63,0,0,0,10,10,0
ACSSF,2013e5,wv,000,0036,0003145,155,54,065,15500US5404876065,"Morgan County (part), Bath (Berkeley Springs) town, West Virginia",384,116,77,39,4,35,268,229,39
ACSSF,2013e5,wv,000,0036,0003146,155,54,023,15500US5404924023,"Grant County (part), Bayard town, West Virginia",147,106,94,12,2,10,41,36,5
ACSSF,2013e5,wv,000,0036,0003147,155,54,019,15500US5405068019,"Fayette County (part), Beards Fork CDP, West Virginia",51,39,29,10,0,10,12,12,0
ACSSF,2013e5,wv,000,0036,0003148,155,54,081,15500US5405260081,"Raleigh County (part), Beaver CDP, West Virginia",548,404,275,129,22,107,144,144,0
ACSSF,2013e5,wv,000,0036,0003149,155,54,081,15500US5405332081,"Raleigh County (part), Beckley city, West Virginia",7666,4146,2633,1513,346,1167,3520,2958,562
ACSSF,2013e5,wv,000,0036,0003150,155,54,009,15500US5405452009,"Brooke County (part), Beech Bottom village, West Virginia",267,165,114,51,36,15,102,90,12
ACSSF,2013e5,wv,000,0036,0003151,155,54,001,15500US5405788001,"Barbour County (part), Belington town, West Virginia",782,631,417,214,34,180,151,105,46
ACSSF,2013e5,wv,000,0036,0003152,155,54,039,15500US5405836039,"Kanawha County (part), Belle town, West Virginia",582,386,236,150,40,110,196,177,19
ACSSF,2013e5,wv,000,0036,0003153,155,54,073,15500US5406004073,"Pleasants County (part), Belmont city, West Virginia",422,265,218,47,8,39,157,145,12
ACSSF,2013e5,wv,000,0036,0003154,155,54,067,15500US5406052067,"Nicholas County (part), Belva CDP, West Virginia",39,39,28,11,0,11,0,0,0
ACSSF,2013e5,wv,000,0036,0003155,155,54,051,15500US5406340051,"Marshall County (part), Benwood city, West Virginia",630,330,192,138,29,109,300,272,28
ACSSF,2013e5,wv,000,0036,0003156,155,54,101,15500US5406436101,"Webster County (part), Bergoo CDP, West Virginia",23,23,12,11,0,11,0,0,0
ACSSF,2013e5,wv,000,0036,0003157,155,54,047,15500US5406748047,"McDowell County (part), Berwind CDP, West Virginia",120,85,77,8,0,8,35,21,14
ACSSF,2013e5,wv,000,0036,0003158,155,54,009,15500US5406844009,"Brooke County (part), Bethany town, West Virginia",190,124,91,33,8,25,66,62,4
ACSSF,2013e5,wv,000,0036,0003159,155,54,069,15500US5406940069,"Ohio County (part), Bethlehem village, West Virginia",994,703,580,123,46,77,291,273,18
ACSSF,2013e5,wv,000,0036,0003160,155,54,083,15500US5406988083,"Randolph County (part), Beverly town, West Virginia",279,191,102,89,31,58,88,85,3
ACSSF,2013e5,wv,000,0036,0003161,155,54,039,15500US5407204039,"Kanawha County (part), Big Chimney CDP, West Virginia",216,94,94,0,0,0,122,122,0
ACSSF,2013e5,wv,000,0036,0003162,155,54,045,15500US5407228045,"Logan County (part), Big Creek CDP, West Virginia",107,107,94,13,0,13,0,0,0
ACSSF,2013e5,wv,000,0036,0003163,155,54,047,15500US5407516047,"McDowell County (part), Big Sandy CDP, West Virginia",61,34,34,0,0,0,27,27,0
ACSSF,2013e5,wv,000,0036,0003164,155,54,067,15500US5407756067,"Nicholas County (part), Birch River CDP, West Virginia",61,61,40,21,0,21,0,0,0
ACSSF,2013e5,wv,000,0036,0003165,155,54,061,15500US5408092061,"Monongalia County (part), Blacksville town, West Virginia",56,38,27,11,5,6,18,15,3
ACSSF,2013e5,wv,000,0036,0003166,155,54,107,15500US5408308107,"Wood County (part), Blennerhassett CDP, West Virginia",1258,901,691,210,89,121,357,324,33
ACSSF,2013e5,wv,000,0036,0003167,155,54,055,15500US5408524055,"Mercer County (part), Bluefield city, West Virginia",4673,2822,2053,769,129,640,1851,1708,143
ACSSF,2013e5,wv,000,0036,0003168,155,54,055,15500US5408764055,"Mercer County (part), Bluewell CDP, West Virginia",1022,671,530,141,32,109,351,265,86
ACSSF,2013e5,wv,000,0036,0003169,155,54,107,15500US5408836107,"Wood County (part), Boaz CDP, West Virginia",617,436,380,56,17,39,181,174,7
ACSSF,2013e5,wv,000,0036,0003170,155,54,037,15500US5408932037,"Jefferson County (part), Bolivar town, West Virginia",500,284,207,77,33,44,216,194,22
ACSSF,2013e5,wv,000,0036,0003171,155,54,081,15500US5408956081,"Raleigh County (part), Bolt CDP, West Virginia",205,165,165,0,0,0,40,33,7
ACSSF,2013e5,wv,000,0036,0003172,155,54,019,15500US5409100019,"Fayette County (part), Boomer CDP, West Virginia",379,299,219,80,23,57,80,80,0
ACSSF,2013e5,wv,000,0036,0003173,155,54,083,15500US5409364083,"Randolph County (part), Bowden CDP, West Virginia",0,0,0,0,0,0,0,0,0
ACSSF,2013e5,wv,000,0036,0003174,155,54,081,15500US5409676081,"Raleigh County (part), Bradley CDP, West Virginia",666,432,347,85,23,62,234,122,112
ACSSF,2013e5,wv,000,0036,0003175,155,54,047,15500US5409700047,"McDowell County (part), Bradshaw town, West Virginia",121,72,66,6,6,0,49,49,0
ACSSF,2013e5,wv,000,0036,0003176,155,54,055,15500US5409796055,"Mercer County (part), Bramwell town, West Virginia",176,150,103,47,18,29,26,23,3
ACSSF,2013e5,wv,000,0036,0003177,155,54,077,15500US5409844077,"Preston County (part), Brandonville town, West Virginia",73,67,59,8,1,7,6,6,0
ACSSF,2013e5,wv,000,0036,0003178,155,54,071,15500US5409868071,"Pendleton County (part), Brandywine CDP, West Virginia",118,91,53,38,9,29,27,27,0
ACSSF,2013e5,wv,000,0036,0003179,155,54,109,15500US5409964109,"Wyoming County (part), Brenton CDP, West Virginia",74,51,25,26,0,26,23,23,0
ACSSF,2013e5,wv,000,0036,0003180,155,54,033,15500US5410180033,"Harrison County (part), Bridgeport city, West Virginia",3287,2399,1941,458,151,307,888,853,35
ACSSF,2013e5,wv,000,0036,0003181,155,54,061,15500US5410420061,"Monongalia County (part), Brookhaven CDP, West Virginia",2012,1241,959,282,89,193,771,530,241
ACSSF,2013e5,wv,000,0036,0003182,155,54,077,15500US5410852077,"Preston County (part), Bruceton Mills town, West Virginia",29,23,19,4,0,4,6,6,0
ACSSF,2013e5,wv,000,0036,0003183,155,54,045,15500US5410876045,"Logan County (part), Bruno CDP, West Virginia",187,174,150,24,0,24,13,13,0
ACSSF,2013e5,wv,000,0036,0003184,155,54,055,15500US5410948055,"Mercer County (part), Brush Fork CDP, West Virginia",426,249,148,101,25,76,177,121,56
ACSSF,2013e5,wv,000,0036,0003185,155,54,097,15500US5411188097,"Upshur County (part), Buckhannon city, West Virginia",1876,1079,753,326,49,277,797,692,105
ACSSF,2013e5,wv,000,0036,0003186,155,54,109,15500US5411212109,"Wyoming County (part), Bud CDP, West Virginia",171,118,60,58,39,19,53,53,0
ACSSF,2013e5,wv,000,0036,0003187,155,54,079,15500US5411284079,"Putnam County (part), Buffalo town, West Virginia",539,340,268,72,30,42,199,168,31
ACSSF,2013e5,wv,000,0036,0003188,155,54,057,15500US5411620057,"Mineral County (part), Burlington CDP, West Virginia",34,34,34,0,0,0,0,0,0
ACSSF,2013e5,wv,000,0036,0003189,155,54,007,15500US5411716007,"Braxton County (part), Burnsville town, West Virginia",227,145,69,76,34,42,82,77,5
ACSSF,2013e5,wv,000,0036,0003190,155,54,085,15500US5412124085,"Ritchie County (part), Cairo town, West Virginia",123,87,58,29,10,19,36,31,5
ACSSF,2013e5,wv,000,0036,0003191,155,54,101,15500US5412436101,"Webster County (part), Camden-on-Gauley town, West Virginia",60,40,26,14,0,14,20,13,7
ACSSF,2013e5,wv,000,0036,0003192,155,54,051,15500US5412484051,"Marshall County (part), Cameron city, West Virginia",416,259,217,42,7,35,157,135,22
ACSSF,2013e5,wv,000,0036,0003193,155,54,027,15500US5413108027,"Hampshire County (part), Capon Bridge town, West Virginia",218,98,52,46,0,46,120,102,18
ACSSF,2013e5,wv,000,0036,0003194,155,54,049,15500US5413468049,"Marion County (part), Carolina CDP, West Virginia",136,125,125,0,0,0,11,11,0
ACSSF,2013e5,wv,000,0036,0003195,155,54,057,15500US5413525057,"Mineral County (part), Carpendale town, West Virginia",358,206,186,20,4,16,152,131,21
ACSSF,2013e5,wv,000,0036,0003196,155,54,075,15500US5413684075,"Pocahontas County (part), Cass CDP, West Virginia",4,4,4,0,0,0,0,0,0
ACSSF,2013e5,wv,000,0036,0003197,155,54,061,15500US5413756061,"Monongalia County (part), Cassville CDP, West Virginia",281,170,170,0,0,0,111,111,0
ACSSF,2013e5,wv,000,0036,0003198,155,54,039,15500US5413924039,"Kanawha County (part), Cedar Grove town, West Virginia",383,279,196,83,26,57,104,85,19
ACSSF,2013e5,wv,000,0036,0003199,155,54,001,15500US5414212001,"Barbour County (part), Century CDP, West Virginia",33,25,15,10,0,10,8,8,0
ACSSF,2013e5,wv,000,0036,0003200,155,54,099,15500US5414308099,"Wayne County (part), Ceredo city, West Virginia",694,388,261,127,60,67,306,239,67
ACSSF,2013e5,wv,000,0036,0003201,155,54,045,15500US5414524045,"Logan County (part), Chapmanville town, West Virginia",610,401,305,96,16,80,209,190,19
ACSSF,2013e5,wv,000,0036,0003202,155,54,039,15500US5414600039,"Kanawha County (part), Charleston city, West Virginia",23314,12056,8349,3707,938,2769,11258,9945,1313
ACSSF,2013e5,wv,000,0036,0003203,155,54,037,15500US5414610037,"Jefferson County (part), Charles Town city, West Virginia",1981,1383,1155,228,49,179,598,561,37
ACSSF,2013e5,wv,000,0036,0003204,155,54,019,15500US5414630019,"Fayette County (part), Charlton Heights CDP, West Virginia",114,83,83,0,0,0,31,17,14
ACSSF,2013e5,wv,000,0036,0003205,155,54,059,15500US5414692059,"Mingo County (part), Chattaroy CDP, West Virginia",282,213,170,43,0,43,69,69,0
ACSSF,2013e5,wv,000,0036,0003206,155,54,045,15500US5414716045,"Logan County (part), Chauncey CDP, West Virginia",41,41,41,0,0,0,0,0,0
ACSSF,2013e5,wv,000,0036,0003207,155,54,061,15500US5414775061,"Monongalia County (part), Cheat Lake CDP, West Virginia",3156,2287,2050,237,93,144,869,707,162
ACSSF,2013e5,wv,000,0036,0003208,155,54,039,15500US5414812039,"Kanawha County (part), Chelyan CDP, West Virginia",445,150,81,69,31,38,295,240,55
ACSSF,2013e5,wv,000,0036,0003209,155,54,039,15500US5415028039,"Kanawha County (part), Chesapeake town, West Virginia",659,381,219,162,37,125,278,240,38
ACSSF,2013e5,wv,000,0036,0003210,155,54,029,15500US5415076029,"Hancock County (part), Chester city, West Virginia",1129,701,532,169,43,126,428,407,21
ACSSF,2013e5,wv,000,0036,0003211,155,54,033,15500US5415628033,"Harrison County (part), Clarksburg city, West Virginia",6625,3813,2686,1127,262,865,2812,2475,337
ACSSF,2013e5,wv,000,0036,0003212,155,54,015,15500US5415676015,"Clay County (part), Clay town, West Virginia",231,126,101,25,0,25,105,92,13
ACSSF,2013e5,wv,000,0036,0003213,155,54,069,15500US5415916069,"Ohio County (part), Clearview village, West Virginia",209,166,150,16,4,12,43,39,4
ACSSF,2013e5,wv,000,0036,0003214,155,54,039,15500US5416012039,"Kanawha County (part), Clendenin town, West Virginia",400,304,224,80,16,64,96,87,9
ACSSF,2013e5,wv,000,0036,0003215,155,54,081,15500US5416516081,"Raleigh County (part), Coal City CDP, West Virginia",688,456,356,100,0,100,232,216,16
ACSSF,2013e5,wv,000,0036,0003216,155,54,039,15500US5416612039,"Kanawha County (part), Coal Fork CDP, West Virginia",500,263,242,21,0,21,237,171,66
ACSSF,2013e5,wv,000,0036,0003217,155,54,005,15500US5417380005,"Boone County (part), Comfort CDP, West Virginia",102,102,102,0,0,0,0,0,0
ACSSF,2013e5,wv,000,0036,0003218,155,54,109,15500US5417836109,"Wyoming County (part), Corinne CDP, West Virginia",67,50,18,32,0,32,17,17,0
ACSSF,2013e5,wv,000,0036,0003219,155,54,109,15500US5418388109,"Wyoming County (part), Covel CDP, West Virginia",80,80,80,0,0,0,0,0,0
ACSSF,2013e5,wv,000,0036,0003220,155,54,101,15500US5418412101,"Webster County (part), Cowen town, West Virginia",207,127,92,35,13,22,80,80,0
ACSSF,2013e5,wv,000,0036,0003221,155,54,081,15500US5418508081,"Raleigh County (part), Crab Orchard CDP, West Virginia",1233,925,768,157,42,115,308,308,0
ACSSF,2013e5,wv,000,0036,0003222,155,54,067,15500US5418604067,"Nicholas County (part), Craigsville CDP, West Virginia",751,489,369,120,33,87,262,237,25
ACSSF,2013e5,wv,000,0036,0003223,155,54,039,15500US5419108039,"Kanawha County (part), Cross Lanes CDP, West Virginia",4035,2619,1856,763,165,598,1416,1122,294
ACSSF,2013e5,wv,000,0036,0003224,155,54,099,15500US5419300099,"Wayne County (part), Crum CDP, West Virginia",48,36,10,26,0,26,12,12,0
ACSSF,2013e5,wv,000,0036,0003225,155,54,047,15500US5419324047,"McDowell County (part), Crumpler CDP, West Virginia",95,86,64,22,12,10,9,9,0
ACSSF,2013e5,wv,000,0036,0003226,155,54,047,15500US5419492047,"McDowell County (part), Cucumber CDP, West Virginia",7,7,7,0,0,0,0,0,0
ACSSF,2013e5,wv,000,0036,0003227,155,54,011,15500US5419516011,"Cabell County (part), Culloden CDP, West Virginia",986,707,584,123,31,92,279,256,23
ACSSF,2013e5,wv,000,0036,0003228,155,54,079,15500US5419516079,"Putnam County (part), Culloden CDP, West Virginia",87,87,47,40,10,30,0,0,0
ACSSF,2013e5,wv,000,0036,0003229,155,54,083,15500US5419948083,"Randolph County (part), Dailey CDP, West Virginia",48,16,16,0,0,0,32,14,18
ACSSF,2013e5,wv,000,0036,0003230,155,54,081,15500US5420164081,"Raleigh County (part), Daniels CDP, West Virginia",855,596,487,109,0,109,259,259,0
ACSSF,2013e5,wv,000,0036,0003231,155,54,005,15500US5420212005,"Boone County (part), Danville town, West Virginia",394,211,158,53,11,42,183,167,16
ACSSF,2013e5,wv,000,0036,0003232,155,54,093,15500US5420428093,"Tucker County (part), Davis town, West Virginia",289,181,162,19,9,10,108,98,10
ACSSF,2013e5,wv,000,0036,0003233,155,54,047,15500US5420500047,"McDowell County (part), Davy town, West Virginia",105,76,57,19,2,17,29,24,5
ACSSF,2013e5,wv,000,0036,0003234,155,54,019,15500US5420764019,"Fayette County (part), Deep Water CDP, West Virginia",90,55,26,29,0,29,35,35,0
ACSSF,2013e5,wv,000,0036,0003235,155,54,059,15500US5420980059,"Mingo County (part), Delbarton town, West Virginia",374,278,193,85,54,31,96,96,0
ACSSF,2013e5,wv,000,0036,0003236,155,54,033,15500US5421316033,"Harrison County (part), Despard CDP, West Virginia",409,285,217,68,19,49,124,124,0
ACSSF,2013e5,wv,000,0036,0003237,155,54,019,15500US5421628019,"Fayette County (part), Dixie CDP, West Virginia",14,14,14,0,0,0,0,0,0
ACSSF,2013e5,wv,000,0036,0003238,155,54,067,15500US5421628067,"Nicholas County (part), Dixie CDP, West Virginia",69,69,64,5,0,5,0,0,0
ACSSF,2013e5,wv,000,0036,0003239,155,54,039,15500US5422564039,"Kanawha County (part), Dunbar city, West Virginia",3535,2036,1108,928,252,676,1499,1233,266
ACSSF,2013e5,wv,000,0036,0003240,155,54,075,15500US5422852075,"Pocahontas County (part), Durbin town, West Virginia",122,77,61,16,2,14,45,35,10
ACSSF,2013e5,wv,000,0036,0003241,155,54,039,15500US5423092039,"Kanawha County (part), East Bank town, West Virginia",410,309,231,78,30,48,101,101,0
ACSSF,2013e5,wv,000,0036,0003242,155,54,083,15500US5423140083,"Randolph County (part), East Dailey CDP, West Virginia",151,92,92,0,0,0,59,59,0
ACSSF,2013e5,wv,000,0036,0003243,155,54,081,15500US5423644081,"Raleigh County (part), Eccles CDP, West Virginia",118,15,15,0,0,0,103,49,54
ACSSF,2013e5,wv,000,0036,0003244,155,54,079,15500US5424292079,"Putnam County (part), Eleanor town, West Virginia",781,573,451,122,33,89,208,143,65
ACSSF,2013e5,wv,000,0036,0003245,155,54,105,15500US5424364105,"Wirt County (part), Elizabeth town, West Virginia",370,243,160,83,20,63,127,113,14
ACSSF,2013e5,wv,000,0036,0003246,155,54,057,15500US5424484057,"Mineral County (part), Elk Garden town, West Virginia",109,42,32,10,3,7,67,65,2
ACSSF,2013e5,wv,000,0036,0003247,155,54,083,15500US5424580083,"Randolph County (part), Elkins city, West Virginia",3045,1774,1130,644,191,453,1271,1180,91
ACSSF,2013e5,wv,000,0036,0003248,155,54,039,15500US5424748039,"Kanawha County (part), Elkview CDP, West Virginia",482,347,278,69,0,69,135,104,31
ACSSF,2013e5,wv,000,0036,0003249,155,54,085,15500US5424844085,"Ritchie County (part), Ellenboro town, West Virginia",166,114,109,5,3,2,52,44,8
ACSSF,2013e5,wv,000,0036,0003250,155,54,033,15500US5425516033,"Harrison County (part), Enterprise CDP, West Virginia",331,264,184,80,15,65,67,39,28
ACSSF,2013e5,wv,000,0036,0003251,155,54,025,15500US5426428025,"Greenbrier County (part), Fairlea CDP, West Virginia",727,438,240,198,37,161,289,231,58
ACSSF,2013e5,wv,000,0036,0003252,155,54,049,15500US5426452049,"Marion County (part), Fairmont city, West Virginia",7690,4345,2872,1473,437,1036,3345,2689,656
ACSSF,2013e5,wv,000,0036,0003253,155,54,049,15500US5426524049,"Marion County (part), Fairview town, West Virginia",174,122,89,33,19,14,52,40,12
ACSSF,2013e5,wv,000,0036,0003254,155,54,025,15500US5426692025,"Greenbrier County (part), Falling Spring town, West Virginia",108,53,43,10,4,6,55,52,3
ACSSF,2013e5,wv,000,0036,0003255,155,54,003,15500US5426716003,"Berkeley County (part), Falling Waters CDP, West Virginia",276,212,161,51,18,33,64,64,0
ACSSF,2013e5,wv,000,0036,0003256,155,54,019,15500US5426812019,"Fayette County (part), Falls View CDP, West Virginia",88,50,24,26,26,0,38,38,0
ACSSF,2013e5,wv,000,0036,0003257,155,54,049,15500US5426932049,"Marion County (part), Farmington town, West Virginia",188,132,97,35,18,17,56,46,10
ACSSF,2013e5,wv,000,0036,0003258,155,54,019,15500US5427028019,"Fayette County (part), Fayetteville town, West Virginia",1265,808,579,229,60,169,457,400,57
ACSSF,2013e5,wv,000,0036,0003259,155,54,067,15500US5427196067,"Nicholas County (part), Fenwick CDP, West Virginia",33,29,29,0,0,0,4,0,4
ACSSF,2013e5,wv,000,0036,0003260,155,54,007,15500US5427868007,"Braxton County (part), Flatwoods town, West Virginia",128,90,77,13,5,8,38,23,15
ACSSF,2013e5,wv,000,0036,0003261,155,54,091,15500US5427940091,"Taylor County (part), Flemington town, West Virginia",118,88,69,19,2,17,30,28,2
ACSSF,2013e5,wv,000,0036,0003262,155,54,009,15500US5428204009,"Brooke County (part), Follansbee city, West Virginia",1439,745,558,187,55,132,694,520,174
ACSSF,2013e5,wv,000,0036,0003263,155,54,057,15500US5428444057,"Mineral County (part), Fort Ashby CDP, West Virginia",702,376,310,66,0,66,326,295,31
ACSSF,2013e5,wv,000,0036,0003264,155,54,099,15500US5428516099,"Wayne County (part), Fort Gay town, West Virginia",395,245,132,113,21,92,150,142,8
ACSSF,2013e5,wv,000,0036,0003265,155,54,075,15500US5428948075,"Pocahontas County (part), Frank CDP, West Virginia",24,13,0,13,4,9,11,11,0
ACSSF,2013e5,wv,000,0036,0003266,155,54,071,15500US5429044071,"Pendleton County (part), Franklin town, West Virginia",319,170,105,65,18,47,149,132,17
ACSSF,2013e5,wv,000,0036,0003267,155,54,095,15500US5429404095,"Tyler County (part), Friendly town, West Virginia",40,20,19,1,0,1,20,20,0
ACSSF,2013e5,wv,000,0036,0003268,155,54,053,15500US5429716053,"Mason County (part), Gallipolis Ferry CDP, West Virginia",427,334,248,86,33,53,93,79,14
ACSSF,2013e5,wv,000,0036,0003269,155,54,001,15500US5429740001,"Barbour County (part), Galloway CDP, West Virginia",62,62,53,9,0,9,0,0,0
ACSSF,2013e5,wv,000,0036,0003270,155,54,047,15500US5430196047,"McDowell County (part), Gary city, West Virginia",321,206,126,80,6,74,115,101,14
ACSSF,2013e5,wv,000,0036,0003271,155,54,007,15500US5430220007,"Braxton County (part), Gassaway town, West Virginia",426,257,202,55,19,36,169,146,23
ACSSF,2013e5,wv,000,0036,0003272,155,54,019,15500US5430364019,"Fayette County (part), Gauley Bridge town, West Virginia",258,189,107,82,9,73,69,65,4
ACSSF,2013e5,wv,000,0036,0003273,155,54,081,15500US5430724081,"Raleigh County (part), Ghent CDP, West Virginia",205,140,115,25,0,25,65,44,21
ACSSF,2013e5,wv,000,0036,0003274,155,54,059,15500US5430772059,"Mingo County (part), Gilbert town, West Virginia",224,166,115,51,4,47,58,47,11
ACSSF,2013e5,wv,000,0036,0003275,155,54,059,15500US5430777059,"Mingo County (part), Gilbert Creek CDP, West Virginia",518,391,354,37,0,37,127,127,0
ACSSF,2013e5,wv,000,0036,0003276,155,54,039,15500US5431324039,"Kanawha County (part), Glasgow town, West Virginia",259,220,152,68,29,39,39,39,0
ACSSF,2013e5,wv,000,0036,0003277,155,54,051,15500US5431492051,"Marshall County (part), Glen Dale city, West Virginia",699,477,347,130,39,91,222,194,28
ACSSF,2013e5,wv,000,0036,0003278,155,54,019,15500US5431732019,"Fayette County (part), Glen Ferris CDP, West Virginia",56,47,30,17,0,17,9,9,0
ACSSF,2013e5,wv,000,0036,0003279,155,54,109,15500US5431756109,"Wyoming County (part), Glen Fork CDP, West Virginia",227,131,64,67,11,56,96,74,22
ACSSF,2013e5,wv,000,0036,0003280,155,54,019,15500US5431876019,"Fayette County (part), Glen Jean CDP, West Virginia",103,103,47,56,0,56,0,0,0
ACSSF,2013e5,wv,000,0036,0003281,155,54,021,15500US5432044021,"Gilmer County (part), Glenville town, West Virginia",565,256,151,105,16,89,309,193,116
ACSSF,2013e5,wv,000,0036,0003282,155,54,081,15500US5432068081,"Raleigh County (part), Glen White CDP, West Virginia",184,123,123,0,0,0,61,61,0
ACSSF,2013e5,wv,000,0036,0003283,155,54,091,15500US5432716091,"Taylor County (part), Grafton city, West Virginia",2253,1350,836,514,118,396,903,810,93
ACSSF,2013e5,wv,000,0036,0003284,155,54,013,15500US5432884013,"Calhoun County (part), Grantsville town, West Virginia",243,163,93,70,24,46,80,78,2
ACSSF,2013e5,wv,000,0036,0003285,155,54,049,15500US5432908049,"Marion County (part), Grant Town town, West Virginia",231,152,121,31,4,27,79,74,5
ACSSF,2013e5,wv,000,0036,0003286,155,54,061,15500US5432932061,"Monongalia County (part), Granville town, West Virginia",522,276,142,134,53,81,246,218,28
ACSSF,2013e5,wv,000,0036,0003287,155,54,065,15500US5433100065,"Morgan County (part), Great Cacapon CDP, West Virginia",136,115,80,35,0,35,21,14,7
ACSSF,2013e5,wv,000,0036,0003288,155,54,075,15500US5433124075,"Pocahontas County (part), Green Bank CDP, West Virginia",42,42,42,0,0,0,0,0,0
ACSSF,2013e5,wv,000,0036,0003289,155,54,027,15500US5433436027,"Hampshire County (part), Green Spring CDP, West Virginia",148,20,20,0,0,0,128,121,7
ACSSF,2013e5,wv,000,0036,0003290,155,54,005,15500US5433580005,"Boone County (part), Greenview CDP, West Virginia",87,49,10,39,9,30,38,38,0
ACSSF,2013e5,wv,000,0036,0003291,155,54,033,15500US5434180033,"Harrison County (part), Gypsy CDP, West Virginia",140,43,23,20,15,5,97,82,15
ACSSF,2013e5,wv,000,0036,0003292,155,54,093,15500US5434492093,"Tucker County (part), Hambleton town, West Virginia",109,62,47,15,3,12,47,41,6
ACSSF,2013e5,wv,000,0036,0003293,155,54,043,15500US5434516043,"Lincoln County (part), Hamlin town, West Virginia",558,384,253,131,37,94,174,166,8
ACSSF,2013e5,wv,000,0036,0003294,155,54,039,15500US5434756039,"Kanawha County (part), Handley town, West Virginia",138,85,59,26,17,9,53,46,7
ACSSF,2013e5,wv,000,0036,0003295,155,54,083,15500US5435092083,"Randolph County (part), Harman town, West Virginia",75,47,39,8,0,8,28,28,0
ACSSF,2013e5,wv,000,0036,0003296,155,54,037,15500US5435284037,"Jefferson County (part), Harpers Ferry town, West Virginia",124,62,61,1,0,1,62,55,7
ACSSF,2013e5,wv,000,0036,0003297,155,54,085,15500US5435428085,"Ritchie County (part), Harrisville town, West Virginia",823,491,336,155,34,121,332,305,27
ACSSF,2013e5,wv,000,0036,0003298,155,54,053,15500US5435500053,"Mason County (part), Hartford City town, West Virginia",256,188,134,54,11,43,68,62,6
ACSSF,2013e5,wv,000,0036,0003299,155,54,043,15500US5435596043,"Lincoln County (part), Harts CDP, West Virginia",265,180,103,77,0,77,85,85,0
ACSSF,2013e5,wv,000,0036,0003300,155,54,003,15500US5436220003,"Berkeley County (part), Hedgesville town, West Virginia",133,76,62,14,2,12,57,44,13
ACSSF,2013e5,wv,000,0036,0003301,155,54,081,15500US5436292081,"Raleigh County (part), Helen CDP, West Virginia",57,57,0,57,0,57,0,0,0
ACSSF,2013e5,wv,000,0036,0003302,155,54,083,15500US5436340083,"Randolph County (part), Helvetia CDP, West Virginia",8,8,0,8,8,0,0,0,0
ACSSF,2013e5,wv,000,0036,0003303,155,54,053,15500US5436436053,"Mason County (part), Henderson town, West Virginia",81,40,26,14,3,11,41,36,5
ACSSF,2013e5,wv,000,0036,0003304,155,54,093,15500US5436460093,"Tucker County (part), Hendricks town, West Virginia",127,90,80,10,7,3,37,34,3
ACSSF,2013e5,wv,000,0036,0003305,155,54,045,15500US5436484045,"Logan County (part), Henlawson CDP, West Virginia",69,69,48,21,0,21,0,0,0
ACSSF,2013e5,wv,000,0036,0003306,155,54,033,15500US5436628033,"Harrison County (part), Hepzibah CDP, West Virginia",169,134,123,11,0,11,35,35,0
ACSSF,2013e5,wv,000,0036,0003307,155,54,019,15500US5437036019,"Fayette County (part), Hico CDP, West Virginia",85,85,56,29,0,29,0,0,0
ACSSF,2013e5,wv,000,0036,0003308,155,54,075,15500US5437372075,"Pocahontas County (part), Hillsboro town, West Virginia",132,80,49,31,10,21,52,48,4
ACSSF,2013e5,wv,000,0036,0003309,155,54,019,15500US5437444019,"Fayette County (part), Hilltop CDP, West Virginia",191,168,68,100,15,85,23,23,0
ACSSF,2013e5,wv,000,0036,0003310,155,54,089,15500US5437636089,"Summers County (part), Hinton city, West Virginia",1275,641,440,201,67,134,634,600,34
ACSSF,2013e5,wv,000,0036,0003311,155,54,045,15500US5437948045,"Logan County (part), Holden CDP, West Virginia",258,202,165,37,9,28,56,56,0
ACSSF,2013e5,wv,000,0036,0003312,155,54,079,15500US5438260079,"Putnam County (part), Hometown CDP, West Virginia",180,148,94,54,0,54,32,32,0
ACSSF,2013e5,wv,000,0036,0003313,155,54,009,15500US5438476009,"Brooke County (part), Hooverson Heights CDP, West Virginia",1052,707,555,152,65,87,345,318,27
ACSSF,2013e5,wv,000,0036,0003314,155,54,103,15500US5439340103,"Wetzel County (part), Hundred town, West Virginia",113,67,57,10,2,8,46,33,13
ACSSF,2013e5,wv,000,0036,0003315,155,54,075,15500US5439412075,"Pocahontas County (part), Huntersville CDP, West Virginia",138,93,77,16,0,16,45,45,0
ACSSF,2013e5,wv,000,0036,0003316,155,54,011,15500US5439460011,"Cabell County (part), Huntington city, West Virginia",19616,9882,6223,3659,871,2788,9734,7873,1861
ACSSF,2013e5,wv,000,0036,0003317,155,54,099,15500US5439460099,"Wayne County (part), Huntington city, West Virginia",1669,954,651,303,89,214,715,654,61
ACSSF,2013e5,wv,000,0036,0003318,155,54,079,15500US5439532079,"Putnam County (part), Hurricane city, West Virginia",2326,1729,1340,389,121,268,597,502,95
ACSSF,2013e5,wv,000,0036,0003319,155,54,083,15500US5439628083,"Randolph County (part), Huttonsville town, West Virginia",95,51,49,2,2,0,44,30,14
ACSSF,2013e5,wv,000,0036,0003320,155,54,047,15500US5439652047,"McDowell County (part), Iaeger town, West Virginia",119,84,76,8,4,4,35,33,2
ACSSF,2013e5,wv,000,0036,0003321,155,54,049,15500US5439676049,"Marion County (part), Idamay CDP, West Virginia",95,62,49,13,0,13,33,33,0
ACSSF,2013e5,wv,000,0036,0003322,155,54,003,15500US5440204003,"Berkeley County (part), Inwood CDP, West Virginia",991,720,431,289,152,137,271,235,36
ACSSF,2013e5,wv,000,0036,0003323,155,54,109,15500US5440444109,"Wyoming County (part), Itmann CDP, West Virginia",111,98,60,38,0,38,13,13,0
ACSSF,2013e5,wv,000,0036,0003324,155,54,103,15500US5440636103,"Wetzel County (part), Jacksonburg CDP, West Virginia",43,24,24,0,0,0,19,19,0
ACSSF,2013e5,wv,000,0036,0003325,155,54,041,15500US5440828041,"Lewis County (part), Jane Lew town, West Virginia",250,119,87,32,4,28,131,128,3
ACSSF,2013e5,wv,000,0036,0003326,155,54,039,15500US5441010039,"Kanawha County (part), Jefferson CDP, West Virginia",238,135,96,39,17,22,103,90,13
ACSSF,2013e5,wv,000,0036,0003327,155,54,001,15500US5442244001,"Barbour County (part), Junior town, West Virginia",186,124,71,53,36,17,62,62,0
ACSSF,2013e5,wv,000,0036,0003328,155,54,059,15500US5442292059,"Mingo County (part), Justice CDP, West Virginia",126,62,62,0,0,0,64,64,0
ACSSF,2013e5,wv,000,0036,0003329,155,54,099,15500US5443180099,"Wayne County (part), Kenova city, West Virginia",1432,786,424,362,125,237,646,616,30
ACSSF,2013e5,wv,000,0036,0003330,155,54,059,15500US5443300059,"Mingo County (part), Kermit town, West Virginia",157,136,75,61,2,59,21,18,3
ACSSF,2013e5,wv,000,0036,0003331,155,54,057,15500US5443492057,"Mineral County (part), Keyser city, West Virginia",2279,1079,634,445,28,417,1200,1200,0
ACSSF,2013e5,wv,000,0036,0003332,155,54,047,15500US5443516047,"McDowell County (part), Keystone city, West Virginia",102,77,42,35,3,32,25,25,0
ACSSF,2013e5,wv,000,0036,0003333,155,54,047,15500US5443780047,"McDowell County (part), Kimball town, West Virginia",109,92,54,38,2,36,17,13,4
ACSSF,2013e5,wv,000,0036,0003334,155,54,019,15500US5443828019,"Fayette County (part), Kimberly CDP, West Virginia",149,123,96,27,14,13,26,26,0
ACSSF,2013e5,wv,000,0036,0003335,155,54,019,15500US5443852019,"Fayette County (part), Kincaid CDP, West Virginia",104,89,42,47,0,47,15,15,0
ACSSF,2013e5,wv,000,0036,0003336,155,54,077,15500US5444044077,"Preston County (part), Kingwood city, West Virginia",1324,790,656,134,7,127,534,489,45
ACSSF,2013e5,wv,000,0036,0003337,155,54,045,15500US5444188045,"Logan County (part), Kistler CDP, West Virginia",214,137,68,69,0,69,77,61,16
ACSSF,2013e5,wv,000,0036,0003338,155,54,109,15500US5444548109,"Wyoming County (part), Kopperston CDP, West Virginia",153,87,75,12,0,12,66,66,0
ACSSF,2013e5,wv,000,0036,0003339,155,54,055,15500US5445292055,"Mercer County (part), Lashmeet CDP, West Virginia",138,120,94,26,0,26,18,18,0
ACSSF,2013e5,wv,000,0036,0003340,155,54,099,15500US5445580099,"Wayne County (part), Lavalette CDP, West Virginia",454,263,246,17,0,17,191,191,0
ACSSF,2013e5,wv,000,0036,0003341,155,54,053,15500US5446300053,"Mason County (part), Leon town, West Virginia",47,28,25,3,0,3,19,15,4
ACSSF,2013e5,wv,000,0036,0003342,155,54,011,15500US5446420011,"Cabell County (part), Lesage CDP, West Virginia",680,450,368,82,8,74,230,209,21
ACSSF,2013e5,wv,000,0036,0003343,155,54,081,15500US5446468081,"Raleigh County (part), Lester town, West Virginia",131,90,60,30,2,28,41,40,1
ACSSF,2013e5,wv,000,0036,0003344,155,54,025,15500US5446636025,"Greenbrier County (part), Lewisburg city, West Virginia",1932,985,842,143,53,90,947,820,127
ACSSF,2013e5,wv,000,0036,0003345,155,54,103,15500US5447788103,"Wetzel County (part), Littleton CDP, West Virginia",75,68,0,68,11,57,7,3,4
ACSSF,2013e5,wv,000,0036,0003346,155,54,045,15500US5448148045,"Logan County (part), Logan city, West Virginia",907,520,328,192,40,152,387,319,68
ACSSF,2013e5,wv,000,0036,0003347,155,54,033,15500US5448748033,"Harrison County (part), Lost Creek town, West Virginia",161,135,92,43,9,34,26,21,5
ACSSF,2013e5,wv,000,0036,0003348,155,54,107,15500US5449156107,"Wood County (part), Lubeck CDP, West Virginia",471,369,321,48,27,21,102,82,20
ACSSF,2013e5,wv,000,0036,0003349,155,54,033,15500US5449252033,"Harrison County (part), Lumberport town, West Virginia",503,379,272,107,28,79,124,120,4
ACSSF,2013e5,wv,000,0036,0003350,155,54,081,15500US5449492081,"Raleigh County (part), Mabscott town, West Virginia",521,380,312,68,13,55,141,123,18
ACSSF,2013e5,wv,000,0036,0003351,155,54,081,15500US5449564081,"Raleigh County (part), MacArthur CDP, West Virginia",783,524,309,215,131,84,259,237,22
ACSSF,2013e5,wv,000,0036,0003352,155,54,045,15500US5449732045,"Logan County (part), McConnell CDP, West Virginia",241,206,183,23,14,9,35,35,0
ACSSF,2013e5,wv,000,0036,0003353,155,54,051,15500US5450260051,"Marshall County (part), McMechen city, West Virginia",758,428,296,132,47,85,330,312,18
ACSSF,2013e5,wv,000,0036,0003354,155,54,005,15500US5450524005,"Boone County (part), Madison city, West Virginia",1284,873,671,202,71,131,411,349,62
ACSSF,2013e5,wv,000,0036,0003355,155,54,045,15500US5450860045,"Logan County (part), Mallory CDP, West Virginia",586,389,277,112,54,58,197,188,9
ACSSF,2013e5,wv,000,0036,0003356,155,54,045,15500US5450932045,"Logan County (part), Man town, West Virginia",734,472,358,114,11,103,262,215,47
ACSSF,2013e5,wv,000,0036,0003357,155,54,049,15500US5451100049,"Marion County (part), Mannington city, West Virginia",747,493,358,135,53,82,254,221,33
ACSSF,2013e5,wv,000,0036,0003358,155,54,075,15500US5451676075,"Pocahontas County (part), Marlinton town, West Virginia",475,262,181,81,22,59,213,169,44
ACSSF,2013e5,wv,000,0036,0003359,155,54,039,15500US5451724039,"Kanawha County (part), Marmet city, West Virginia",619,405,282,123,23,100,214,192,22
ACSSF,2013e5,wv,000,0036,0003360,155,54,003,15500US5452060003,"Berkeley County (part), Martinsburg city, West Virginia",7085,4202,2615,1587,378,1209,2883,2533,350
ACSSF,2013e5,wv,000,0036,0003361,155,54,053,15500US5452180053,"Mason County (part), Mason town, West Virginia",458,275,158,117,21,96,183,168,15
ACSSF,2013e5,wv,000,0036,0003362,155,54,077,15500US5452228077,"Preston County (part), Masontown town, West Virginia",329,227,181,46,11,35,102,69,33
ACSSF,2013e5,wv,000,0036,0003363,155,54,059,15500US5452324059,"Mingo County (part), Matewan town, West Virginia",326,127,85,42,13,29,199,178,21
ACSSF,2013e5,wv,000,0036,0003364,155,54,109,15500US5452372109,"Wyoming County (part), Matheny CDP, West Virginia",171,116,100,16,0,16,55,32,23
ACSSF,2013e5,wv,000,0036,0003365,155,54,055,15500US5452420055,"Mercer County (part), Matoaka town, West Virginia",111,57,33,24,14,10,54,51,3
ACSSF,2013e5,wv,000,0036,0003366,155,54,047,15500US5452588047,"McDowell County (part), Maybeury CDP, West Virginia",86,32,19,13,7,6,54,46,8
ACSSF,2013e5,wv,000,0036,0003367,155,54,019,15500US5452780019,"Fayette County (part), Meadow Bridge town, West Virginia",139,82,65,17,11,6,57,51,6
ACSSF,2013e5,wv,000,0036,0003368,155,54,095,15500US5453572095,"Tyler County (part), Middlebourne town, West Virginia",408,236,148,88,23,65,172,164,8
ACSSF,2013e5,wv,000,0036,0003369,155,54,037,15500US5453692037,"Jefferson County (part), Middleway CDP, West Virginia",163,138,98,40,12,28,25,25,0
ACSSF,2013e5,wv,000,0036,0003370,155,54,083,15500US5454100083,"Randolph County (part), Mill Creek town, West Virginia",320,195,154,41,10,31,125,114,11
ACSSF,2013e5,wv,000,0036,0003371,155,54,011,15500US5454484011,"Cabell County (part), Milton town, West Virginia",1220,723,536,187,42,145,497,438,59
ACSSF,2013e5,wv,000,0036,0003372,155,54,019,15500US5454508019,"Fayette County (part), Minden CDP, West Virginia",126,101,40,61,0,61,25,25,0
ACSSF,2013e5,wv,000,0036,0003373,155,54,107,15500US5454580107,"Wood County (part), Mineralwells CDP, West Virginia",624,519,382,137,62,75,105,92,13
ACSSF,2013e5,wv,000,0036,0003374,155,54,045,15500US5454892045,"Logan County (part), Mitchell Heights town, West Virginia",194,132,118,14,2,12,62,60,2
ACSSF,2013e5,wv,000,0036,0003375,155,54,045,15500US5455132045,"Logan County (part), Monaville CDP, West Virginia",75,21,21,0,0,0,54,54,0
ACSSF,2013e5,wv,000,0036,0003376,155,54,049,15500US5455276049,"Marion County (part), Monongah town, West Virginia",570,394,265,129,41,88,176,165,11
ACSSF,2013e5,wv,000,0036,0003377,155,54,055,15500US5455372055,"Mercer County (part), Montcalm CDP, West Virginia",245,136,131,5,0,5,109,109,0
ACSSF,2013e5,wv,000,0036,0003378,155,54,019,15500US5455468019,"Fayette County (part), Montgomery city, West Virginia",405,164,94,70,14,56,241,221,20
ACSSF,2013e5,wv,000,0036,0003379,155,54,039,15500US5455468039,"Kanawha County (part), Montgomery city, West Virginia",276,174,113,61,8,53,102,83,19
ACSSF,2013e5,wv,000,0036,0003380,155,54,083,15500US5455540083,"Randolph County (part), Montrose town, West Virginia",70,56,45,11,3,8,14,12,2
ACSSF,2013e5,wv,000,0036,0003381,155,54,031,15500US5455588031,"Hardy County (part), Moorefield town, West Virginia",1009,506,328,178,34,144,503,496,7
ACSSF,2013e5,wv,000,0036,0003382,155,54,061,15500US5455756061,"Monongalia County (part), Morgantown city, West Virginia",9776,3600,2671,929,248,681,6176,4513,1663
ACSSF,2013e5,wv,000,0036,0003383,155,54,051,15500US5456020051,"Marshall County (part), Moundsville city, West Virginia",4355,2454,1716,738,237,501,1901,1660,241
ACSSF,2013e5,wv,000,0036,0003384,155,54,019,15500US5456212019,"Fayette County (part), Mount Carbon CDP, West Virginia",123,90,76,14,0,14,33,33,0
ACSSF,2013e5,wv,000,0036,0003385,155,54,045,15500US5456342045,"Logan County (part), Mount Gay-Shamrock CDP, West Virginia",601,427,296,131,48,83,174,110,64
ACSSF,2013e5,wv,000,0036,0003386,155,54,019,15500US5456404019,"Fayette County (part), Mount Hope city, West Virginia",571,342,221,121,13,108,229,195,34
ACSSF,2013e5,wv,000,0036,0003387,155,54,109,15500US5457148109,"Wyoming County (part), Mullens city, West Virginia",904,532,416,116,36,80,372,335,37
ACSSF,2013e5,wv,000,0036,0003388,155,54,045,15500US5457916045,"Logan County (part), Neibert CDP, West Virginia",62,62,47,15,0,15,0,0,0
ACSSF,2013e5,wv,000,0036,0003389,155,54,067,15500US5458180067,"Nicholas County (part), Nettie CDP, West Virginia",351,304,207,97,39,58,47,47,0
ACSSF,2013e5,wv,000,0036,0003390,155,54,077,15500US5458300077,"Preston County (part), Newburg town, West Virginia",183,142,88,54,41,13,41,28,13
ACSSF,2013e5,wv,000,0036,0003391,155,54,029,15500US5458372029,"Hancock County (part), New Cumberland city, West Virginia",519,315,175,140,63,77,204,176,28
ACSSF,2013e5,wv,000,0036,0003392,155,54,029,15500US5458420029,"Hancock County (part), Newell CDP, West Virginia",449,286,189,97,69,28,163,108,55
ACSSF,2013e5,wv,000,0036,0003393,155,54,053,15500US5458564053,"Mason County (part), New Haven town, West Virginia",680,430,309,121,31,90,250,244,6
ACSSF,2013e5,wv,000,0036,0003394,155,54,103,15500US5458684103,"Wetzel County (part), New Martinsville city, West Virginia",2261,1313,981,332,25,307,948,826,122
ACSSF,2013e5,wv,000,0036,0003395,155,54,109,15500US5458756109,"Wyoming County (part), New Richmond CDP, West Virginia",65,65,65,0,0,0,0,0,0
ACSSF,2013e5,wv,000,0036,0003396,155,54,039,15500US5459068039,"Kanawha County (part), Nitro city, West Virginia",2644,1640,1177,463,173,290,1004,795,209
ACSSF,2013e5,wv,000,0036,0003397,155,54,079,15500US5459068079,"Putnam County (part), Nitro city, West Virginia",430,273,181,92,27,65,157,105,52
ACSSF,2013e5,wv,000,0036,0003398,155,54,047,15500US5459428047,"McDowell County (part), Northfork town, West Virginia",212,89,54,35,1,34,123,101,22
ACSSF,2013e5,wv,000,0036,0003399,155,54,107,15500US5459458107,"Wood County (part), North Hills town, West Virginia",301,234,192,42,26,16,67,61,6
ACSSF,2013e5,wv,000,0036,0003400,155,54,033,15500US5459836033,"Harrison County (part), Nutter Fort town, West Virginia",674,393,292,101,13,88,281,260,21
ACSSF,2013e5,wv,000,0036,0003401,155,54,019,15500US5460028019,"Fayette County (part), Oak Hill city, West Virginia",3318,2021,1489,532,71,461,1297,1116,181
ACSSF,2013e5,wv,000,0036,0003402,155,54,055,15500US5460196055,"Mercer County (part), Oakvale town, West Virginia",50,29,26,3,0,3,21,15,6
ACSSF,2013e5,wv,000,0036,0003403,155,54,109,15500US5460364109,"Wyoming County (part), Oceana town, West Virginia",692,527,420,107,33,74,165,141,24
ACSSF,2013e5,wv,000,0036,0003404,155,54,045,15500US5460628045,"Logan County (part), Omar CDP, West Virginia",288,231,147,84,13,71,57,57,0
ACSSF,2013e5,wv,000,0036,0003405,155,54,095,15500US5461636095,"Tyler County (part), Paden City city, West Virginia",350,195,170,25,20,5,155,148,7
ACSSF,2013e5,wv,000,0036,0003406,155,54,103,15500US5461636103,"Wetzel County (part), Paden City city, West Virginia",847,497,345,152,40,112,350,337,13
ACSSF,2013e5,wv,000,0036,0003407,155,54,019,15500US5461660019,"Fayette County (part), Page CDP, West Virginia",73,44,44,0,0,0,29,14,15
ACSSF,2013e5,wv,000,0036,0003408,155,54,047,15500US5461684047,"McDowell County (part), Pageton CDP, West Virginia",44,5,0,5,0,5,39,39,0
ACSSF,2013e5,wv,000,0036,0003409,155,54,107,15500US5462140107,"Wood County (part), Parkersburg city, West Virginia",13442,7716,5387,2329,601,1728,5726,5074,652
ACSSF,2013e5,wv,000,0036,0003410,155,54,093,15500US5462284093,"Tucker County (part), Parsons city, West Virginia",671,454,340,114,26,88,217,190,27
ACSSF,2013e5,wv,000,0036,0003411,155,54,065,15500US5462332065,"Morgan County (part), Paw Paw town, West Virginia",231,123,86,37,10,27,108,96,12
ACSSF,2013e5,wv,000,0036,0003412,155,54,019,15500US5462356019,"Fayette County (part), Pax town, West Virginia",95,43,35,8,0,8,52,52,0
ACSSF,2013e5,wv,000,0036,0003413,155,54,011,15500US5462488011,"Cabell County (part), Pea Ridge CDP, West Virginia",2835,1896,1514,382,111,271,939,894,45
ACSSF,2013e5,wv,000,0036,0003414,155,54,085,15500US5462764085,"Ritchie County (part), Pennsboro city, West Virginia",494,329,235,94,33,61,165,143,22
ACSSF,2013e5,wv,000,0036,0003415,155,54,061,15500US5462788061,"Monongalia County (part), Pentress CDP, West Virginia",92,92,63,29,0,29,0,0,0
ACSSF,2013e5,wv,000,0036,0003416,155,54,023,15500US5462956023,"Grant County (part), Petersburg city, West Virginia",1070,617,446,171,60,111,453,373,80
ACSSF,2013e5,wv,000,0036,0003417,155,54,063,15500US5463052063,"Monroe County (part), Peterstown town, West Virginia",266,157,131,26,11,15,109,101,8
ACSSF,2013e5,wv,000,0036,0003418,155,54,001,15500US5463292001,"Barbour County (part), Philippi city, West Virginia",1156,634,453,181,51,130,522,458,64
ACSSF,2013e5,wv,000,0036,0003419,155,54,083,15500US5463484083,"Randolph County (part), Pickens CDP, West Virginia",29,13,0,13,0,13,16,16,0
ACSSF,2013e5,wv,000,0036,0003420,155,54,057,15500US5463604057,"Mineral County (part), Piedmont town, West Virginia",324,180,95,85,24,61,144,139,5
ACSSF,2013e5,wv,000,0036,0003421,155,54,039,15500US5463772039,"Kanawha County (part), Pinch CDP, West Virginia",1201,877,677,200,54,146,324,257,67
ACSSF,2013e5,wv,000,0036,0003422,155,54,103,15500US5463892103,"Wetzel County (part), Pine Grove town, West Virginia",281,208,135,73,8,65,73,73,0
ACSSF,2013e5,wv,000,0036,0003423,155,54,109,15500US5463940109,"Wyoming County (part), Pineville town, West Virginia",356,272,215,57,7,50,84,76,8
ACSSF,2013e5,wv,000,0036,0003424,155,54,081,15500US5463988081,"Raleigh County (part), Piney View CDP, West Virginia",476,330,292,38,0,38,146,131,15
ACSSF,2013e5,wv,000,0036,0003425,155,54,049,15500US5464228049,"Marion County (part), Pleasant Valley city, West Virginia",1410,865,612,253,41,212,545,485,60
ACSSF,2013e5,wv,000,0036,0003426,155,54,079,15500US5464516079,"Putnam County (part), Poca town, West Virginia",503,402,340,62,11,51,101,83,18
ACSSF,2013e5,wv,000,0036,0003427,155,54,053,15500US5464708053,"Mason County (part), Point Pleasant city, West Virginia",1910,1185,855,330,75,255,725,648,77
ACSSF,2013e5,wv,000,0036,0003428,155,54,019,15500US5465284019,"Fayette County (part), Powellton CDP, West Virginia",182,122,76,46,15,31,60,60,0
ACSSF,2013e5,wv,000,0036,0003429,155,54,039,15500US5465356039,"Kanawha County (part), Pratt town, West Virginia",203,152,109,43,4,39,51,38,13
ACSSF,2013e5,wv,000,0036,0003430,155,54,099,15500US5465596099,"Wayne County (part), Prichard CDP, West Virginia",161,130,119,11,0,11,31,31,0
ACSSF,2013e5,wv,000,0036,0003431,155,54,019,15500US5465668019,"Fayette County (part), Prince CDP, West Virginia",68,53,0,53,0,53,15,15,0
ACSSF,2013e5,wv,000,0036,0003432,155,54,055,15500US5465692055,"Mercer County (part), Princeton city, West Virginia",2756,1563,1058,505,135,370,1193,1003,190
ACSSF,2013e5,wv,000,0036,0003433,155,54,081,15500US5465836081,"Raleigh County (part), Prosperity CDP, West Virginia",663,445,301,144,26,118,218,190,28
ACSSF,2013e5,wv,000,0036,0003434,155,54,085,15500US5465956085,"Ritchie County (part), Pullman town, West Virginia",77,45,37,8,3,5,32,32,0
ACSSF,2013e5,wv,000,0036,0003435,155,54,025,15500US5466412025,"Greenbrier County (part), Quinwood town, West Virginia",151,92,45,47,42,5,59,55,4
ACSSF,2013e5,wv,000,0036,0003436,155,54,049,15500US5466460049,"Marion County (part), Rachel CDP, West Virginia",94,85,85,0,0,0,9,9,0
ACSSF,2013e5,wv,000,0036,0003437,155,54,005,15500US5466484005,"Boone County (part), Racine CDP, West Virginia",127,58,49,9,0,9,69,69,0
ACSSF,2013e5,wv,000,0036,0003438,155,54,025,15500US5466652025,"Greenbrier County (part), Rainelle town, West Virginia",646,405,267,138,39,99,241,207,34
ACSSF,2013e5,wv,000,0036,0003439,155,54,039,15500US5466892039,"Kanawha County (part), Rand CDP, West Virginia",515,308,153,155,44,111,207,178,29
ACSSF,2013e5,wv,000,0036,0003440,155,54,037,15500US5466988037,"Jefferson County (part), Ranson corporation, West Virginia",1717,1155,640,515,137,378,562,432,130
ACSSF,2013e5,wv,000,0036,0003441,155,54,035,15500US5467108035,"Jackson County (part), Ravenswood city, West Virginia",1656,880,631,249,65,184,776,665,111
ACSSF,2013e5,wv,000,0036,0003442,155,54,047,15500US5467228047,"McDowell County (part), Raysal CDP, West Virginia",125,95,66,29,0,29,30,30,0
ACSSF,2013e5,wv,000,0036,0003443,155,54,103,15500US5467252103,"Wetzel County (part), Reader CDP, West Virginia",181,120,104,16,16,0,61,61,0
ACSSF,2013e5,wv,000,0036,0003444,155,54,059,15500US5467396059,"Mingo County (part), Red Jacket CDP, West Virginia",253,141,62,79,38,41,112,63,49
ACSSF,2013e5,wv,000,0036,0003445,155,54,077,15500US5467636077,"Preston County (part), Reedsville town, West Virginia",212,131,83,48,3,45,81,59,22
ACSSF,2013e5,wv,000,0036,0003446,155,54,087,15500US5467660087,"Roane County (part), Reedy town, West Virginia",58,46,41,5,0,5,12,10,2
ACSSF,2013e5,wv,000,0036,0003447,155,54,081,15500US5467996081,"Raleigh County (part), Rhodell town, West Virginia",73,52,40,12,1,11,21,19,2
ACSSF,2013e5,wv,000,0036,0003448,155,54,067,15500US5468116067,"Nicholas County (part), Richwood city, West Virginia",1064,667,435,232,65,167,397,368,29
ACSSF,2013e5,wv,000,0036,0003449,155,54,057,15500US5468260057,"Mineral County (part), Ridgeley town, West Virginia",324,135,75,60,6,54,189,181,8
ACSSF,2013e5,wv,000,0036,0003450,155,54,035,15500US5468596035,"Jackson County (part), Ripley city, West Virginia",1444,779,500,279,87,192,665,574,91
ACSSF,2013e5,wv,000,0036,0003451,155,54,049,15500US5468908049,"Marion County (part), Rivesville town, West Virginia",464,310,232,78,28,50,154,127,27
ACSSF,2013e5,wv,000,0036,0003452,155,54,045,15500US5469100045,"Logan County (part), Robinette CDP, West Virginia",156,124,85,39,5,34,32,32,0
ACSSF,2013e5,wv,000,0036,0003453,155,54,047,15500US5469844047,"McDowell County (part), Roderfield CDP, West Virginia",53,10,10,0,0,0,43,43,0
ACSSF,2013e5,wv,000,0036,0003454,155,54,027,15500US5470084027,"Hampshire County (part), Romney city, West Virginia",888,328,223,105,27,78,560,537,23
ACSSF,2013e5,wv,000,0036,0003455,155,54,025,15500US5470156025,"Greenbrier County (part), Ronceverte city, West Virginia",834,424,292,132,32,100,410,356,54
ACSSF,2013e5,wv,000,0036,0003456,155,54,045,15500US5470468045,"Logan County (part), Rossmore CDP, West Virginia",163,122,84,38,21,17,41,0,41
ACSSF,2013e5,wv,000,0036,0003457,155,54,077,15500US5470588077,"Preston County (part), Rowlesburg town, West Virginia",287,205,169,36,11,25,82,77,5
ACSSF,2013e5,wv,000,0036,0003458,155,54,025,15500US5470828025,"Greenbrier County (part), Rupert town, West Virginia",496,319,206,113,41,72,177,137,40
ACSSF,2013e5,wv,000,0036,0003459,155,54,039,15500US5471212039,"Kanawha County (part), St. Albans city, West Virginia",4925,3029,2342,687,242,445,1896,1703,193
ACSSF,2013e5,wv,000,0036,0003460,155,54,073,15500US5471356073,"Pleasants County (part), St. Marys city, West Virginia",798,519,440,79,0,79,279,263,16
ACSSF,2013e5,wv,000,0036,0003461,155,54,033,15500US5471380033,"Harrison County (part), Salem city, West Virginia",641,411,262,149,31,118,230,183,47
ACSSF,2013e5,wv,000,0036,0003462,155,54,011,15500US5471476011,"Cabell County (part), Salt Rock CDP, West Virginia",238,207,140,67,12,55,31,31,0
ACSSF,2013e5,wv,000,0036,0003463,155,54,021,15500US5471620021,"Gilmer County (part), Sand Fork town, West Virginia",69,55,29,26,12,14,14,14,0
ACSSF,2013e5,wv,000,0036,0003464,155,54,045,15500US5472004045,"Logan County (part), Sarah Ann CDP, West Virginia",118,84,27,57,24,33,34,24,10
ACSSF,2013e5,wv,000,0036,0003465,155,54,019,15500US5472292019,"Fayette County (part), Scarbro CDP, West Virginia",172,110,76,34,0,34,62,53,9
ACSSF,2013e5,wv,000,0036,0003466,155,54,081,15500US5473108081,"Raleigh County (part), Shady Spring CDP, West Virginia",1344,983,769,214,98,116,361,361,0
ACSSF,2013e5,wv,000,0036,0003467,155,54,037,15500US5473252037,"Jefferson County (part), Shannondale CDP, West Virginia",1191,790,647,143,42,101,401,309,92
ACSSF,2013e5,wv,000,0036,0003468,155,54,037,15500US5473444037,"Jefferson County (part), Shenandoah Junction CDP, West Virginia",156,156,103,53,0,53,0,0,0
ACSSF,2013e5,wv,000,0036,0003469,155,54,037,15500US5473468037,"Jefferson County (part), Shepherdstown town, West Virginia",393,192,122,70,13,57,201,101,100
ACSSF,2013e5,wv,000,0036,0003470,155,54,033,15500US5473636033,"Harrison County (part), Shinnston city, West Virginia",1096,794,491,303,77,226,302,294,8
ACSSF,2013e5,wv,000,0036,0003471,155,54,039,15500US5473876039,"Kanawha County (part), Shrewsbury CDP, West Virginia",243,221,160,61,0,61,22,12,10
ACSSF,2013e5,wv,000,0036,0003472,155,54,039,15500US5474356039,"Kanawha County (part), Sissonville CDP, West Virginia",2236,1588,1261,327,39,288,648,604,44
ACSSF,2013e5,wv,000,0036,0003473,155,54,095,15500US5474380095,"Tyler County (part), Sistersville city, West Virginia",626,416,270,146,18,128,210,178,32
ACSSF,2013e5,wv,000,0036,0003474,155,54,019,15500US5474740019,"Fayette County (part), Smithers city, West Virginia",377,206,73,133,36,97,171,160,11
ACSSF,2013e5,wv,000,0036,0003475,155,54,039,15500US5474740039,"Kanawha County (part), Smithers city, West Virginia",0,0,0,0,0,0,0,0,0
ACSSF,2013e5,wv,000,0036,0003476,155,54,103,15500US5474788103,"Wetzel County (part), Smithfield town, West Virginia",66,40,25,15,4,11,26,26,0
ACSSF,2013e5,wv,000,0036,0003477,155,54,081,15500US5475172081,"Raleigh County (part), Sophia town, West Virginia",503,353,258,95,0,95,150,142,8
ACSSF,2013e5,wv,000,0036,0003478,155,54,039,15500US5475292039,"Kanawha County (part), South Charleston city, West Virginia",6436,3781,2617,1164,193,971,2655,2457,198
ACSSF,2013e5,wv,000,0036,0003479,155,54,033,15500US5475796033,"Harrison County (part), Spelter CDP, West Virginia",166,122,78,44,19,25,44,44,0
ACSSF,2013e5,wv,000,0036,0003480,155,54,087,15500US5475820087,"Roane County (part), Spencer city, West Virginia",1146,639,471,168,7,161,507,485,22
ACSSF,2013e5,wv,000,0036,0003481,155,54,027,15500US5476084027,"Hampshire County (part), Springfield CDP, West Virginia",229,142,128,14,0,14,87,87,0
ACSSF,2013e5,wv,000,0036,0003482,155,54,081,15500US5476444081,"Raleigh County (part), Stanaford CDP, West Virginia",559,397,308,89,36,53,162,142,20
ACSSF,2013e5,wv,000,0036,0003483,155,54,061,15500US5476516061,"Monongalia County (part), Star City town, West Virginia",832,371,239,132,45,87,461,367,94
ACSSF,2013e5,wv,000,0036,0003484,155,54,045,15500US5476996045,"Logan County (part), Stollings CDP, West Virginia",198,160,111,49,0,49,38,38,0
ACSSF,2013e5,wv,000,0036,0003485,155,54,033,15500US5477188033,"Harrison County (part), Stonewood city, West Virginia",849,520,452,68,0,68,329,303,26
ACSSF,2013e5,wv,000,0036,0003486,155,54,067,15500US5477980067,"Nicholas County (part), Summersville city, West Virginia",1646,1094,939,155,36,119,552,530,22
ACSSF,2013e5,wv,000,0036,0003487,155,54,007,15500US5478580007,"Braxton County (part), Sutton town, West Virginia",495,313,246,67,7,60,182,162,20
ACSSF,2013e5,wv,000,0036,0003488,155,54,045,15500US5478796045,"Logan County (part), Switzer CDP, West Virginia",240,160,140,20,20,0,80,80,0
ACSSF,2013e5,wv,000,0036,0003489,155,54,005,15500US5478964005,"Boone County (part), Sylvester town, West Virginia",139,120,113,7,2,5,19,15,4
ACSSF,2013e5,wv,000,0036,0003490,155,54,079,15500US5479545079,"Putnam County (part), Teays Valley CDP, West Virginia",5375,4021,3371,650,158,492,1354,1143,211
ACSSF,2013e5,wv,000,0036,0003491,155,54,077,15500US5479708077,"Preston County (part), Terra Alta town, West Virginia",688,496,310,186,75,111,192,169,23
ACSSF,2013e5,wv,000,0036,0003492,155,54,093,15500US5480020093,"Tucker County (part), Thomas city, West Virginia",254,116,97,19,6,13,138,129,9
ACSSF,2013e5,wv,000,0036,0003493,155,54,019,15500US5480284019,"Fayette County (part), Thurmond town, West Virginia",4,4,4,0,0,0,0,0,0
ACSSF,2013e5,wv,000,0036,0003494,155,54,067,15500US5480476067,"Nicholas County (part), Tioga CDP, West Virginia",22,13,0,13,0,13,9,9,0
ACSSF,2013e5,wv,000,0036,0003495,155,54,039,15500US5480764039,"Kanawha County (part), Tornado CDP, West Virginia",533,458,432,26,5,21,75,75,0
ACSSF,2013e5,wv,000,0036,0003496,155,54,069,15500US5480932069,"Ohio County (part), Triadelphia town, West Virginia",409,241,189,52,5,47,168,117,51
ACSSF,2013e5,wv,000,0036,0003497,155,54,077,15500US5481268077,"Preston County (part), Tunnelton town, West Virginia",159,110,87,23,7,16,49,41,8
ACSSF,2013e5,wv,000,0036,0003498,155,54,005,15500US5481484005,"Boone County (part), Twilight CDP, West Virginia",29,29,25,4,0,4,0,0,0
ACSSF,2013e5,wv,000,0036,0003499,155,54,063,15500US5481940063,"Monroe County (part), Union town, West Virginia",291,174,102,72,22,50,117,100,17
ACSSF,2013e5,wv,000,0036,0003500,155,54,083,15500US5482564083,"Randolph County (part), Valley Bend CDP, West Virginia",178,154,107,47,11,36,24,24,0
ACSSF,2013e5,wv,000,0036,0003501,155,54,069,15500US5482732069,"Ohio County (part), Valley Grove village, West Virginia",204,148,132,16,4,12,56,42,14
ACSSF,2013e5,wv,000,0036,0003502,155,54,083,15500US5482756083,"Randolph County (part), Valley Head CDP, West Virginia",140,99,71,28,14,14,41,41,0
ACSSF,2013e5,wv,000,0036,0003503,155,54,005,15500US5482852005,"Boone County (part), Van CDP, West Virginia",56,31,21,10,10,0,25,25,0
ACSSF,2013e5,wv,000,0036,0003504,155,54,045,15500US5483332045,"Logan County (part), Verdunville CDP, West Virginia",258,134,83,51,0,51,124,44,80
ACSSF,2013e5,wv,000,0036,0003505,155,54,107,15500US5483500107,"Wood County (part), Vienna city, West Virginia",4700,2980,2449,531,82,449,1720,1498,222
ACSSF,2013e5,wv,000,0036,0003506,155,54,047,15500US5483764047,"McDowell County (part), Vivian CDP, West Virginia",16,16,16,0,0,0,0,0,0
ACSSF,2013e5,wv,000,0036,0003507,155,54,047,15500US5484484047,"McDowell County (part), War city, West Virginia",306,214,161,53,28,25,92,83,9
ACSSF,2013e5,wv,000,0036,0003508,155,54,031,15500US5484580031,"Hardy County (part), Wardensville town, West Virginia",133,58,54,4,0,4,75,56,19
ACSSF,2013e5,wv,000,0036,0003509,155,54,107,15500US5484724107,"Wood County (part), Washington CDP, West Virginia",567,492,398,94,13,81,75,62,13
ACSSF,2013e5,wv,000,0036,0003510,155,54,107,15500US5484916107,"Wood County (part), Waverly CDP, West Virginia",132,103,103,0,0,0,29,22,7
ACSSF,2013e5,wv,000,0036,0003511,155,54,099,15500US5484940099,"Wayne County (part), Wayne town, West Virginia",866,575,383,192,37,155,291,245,46
ACSSF,2013e5,wv,000,0036,0003512,155,54,009,15500US5485156009,"Brooke County (part), Weirton city, West Virginia",1795,997,672,325,136,189,798,699,99
ACSSF,2013e5,wv,000,0036,0003513,155,54,029,15500US5485156029,"Hancock County (part), Weirton city, West Virginia",6807,4176,2892,1284,322,962,2631,2347,284
ACSSF,2013e5,wv,000,0036,0003514,155,54,047,15500US5485228047,"McDowell County (part), Welch city, West Virginia",902,494,341,153,38,115,408,380,28
ACSSF,2013e5,wv,000,0036,0003515,155,54,009,15500US5485324009,"Brooke County (part), Wellsburg city, West Virginia",1302,760,537,223,73,150,542,495,47
ACSSF,2013e5,wv,000,0036,0003516,155,54,043,15500US5485804043,"Lincoln County (part), West Hamlin town, West Virginia",434,243,151,92,31,61,191,191,0
ACSSF,2013e5,wv,000,0036,0003517,155,54,069,15500US5485876069,"Ohio County (part), West Liberty town, West Virginia",251,71,45,26,6,20,180,110,70
ACSSF,2013e5,wv,000,0036,0003518,155,54,045,15500US5485900045,"Logan County (part), West Logan town, West Virginia",247,145,90,55,5,50,102,98,4
ACSSF,2013e5,wv,000,0036,0003519,155,54,033,15500US5485924033,"Harrison County (part), West Milford town, West Virginia",337,242,185,57,7,50,95,88,7
ACSSF,2013e5,wv,000,0036,0003520,155,54,041,15500US5485972041,"Lewis County (part), Weston city, West Virginia",1544,1017,642,375,110,265,527,456,71
ACSSF,2013e5,wv,000,0036,0003521,155,54,061,15500US5485996061,"Monongalia County (part), Westover city, West Virginia",1641,1008,705,303,80,223,633,538,95
ACSSF,2013e5,wv,000,0036,0003522,155,54,017,15500US5486116017,"Doddridge County (part), West Union town, West Virginia",401,251,179,72,20,52,150,112,38
ACSSF,2013e5,wv,000,0036,0003523,155,54,051,15500US5486452051,"Marshall County (part), Wheeling city, West Virginia",130,102,74,28,7,21,28,28,0
ACSSF,2013e5,wv,000,0036,0003524,155,54,069,15500US5486452069,"Ohio County (part), Wheeling city, West Virginia",12697,6733,4822,1911,329,1582,5964,5386,578
ACSSF,2013e5,wv,000,0036,0003525,155,54,049,15500US5486620049,"Marion County (part), White Hall town, West Virginia",292,166,131,35,3,32,126,109,17
ACSSF,2013e5,wv,000,0036,0003526,155,54,025,15500US5486812025,"Greenbrier County (part), White Sulphur Springs city, West Virginia",1178,710,394,316,85,231,468,408,60
ACSSF,2013e5,wv,000,0036,0003527,155,54,005,15500US5486836005,"Boone County (part), Whitesville town, West Virginia",250,132,102,30,5,25,118,97,21
ACSSF,2013e5,wv,000,0036,0003528,155,54,083,15500US5486932083,"Randolph County (part), Whitmer CDP, West Virginia",22,22,13,9,0,9,0,0,0
ACSSF,2013e5,wv,000,0036,0003529,155,54,057,15500US5487316057,"Mineral County (part), Wiley Ford CDP, West Virginia",376,163,97,66,30,36,213,200,13
ACSSF,2013e5,wv,000,0036,0003530,155,54,059,15500US5487508059,"Mingo County (part), Williamson city, West Virginia",1374,863,471,392,42,350,511,472,39
ACSSF,2013e5,wv,000,0036,0003531,155,54,107,15500US5487556107,"Wood County (part), Williamstown city, West Virginia",1227,824,701,123,54,69,403,348,55
ACSSF,2013e5,wv,000,0036,0003532,155,54,009,15500US5487892009,"Brooke County (part), Windsor Heights village, West Virginia",206,151,105,46,21,25,55,51,4
ACSSF,2013e5,wv,000,0036,0003533,155,54,079,15500US5487988079,"Putnam County (part), Winfield town, West Virginia",932,672,536,136,38,98,260,230,30
ACSSF,2013e5,wv,000,0036,0003534,155,54,033,15500US5488276033,"Harrison County (part), Wolf Summit CDP, West Virginia",45,36,27,9,9,0,9,9,0
ACSSF,2013e5,wv,000,0036,0003535,155,54,083,15500US5488324083,"Randolph County (part), Womelsdorf (Coalton) town, West Virginia",106,74,65,9,3,6,32,32,0
ACSSF,2013e5,wv,000,0036,0003536,155,54,049,15500US5488708049,"Marion County (part), Worthington town, West Virginia",97,81,71,10,2,8,16,16,0
ACSSF,2013e5,wv,000,0036,0003537,160,54,   ,16000US5400196,"Accoville CDP, West Virginia",143,109,101,8,8,0,34,34,0
ACSSF,2013e5,wv,000,0036,0003538,160,54,   ,16000US5400364,"Addison (Webster Springs) town, West Virginia",502,362,216,146,29,117,140,130,10
ACSSF,2013e5,wv,000,0036,0003539,160,54,   ,16000US5400748,"Albright town, West Virginia",104,76,65,11,7,4,28,23,5
ACSSF,2013e5,wv,000,0036,0003540,160,54,   ,16000US5400772,"Alderson town, West Virginia",517,299,209,90,32,58,218,190,28
ACSSF,2013e5,wv,000,0036,0003541,160,54,   ,16000US5401396,"Alum Creek CDP, West Virginia",743,529,344,185,63,122,214,194,20
ACSSF,2013e5,wv,000,0036,0003542,160,54,   ,16000US5401660,"Amherstdale CDP, West Virginia",121,51,39,12,0,12,70,57,13
ACSSF,2013e5,wv,000,0036,0003543,160,54,   ,16000US5401780,"Anawalt town, West Virginia",95,65,40,25,9,16,30,28,2
ACSSF,2013e5,wv,000,0036,0003544,160,54,   ,16000US5401900,"Anmoore town, West Virginia",335,243,133,110,7,103,92,64,28
ACSSF,2013e5,wv,000,0036,0003545,160,54,   ,16000US5401996,"Ansted town, West Virginia",620,448,364,84,13,71,172,157,15
ACSSF,2013e5,wv,000,0036,0003546,160,54,   ,16000US5402188,"Apple Grove CDP, West Virginia",38,38,38,0,0,0,0,0,0
ACSSF,2013e5,wv,000,0036,0003547,160,54,   ,16000US5403292,"Athens town, West Virginia",277,133,117,16,7,9,144,80,64
ACSSF,2013e5,wv,000,0036,0003548,160,54,   ,16000US5403364,"Auburn town, West Virginia",47,29,11,18,3,15,18,15,3
ACSSF,2013e5,wv,000,0036,0003549,160,54,   ,16000US5403460,"Aurora CDP, West Virginia",96,72,72,0,0,0,24,24,0
ACSSF,2013e5,wv,000,0036,0003550,160,54,   ,16000US5404204,"Bancroft town, West Virginia",331,181,88,93,81,12,150,139,11
ACSSF,2013e5,wv,000,0036,0003551,160,54,   ,16000US5404276,"Barboursville village, West Virginia",1648,975,807,168,51,117,673,616,57
ACSSF,2013e5,wv,000,0036,0003552,160,54,   ,16000US5404612,"Barrackville town, West Virginia",530,339,288,51,17,34,191,180,11
ACSSF,2013e5,wv,000,0036,0003553,160,54,   ,16000US5404732,"Bartley CDP, West Virginia",96,79,32,47,23,24,17,17,0
ACSSF,2013e5,wv,000,0036,0003554,160,54,   ,16000US5404780,"Bartow CDP, West Virginia",73,63,63,0,0,0,10,10,0
ACSSF,2013e5,wv,000,0036,0003555,160,54,   ,16000US5404876,"Bath (Berkeley Springs) town, West Virginia",384,116,77,39,4,35,268,229,39
ACSSF,2013e5,wv,000,0036,0003556,160,54,   ,16000US5404924,"Bayard town, West Virginia",147,106,94,12,2,10,41,36,5
ACSSF,2013e5,wv,000,0036,0003557,160,54,   ,16000US5405068,"Beards Fork CDP, West Virginia",51,39,29,10,0,10,12,12,0
ACSSF,2013e5,wv,000,0036,0003558,160,54,   ,16000US5405260,"Beaver CDP, West Virginia",548,404,275,129,22,107,144,144,0
ACSSF,2013e5,wv,000,0036,0003559,160,54,   ,16000US5405332,"Beckley city, West Virginia",7666,4146,2633,1513,346,1167,3520,2958,562
ACSSF,2013e5,wv,000,0036,0003560,160,54,   ,16000US5405452,"Beech Bottom village, West Virginia",267,165,114,51,36,15,102,90,12
ACSSF,2013e5,wv,000,0036,0003561,160,54,   ,16000US5405788,"Belington town, West Virginia",782,631,417,214,34,180,151,105,46
ACSSF,2013e5,wv,000,0036,0003562,160,54,   ,16000US5405836,"Belle town, West Virginia",582,386,236,150,40,110,196,177,19
ACSSF,2013e5,wv,000,0036,0003563,160,54,   ,16000US5406004,"Belmont city, West Virginia",422,265,218,47,8,39,157,145,12
ACSSF,2013e5,wv,000,0036,0003564,160,54,   ,16000US5406052,"Belva CDP, West Virginia",39,39,28,11,0,11,0,0,0
ACSSF,2013e5,wv,000,0036,0003565,160,54,   ,16000US5406340,"Benwood city, West Virginia",630,330,192,138,29,109,300,272,28
ACSSF,2013e5,wv,000,0036,0003566,160,54,   ,16000US5406436,"Bergoo CDP, West Virginia",23,23,12,11,0,11,0,0,0
ACSSF,2013e5,wv,000,0036,0003567,160,54,   ,16000US5406748,"Berwind CDP, West Virginia",120,85,77,8,0,8,35,21,14
ACSSF,2013e5,wv,000,0036,0003568,160,54,   ,16000US5406844,"Bethany town, West Virginia",190,124,91,33,8,25,66,62,4
ACSSF,2013e5,wv,000,0036,0003569,160,54,   ,16000US5406940,"Bethlehem village, West Virginia",994,703,580,123,46,77,291,273,18
ACSSF,2013e5,wv,000,0036,0003570,160,54,   ,16000US5406988,"Beverly town, West Virginia",279,191,102,89,31,58,88,85,3
ACSSF,2013e5,wv,000,0036,0003571,160,54,   ,16000US5407204,"Big Chimney CDP, West Virginia",216,94,94,0,0,0,122,122,0
ACSSF,2013e5,wv,000,0036,0003572,160,54,   ,16000US5407228,"Big Creek CDP, West Virginia",107,107,94,13,0,13,0,0,0
ACSSF,2013e5,wv,000,0036,0003573,160,54,   ,16000US5407516,"Big Sandy CDP, West Virginia",61,34,34,0,0,0,27,27,0
ACSSF,2013e5,wv,000,0036,0003574,160,54,   ,16000US5407756,"Birch River CDP, West Virginia",61,61,40,21,0,21,0,0,0
ACSSF,2013e5,wv,000,0036,0003575,160,54,   ,16000US5408092,"Blacksville town, West Virginia",56,38,27,11,5,6,18,15,3
ACSSF,2013e5,wv,000,0036,0003576,160,54,   ,16000US5408308,"Blennerhassett CDP, West Virginia",1258,901,691,210,89,121,357,324,33
ACSSF,2013e5,wv,000,0036,0003577,160,54,   ,16000US5408524,"Bluefield city, West Virginia",4673,2822,2053,769,129,640,1851,1708,143
ACSSF,2013e5,wv,000,0036,0003578,160,54,   ,16000US5408764,"Bluewell CDP, West Virginia",1022,671,530,141,32,109,351,265,86
ACSSF,2013e5,wv,000,0036,0003579,160,54,   ,16000US5408836,"Boaz CDP, West Virginia",617,436,380,56,17,39,181,174,7
ACSSF,2013e5,wv,000,0036,0003580,160,54,   ,16000US5408932,"Bolivar town, West Virginia",500,284,207,77,33,44,216,194,22
ACSSF,2013e5,wv,000,0036,0003581,160,54,   ,16000US5408956,"Bolt CDP, West Virginia",205,165,165,0,0,0,40,33,7
ACSSF,2013e5,wv,000,0036,0003582,160,54,   ,16000US5409100,"Boomer CDP, West Virginia",379,299,219,80,23,57,80,80,0
ACSSF,2013e5,wv,000,0036,0003583,160,54,   ,16000US5409364,"Bowden CDP, West Virginia",0,0,0,0,0,0,0,0,0
ACSSF,2013e5,wv,000,0036,0003584,160,54,   ,16000US5409676,"Bradley CDP, West Virginia",666,432,347,85,23,62,234,122,112
ACSSF,2013e5,wv,000,0036,0003585,160,54,   ,16000US5409700,"Bradshaw town, West Virginia",121,72,66,6,6,0,49,49,0
ACSSF,2013e5,wv,000,0036,0003586,160,54,   ,16000US5409796,"Bramwell town, West Virginia",176,150,103,47,18,29,26,23,3
ACSSF,2013e5,wv,000,0036,0003587,160,54,   ,16000US5409844,"Brandonville town, West Virginia",73,67,59,8,1,7,6,6,0
ACSSF,2013e5,wv,000,0036,0003588,160,54,   ,16000US5409868,"Brandywine CDP, West Virginia",118,91,53,38,9,29,27,27,0
ACSSF,2013e5,wv,000,0036,0003589,160,54,   ,16000US5409964,"Brenton CDP, West Virginia",74,51,25,26,0,26,23,23,0
ACSSF,2013e5,wv,000,0036,0003590,160,54,   ,16000US5410180,"Bridgeport city, West Virginia",3287,2399,1941,458,151,307,888,853,35
ACSSF,2013e5,wv,000,0036,0003591,160,54,   ,16000US5410420,"Brookhaven CDP, West Virginia",2012,1241,959,282,89,193,771,530,241
ACSSF,2013e5,wv,000,0036,0003592,160,54,   ,16000US5410852,"Bruceton Mills town, West Virginia",29,23,19,4,0,4,6,6,0
ACSSF,2013e5,wv,000,0036,0003593,160,54,   ,16000US5410876,"Bruno CDP, West Virginia",187,174,150,24,0,24,13,13,0
ACSSF,2013e5,wv,000,0036,0003594,160,54,   ,16000US5410948,"Brush Fork CDP, West Virginia",426,249,148,101,25,76,177,121,56
ACSSF,2013e5,wv,000,0036,0003595,160,54,   ,16000US5411188,"Buckhannon city, West Virginia",1876,1079,753,326,49,277,797,692,105
ACSSF,2013e5,wv,000,0036,0003596,160,54,   ,16000US5411212,"Bud CDP, West Virginia",171,118,60,58,39,19,53,53,0
ACSSF,2013e5,wv,000,0036,0003597,160,54,   ,16000US5411284,"Buffalo town, West Virginia",539,340,268,72,30,42,199,168,31
ACSSF,2013e5,wv,000,0036,0003598,160,54,   ,16000US5411620,"Burlington CDP, West Virginia",34,34,34,0,0,0,0,0,0
ACSSF,2013e5,wv,000,0036,0003599,160,54,   ,16000US5411716,"Burnsville town, West Virginia",227,145,69,76,34,42,82,77,5
ACSSF,2013e5,wv,000,0036,0003600,160,54,   ,16000US5412124,"Cairo town, West Virginia",123,87,58,29,10,19,36,31,5
ACSSF,2013e5,wv,000,0036,0003601,160,54,   ,16000US5412436,"Camden-on-Gauley town, West Virginia",60,40,26,14,0,14,20,13,7
ACSSF,2013e5,wv,000,0036,0003602,160,54,   ,16000US5412484,"Cameron city, West Virginia",416,259,217,42,7,35,157,135,22
ACSSF,2013e5,wv,000,0036,0003603,160,54,   ,16000US5413108,"Capon Bridge town, West Virginia",218,98,52,46,0,46,120,102,18
ACSSF,2013e5,wv,000,0036,0003604,160,54,   ,16000US5413468,"Carolina CDP, West Virginia",136,125,125,0,0,0,11,11,0
ACSSF,2013e5,wv,000,0036,0003605,160,54,   ,16000US5413525,"Carpendale town, West Virginia",358,206,186,20,4,16,152,131,21
ACSSF,2013e5,wv,000,0036,0003606,160,54,   ,16000US5413684,"Cass CDP, West Virginia",4,4,4,0,0,0,0,0,0
ACSSF,2013e5,wv,000,0036,0003607,160,54,   ,16000US5413756,"Cassville CDP, West Virginia",281,170,170,0,0,0,111,111,0
ACSSF,2013e5,wv,000,0036,0003608,160,54,   ,16000US5413924,"Cedar Grove town, West Virginia",383,279,196,83,26,57,104,85,19
ACSSF,2013e5,wv,000,0036,0003609,160,54,   ,16000US5414212,"Century CDP, West Virginia",33,25,15,10,0,10,8,8,0
ACSSF,2013e5,wv,000,0036,0003610,160,54,   ,16000US5414308,"Ceredo city, West Virginia",694,388,261,127,60,67,306,239,67
ACSSF,2013e5,wv,000,0036,0003611,160,54,   ,16000US5414524,"Chapmanville town, West Virginia",610,401,305,96,16,80,209,190,19
ACSSF,2013e5,wv,000,0036,0003612,160,54,   ,16000US5414600,"Charleston city, West Virginia",23314,12056,8349,3707,938,2769,11258,9945,1313
ACSSF,2013e5,wv,000,0036,0003613,160,54,   ,16000US5414610,"Charles Town city, West Virginia",1981,1383,1155,228,49,179,598,561,37
ACSSF,2013e5,wv,000,0036,0003614,160,54,   ,16000US5414630,"Charlton Heights CDP, West Virginia",114,83,83,0,0,0,31,17,14
ACSSF,2013e5,wv,000,0036,0003615,160,54,   ,16000US5414692,"Chattaroy CDP, West Virginia",282,213,170,43,0,43,69,69,0
ACSSF,2013e5,wv,000,0036,0003616,160,54,   ,16000US5414716,"Chauncey CDP, West Virginia",41,41,41,0,0,0,0,0,0
ACSSF,2013e5,wv,000,0036,0003617,160,54,   ,16000US5414775,"Cheat Lake CDP, West Virginia",3156,2287,2050,237,93,144,869,707,162
ACSSF,2013e5,wv,000,0036,0003618,160,54,   ,16000US5414812,"Chelyan CDP, West Virginia",445,150,81,69,31,38,295,240,55
ACSSF,2013e5,wv,000,0036,0003619,160,54,   ,16000US5415028,"Chesapeake town, West Virginia",659,381,219,162,37,125,278,240,38
ACSSF,2013e5,wv,000,0036,0003620,160,54,   ,16000US5415076,"Chester city, West Virginia",1129,701,532,169,43,126,428,407,21
ACSSF,2013e5,wv,000,0036,0003621,160,54,   ,16000US5415628,"Clarksburg city, West Virginia",6625,3813,2686,1127,262,865,2812,2475,337
ACSSF,2013e5,wv,000,0036,0003622,160,54,   ,16000US5415676,"Clay town, West Virginia",231,126,101,25,0,25,105,92,13
ACSSF,2013e5,wv,000,0036,0003623,160,54,   ,16000US5415916,"Clearview village, West Virginia",209,166,150,16,4,12,43,39,4
ACSSF,2013e5,wv,000,0036,0003624,160,54,   ,16000US5416012,"Clendenin town, West Virginia",400,304,224,80,16,64,96,87,9
ACSSF,2013e5,wv,000,0036,0003625,160,54,   ,16000US5416516,"Coal City CDP, West Virginia",688,456,356,100,0,100,232,216,16
ACSSF,2013e5,wv,000,0036,0003626,160,54,   ,16000US5416612,"Coal Fork CDP, West Virginia",500,263,242,21,0,21,237,171,66
ACSSF,2013e5,wv,000,0036,0003627,160,54,   ,16000US5417380,"Comfort CDP, West Virginia",102,102,102,0,0,0,0,0,0
ACSSF,2013e5,wv,000,0036,0003628,160,54,   ,16000US5417836,"Corinne CDP, West Virginia",67,50,18,32,0,32,17,17,0
ACSSF,2013e5,wv,000,0036,0003629,160,54,   ,16000US5418388,"Covel CDP, West Virginia",80,80,80,0,0,0,0,0,0
ACSSF,2013e5,wv,000,0036,0003630,160,54,   ,16000US5418412,"Cowen town, West Virginia",207,127,92,35,13,22,80,80,0
ACSSF,2013e5,wv,000,0036,0003631,160,54,   ,16000US5418508,"Crab Orchard CDP, West Virginia",1233,925,768,157,42,115,308,308,0
ACSSF,2013e5,wv,000,0036,0003632,160,54,   ,16000US5418604,"Craigsville CDP, West Virginia",751,489,369,120,33,87,262,237,25
ACSSF,2013e5,wv,000,0036,0003633,160,54,   ,16000US5419108,"Cross Lanes CDP, West Virginia",4035,2619,1856,763,165,598,1416,1122,294
ACSSF,2013e5,wv,000,0036,0003634,160,54,   ,16000US5419300,"Crum CDP, West Virginia",48,36,10,26,0,26,12,12,0
ACSSF,2013e5,wv,000,0036,0003635,160,54,   ,16000US5419324,"Crumpler CDP, West Virginia",95,86,64,22,12,10,9,9,0
ACSSF,2013e5,wv,000,0036,0003636,160,54,   ,16000US5419492,"Cucumber CDP, West Virginia",7,7,7,0,0,0,0,0,0
ACSSF,2013e5,wv,000,0036,0003637,160,54,   ,16000US5419516,"Culloden CDP, West Virginia",1073,794,631,163,41,122,279,256,23
ACSSF,2013e5,wv,000,0036,0003638,160,54,   ,16000US5419948,"Dailey CDP, West Virginia",48,16,16,0,0,0,32,14,18
ACSSF,2013e5,wv,000,0036,0003639,160,54,   ,16000US5420164,"Daniels CDP, West Virginia",855,596,487,109,0,109,259,259,0
ACSSF,2013e5,wv,000,0036,0003640,160,54,   ,16000US5420212,"Danville town, West Virginia",394,211,158,53,11,42,183,167,16
ACSSF,2013e5,wv,000,0036,0003641,160,54,   ,16000US5420428,"Davis town, West Virginia",289,181,162,19,9,10,108,98,10
ACSSF,2013e5,wv,000,0036,0003642,160,54,   ,16000US5420500,"Davy town, West Virginia",105,76,57,19,2,17,29,24,5
ACSSF,2013e5,wv,000,0036,0003643,160,54,   ,16000US5420764,"Deep Water CDP, West Virginia",90,55,26,29,0,29,35,35,0
ACSSF,2013e5,wv,000,0036,0003644,160,54,   ,16000US5420980,"Delbarton town, West Virginia",374,278,193,85,54,31,96,96,0
ACSSF,2013e5,wv,000,0036,0003645,160,54,   ,16000US5421316,"Despard CDP, West Virginia",409,285,217,68,19,49,124,124,0
ACSSF,2013e5,wv,000,0036,0003646,160,54,   ,16000US5421628,"Dixie CDP, West Virginia",83,83,78,5,0,5,0,0,0
ACSSF,2013e5,wv,000,0036,0003647,160,54,   ,16000US5422564,"Dunbar city, West Virginia",3535,2036,1108,928,252,676,1499,1233,266
ACSSF,2013e5,wv,000,0036,0003648,160,54,   ,16000US5422852,"Durbin town, West Virginia",122,77,61,16,2,14,45,35,10
ACSSF,2013e5,wv,000,0036,0003649,160,54,   ,16000US5423092,"East Bank town, West Virginia",410,309,231,78,30,48,101,101,0
ACSSF,2013e5,wv,000,0036,0003650,160,54,   ,16000US5423140,"East Dailey CDP, West Virginia",151,92,92,0,0,0,59,59,0
ACSSF,2013e5,wv,000,0036,0003651,160,54,   ,16000US5423644,"Eccles CDP, West Virginia",118,15,15,0,0,0,103,49,54
ACSSF,2013e5,wv,000,0036,0003652,160,54,   ,16000US5424292,"Eleanor town, West Virginia",781,573,451,122,33,89,208,143,65
ACSSF,2013e5,wv,000,0036,0003653,160,54,   ,16000US5424364,"Elizabeth town, West Virginia",370,243,160,83,20,63,127,113,14
ACSSF,2013e5,wv,000,0036,0003654,160,54,   ,16000US5424484,"Elk Garden town, West Virginia",109,42,32,10,3,7,67,65,2
ACSSF,2013e5,wv,000,0036,0003655,160,54,   ,16000US5424580,"Elkins city, West Virginia",3045,1774,1130,644,191,453,1271,1180,91
ACSSF,2013e5,wv,000,0036,0003656,160,54,   ,16000US5424748,"Elkview CDP, West Virginia",482,347,278,69,0,69,135,104,31
ACSSF,2013e5,wv,000,0036,0003657,160,54,   ,16000US5424844,"Ellenboro town, West Virginia",166,114,109,5,3,2,52,44,8
ACSSF,2013e5,wv,000,0036,0003658,160,54,   ,16000US5425516,"Enterprise CDP, West Virginia",331,264,184,80,15,65,67,39,28
ACSSF,2013e5,wv,000,0036,0003659,160,54,   ,16000US5426428,"Fairlea CDP, West Virginia",727,438,240,198,37,161,289,231,58
ACSSF,2013e5,wv,000,0036,0003660,160,54,   ,16000US5426452,"Fairmont city, West Virginia",7690,4345,2872,1473,437,1036,3345,2689,656
ACSSF,2013e5,wv,000,0036,0003661,160,54,   ,16000US5426524,"Fairview town, West Virginia",174,122,89,33,19,14,52,40,12
ACSSF,2013e5,wv,000,0036,0003662,160,54,   ,16000US5426692,"Falling Spring town, West Virginia",108,53,43,10,4,6,55,52,3
ACSSF,2013e5,wv,000,0036,0003663,160,54,   ,16000US5426716,"Falling Waters CDP, West Virginia",276,212,161,51,18,33,64,64,0
ACSSF,2013e5,wv,000,0036,0003664,160,54,   ,16000US5426812,"Falls View CDP, West Virginia",88,50,24,26,26,0,38,38,0
ACSSF,2013e5,wv,000,0036,0003665,160,54,   ,16000US5426932,"Farmington town, West Virginia",188,132,97,35,18,17,56,46,10
ACSSF,2013e5,wv,000,0036,0003666,160,54,   ,16000US5427028,"Fayetteville town, West Virginia",1265,808,579,229,60,169,457,400,57
ACSSF,2013e5,wv,000,0036,0003667,160,54,   ,16000US5427196,"Fenwick CDP, West Virginia",33,29,29,0,0,0,4,0,4
ACSSF,2013e5,wv,000,0036,0003668,160,54,   ,16000US5427868,"Flatwoods town, West Virginia",128,90,77,13,5,8,38,23,15
ACSSF,2013e5,wv,000,0036,0003669,160,54,   ,16000US5427940,"Flemington town, West Virginia",118,88,69,19,2,17,30,28,2
ACSSF,2013e5,wv,000,0036,0003670,160,54,   ,16000US5428204,"Follansbee city, West Virginia",1439,745,558,187,55,132,694,520,174
ACSSF,2013e5,wv,000,0036,0003671,160,54,   ,16000US5428444,"Fort Ashby CDP, West Virginia",702,376,310,66,0,66,326,295,31
ACSSF,2013e5,wv,000,0036,0003672,160,54,   ,16000US5428516,"Fort Gay town, West Virginia",395,245,132,113,21,92,150,142,8
ACSSF,2013e5,wv,000,0036,0003673,160,54,   ,16000US5428948,"Frank CDP, West Virginia",24,13,0,13,4,9,11,11,0
ACSSF,2013e5,wv,000,0036,0003674,160,54,   ,16000US5429044,"Franklin town, West Virginia",319,170,105,65,18,47,149,132,17
ACSSF,2013e5,wv,000,0036,0003675,160,54,   ,16000US5429404,"Friendly town, West Virginia",40,20,19,1,0,1,20,20,0
ACSSF,2013e5,wv,000,0036,0003676,160,54,   ,16000US5429716,"Gallipolis Ferry CDP, West Virginia",427,334,248,86,33,53,93,79,14
ACSSF,2013e5,wv,000,0036,0003677,160,54,   ,16000US5429740,"Galloway CDP, West Virginia",62,62,53,9,0,9,0,0,0
ACSSF,2013e5,wv,000,0036,0003678,160,54,   ,16000US5430196,"Gary city, West Virginia",321,206,126,80,6,74,115,101,14
ACSSF,2013e5,wv,000,0036,0003679,160,54,   ,16000US5430220,"Gassaway town, West Virginia",426,257,202,55,19,36,169,146,23
ACSSF,2013e5,wv,000,0036,0003680,160,54,   ,16000US5430364,"Gauley Bridge town, West Virginia",258,189,107,82,9,73,69,65,4
ACSSF,2013e5,wv,000,0036,0003681,160,54,   ,16000US5430724,"Ghent CDP, West Virginia",205,140,115,25,0,25,65,44,21
ACSSF,2013e5,wv,000,0036,0003682,160,54,   ,16000US5430772,"Gilbert town, West Virginia",224,166,115,51,4,47,58,47,11
ACSSF,2013e5,wv,000,0036,0003683,160,54,   ,16000US5430777,"Gilbert Creek CDP, West Virginia",518,391,354,37,0,37,127,127,0
ACSSF,2013e5,wv,000,0036,0003684,160,54,   ,16000US5431324,"Glasgow town, West Virginia",259,220,152,68,29,39,39,39,0
ACSSF,2013e5,wv,000,0036,0003685,160,54,   ,16000US5431492,"Glen Dale city, West Virginia",699,477,347,130,39,91,222,194,28
ACSSF,2013e5,wv,000,0036,0003686,160,54,   ,16000US5431732,"Glen Ferris CDP, West Virginia",56,47,30,17,0,17,9,9,0
ACSSF,2013e5,wv,000,0036,0003687,160,54,   ,16000US5431756,"Glen Fork CDP, West Virginia",227,131,64,67,11,56,96,74,22
ACSSF,2013e5,wv,000,0036,0003688,160,54,   ,16000US5431876,"Glen Jean CDP, West Virginia",103,103,47,56,0,56,0,0,0
ACSSF,2013e5,wv,000,0036,0003689,160,54,   ,16000US5432044,"Glenville town, West Virginia",565,256,151,105,16,89,309,193,116
ACSSF,2013e5,wv,000,0036,0003690,160,54,   ,16000US5432068,"Glen White CDP, West Virginia",184,123,123,0,0,0,61,61,0
ACSSF,2013e5,wv,000,0036,0003691,160,54,   ,16000US5432716,"Grafton city, West Virginia",2253,1350,836,514,118,396,903,810,93
ACSSF,2013e5,wv,000,0036,0003692,160,54,   ,16000US5432884,"Grantsville town, West Virginia",243,163,93,70,24,46,80,78,2
ACSSF,2013e5,wv,000,0036,0003693,160,54,   ,16000US5432908,"Grant Town town, West Virginia",231,152,121,31,4,27,79,74,5
ACSSF,2013e5,wv,000,0036,0003694,160,54,   ,16000US5432932,"Granville town, West Virginia",522,276,142,134,53,81,246,218,28
ACSSF,2013e5,wv,000,0036,0003695,160,54,   ,16000US5433100,"Great Cacapon CDP, West Virginia",136,115,80,35,0,35,21,14,7
ACSSF,2013e5,wv,000,0036,0003696,160,54,   ,16000US5433124,"Green Bank CDP, West Virginia",42,42,42,0,0,0,0,0,0
ACSSF,2013e5,wv,000,0036,0003697,160,54,   ,16000US5433436,"Green Spring CDP, West Virginia",148,20,20,0,0,0,128,121,7
ACSSF,2013e5,wv,000,0036,0003698,160,54,   ,16000US5433580,"Greenview CDP, West Virginia",87,49,10,39,9,30,38,38,0
ACSSF,2013e5,wv,000,0036,0003699,160,54,   ,16000US5434180,"Gypsy CDP, West Virginia",140,43,23,20,15,5,97,82,15
ACSSF,2013e5,wv,000,0036,0003700,160,54,   ,16000US5434492,"Hambleton town, West Virginia",109,62,47,15,3,12,47,41,6
ACSSF,2013e5,wv,000,0036,0003701,160,54,   ,16000US5434516,"Hamlin town, West Virginia",558,384,253,131,37,94,174,166,8
ACSSF,2013e5,wv,000,0036,0003702,160,54,   ,16000US5434756,"Handley town, West Virginia",138,85,59,26,17,9,53,46,7
ACSSF,2013e5,wv,000,0036,0003703,160,54,   ,16000US5435092,"Harman town, West Virginia",75,47,39,8,0,8,28,28,0
ACSSF,2013e5,wv,000,0036,0003704,160,54,   ,16000US5435284,"Harpers Ferry town, West Virginia",124,62,61,1,0,1,62,55,7
ACSSF,2013e5,wv,000,0036,0003705,160,54,   ,16000US5435428,"Harrisville town, West Virginia",823,491,336,155,34,121,332,305,27
ACSSF,2013e5,wv,000,0036,0003706,160,54,   ,16000US5435500,"Hartford City town, West Virginia",256,188,134,54,11,43,68,62,6
ACSSF,2013e5,wv,000,0036,0003707,160,54,   ,16000US5435596,"Harts CDP, West Virginia",265,180,103,77,0,77,85,85,0
ACSSF,2013e5,wv,000,0036,0003708,160,54,   ,16000US5436220,"Hedgesville town, West Virginia",133,76,62,14,2,12,57,44,13
ACSSF,2013e5,wv,000,0036,0003709,160,54,   ,16000US5436292,"Helen CDP, West Virginia",57,57,0,57,0,57,0,0,0
ACSSF,2013e5,wv,000,0036,0003710,160,54,   ,16000US5436340,"Helvetia CDP, West Virginia",8,8,0,8,8,0,0,0,0
ACSSF,2013e5,wv,000,0036,0003711,160,54,   ,16000US5436436,"Henderson town, West Virginia",81,40,26,14,3,11,41,36,5
ACSSF,2013e5,wv,000,0036,0003712,160,54,   ,16000US5436460,"Hendricks town, West Virginia",127,90,80,10,7,3,37,34,3
ACSSF,2013e5,wv,000,0036,0003713,160,54,   ,16000US5436484,"Henlawson CDP, West Virginia",69,69,48,21,0,21,0,0,0
ACSSF,2013e5,wv,000,0036,0003714,160,54,   ,16000US5436628,"Hepzibah CDP, West Virginia",169,134,123,11,0,11,35,35,0
ACSSF,2013e5,wv,000,0036,0003715,160,54,   ,16000US5437036,"Hico CDP, West Virginia",85,85,56,29,0,29,0,0,0
ACSSF,2013e5,wv,000,0036,0003716,160,54,   ,16000US5437372,"Hillsboro town, West Virginia",132,80,49,31,10,21,52,48,4
ACSSF,2013e5,wv,000,0036,0003717,160,54,   ,16000US5437444,"Hilltop CDP, West Virginia",191,168,68,100,15,85,23,23,0
ACSSF,2013e5,wv,000,0036,0003718,160,54,   ,16000US5437636,"Hinton city, West Virginia",1275,641,440,201,67,134,634,600,34
ACSSF,2013e5,wv,000,0036,0003719,160,54,   ,16000US5437948,"Holden CDP, West Virginia",258,202,165,37,9,28,56,56,0
ACSSF,2013e5,wv,000,0036,0003720,160,54,   ,16000US5438260,"Hometown CDP, West Virginia",180,148,94,54,0,54,32,32,0
ACSSF,2013e5,wv,000,0036,0003721,160,54,   ,16000US5438476,"Hooverson Heights CDP, West Virginia",1052,707,555,152,65,87,345,318,27
ACSSF,2013e5,wv,000,0036,0003722,160,54,   ,16000US5439340,"Hundred town, West Virginia",113,67,57,10,2,8,46,33,13
ACSSF,2013e5,wv,000,0036,0003723,160,54,   ,16000US5439412,"Huntersville CDP, West Virginia",138,93,77,16,0,16,45,45,0
ACSSF,2013e5,wv,000,0036,0003724,160,54,   ,16000US5439460,"Huntington city, West Virginia",21285,10836,6874,3962,960,3002,10449,8527,1922
ACSSF,2013e5,wv,000,0036,0003725,160,54,   ,16000US5439532,"Hurricane city, West Virginia",2326,1729,1340,389,121,268,597,502,95
ACSSF,2013e5,wv,000,0036,0003726,160,54,   ,16000US5439628,"Huttonsville town, West Virginia",95,51,49,2,2,0,44,30,14
ACSSF,2013e5,wv,000,0036,0003727,160,54,   ,16000US5439652,"Iaeger town, West Virginia",119,84,76,8,4,4,35,33,2
ACSSF,2013e5,wv,000,0036,0003728,160,54,   ,16000US5439676,"Idamay CDP, West Virginia",95,62,49,13,0,13,33,33,0
ACSSF,2013e5,wv,000,0036,0003729,160,54,   ,16000US5440204,"Inwood CDP, West Virginia",991,720,431,289,152,137,271,235,36
ACSSF,2013e5,wv,000,0036,0003730,160,54,   ,16000US5440444,"Itmann CDP, West Virginia",111,98,60,38,0,38,13,13,0
ACSSF,2013e5,wv,000,0036,0003731,160,54,   ,16000US5440636,"Jacksonburg CDP, West Virginia",43,24,24,0,0,0,19,19,0
ACSSF,2013e5,wv,000,0036,0003732,160,54,   ,16000US5440828,"Jane Lew town, West Virginia",250,119,87,32,4,28,131,128,3
ACSSF,2013e5,wv,000,0036,0003733,160,54,   ,16000US5441010,"Jefferson CDP, West Virginia",238,135,96,39,17,22,103,90,13
ACSSF,2013e5,wv,000,0036,0003734,160,54,   ,16000US5442244,"Junior town, West Virginia",186,124,71,53,36,17,62,62,0
ACSSF,2013e5,wv,000,0036,0003735,160,54,   ,16000US5442292,"Justice CDP, West Virginia",126,62,62,0,0,0,64,64,0
ACSSF,2013e5,wv,000,0036,0003736,160,54,   ,16000US5443180,"Kenova city, West Virginia",1432,786,424,362,125,237,646,616,30
ACSSF,2013e5,wv,000,0036,0003737,160,54,   ,16000US5443300,"Kermit town, West Virginia",157,136,75,61,2,59,21,18,3
ACSSF,2013e5,wv,000,0036,0003738,160,54,   ,16000US5443492,"Keyser city, West Virginia",2279,1079,634,445,28,417,1200,1200,0
ACSSF,2013e5,wv,000,0036,0003739,160,54,   ,16000US5443516,"Keystone city, West Virginia",102,77,42,35,3,32,25,25,0
ACSSF,2013e5,wv,000,0036,0003740,160,54,   ,16000US5443780,"Kimball town, West Virginia",109,92,54,38,2,36,17,13,4
ACSSF,2013e5,wv,000,0036,0003741,160,54,   ,16000US5443828,"Kimberly CDP, West Virginia",149,123,96,27,14,13,26,26,0
ACSSF,2013e5,wv,000,0036,0003742,160,54,   ,16000US5443852,"Kincaid CDP, West Virginia",104,89,42,47,0,47,15,15,0
ACSSF,2013e5,wv,000,0036,0003743,160,54,   ,16000US5444044,"Kingwood city, West Virginia",1324,790,656,134,7,127,534,489,45
ACSSF,2013e5,wv,000,0036,0003744,160,54,   ,16000US5444188,"Kistler CDP, West Virginia",214,137,68,69,0,69,77,61,16
ACSSF,2013e5,wv,000,0036,0003745,160,54,   ,16000US5444548,"Kopperston CDP, West Virginia",153,87,75,12,0,12,66,66,0
ACSSF,2013e5,wv,000,0036,0003746,160,54,   ,16000US5445292,"Lashmeet CDP, West Virginia",138,120,94,26,0,26,18,18,0
ACSSF,2013e5,wv,000,0036,0003747,160,54,   ,16000US5445580,"Lavalette CDP, West Virginia",454,263,246,17,0,17,191,191,0
ACSSF,2013e5,wv,000,0036,0003748,160,54,   ,16000US5446300,"Leon town, West Virginia",47,28,25,3,0,3,19,15,4
ACSSF,2013e5,wv,000,0036,0003749,160,54,   ,16000US5446420,"Lesage CDP, West Virginia",680,450,368,82,8,74,230,209,21
ACSSF,2013e5,wv,000,0036,0003750,160,54,   ,16000US5446468,"Lester town, West Virginia",131,90,60,30,2,28,41,40,1
ACSSF,2013e5,wv,000,0036,0003751,160,54,   ,16000US5446636,"Lewisburg city, West Virginia",1932,985,842,143,53,90,947,820,127
ACSSF,2013e5,wv,000,0036,0003752,160,54,   ,16000US5447788,"Littleton CDP, West Virginia",75,68,0,68,11,57,7,3,4
ACSSF,2013e5,wv,000,0036,0003753,160,54,   ,16000US5448148,"Logan city, West Virginia",907,520,328,192,40,152,387,319,68
ACSSF,2013e5,wv,000,0036,0003754,160,54,   ,16000US5448748,"Lost Creek town, West Virginia",161,135,92,43,9,34,26,21,5
ACSSF,2013e5,wv,000,0036,0003755,160,54,   ,16000US5449156,"Lubeck CDP, West Virginia",471,369,321,48,27,21,102,82,20
ACSSF,2013e5,wv,000,0036,0003756,160,54,   ,16000US5449252,"Lumberport town, West Virginia",503,379,272,107,28,79,124,120,4
ACSSF,2013e5,wv,000,0036,0003757,160,54,   ,16000US5449492,"Mabscott town, West Virginia",521,380,312,68,13,55,141,123,18
ACSSF,2013e5,wv,000,0036,0003758,160,54,   ,16000US5449564,"MacArthur CDP, West Virginia",783,524,309,215,131,84,259,237,22
ACSSF,2013e5,wv,000,0036,0003759,160,54,   ,16000US5449732,"McConnell CDP, West Virginia",241,206,183,23,14,9,35,35,0
ACSSF,2013e5,wv,000,0036,0003760,160,54,   ,16000US5450260,"McMechen city, West Virginia",758,428,296,132,47,85,330,312,18
ACSSF,2013e5,wv,000,0036,0003761,160,54,   ,16000US5450524,"Madison city, West Virginia",1284,873,671,202,71,131,411,349,62
ACSSF,2013e5,wv,000,0036,0003762,160,54,   ,16000US5450860,"Mallory CDP, West Virginia",586,389,277,112,54,58,197,188,9
ACSSF,2013e5,wv,000,0036,0003763,160,54,   ,16000US5450932,"Man town, West Virginia",734,472,358,114,11,103,262,215,47
ACSSF,2013e5,wv,000,0036,0003764,160,54,   ,16000US5451100,"Mannington city, West Virginia",747,493,358,135,53,82,254,221,33
ACSSF,2013e5,wv,000,0036,0003765,160,54,   ,16000US5451676,"Marlinton town, West Virginia",475,262,181,81,22,59,213,169,44
ACSSF,2013e5,wv,000,0036,0003766,160,54,   ,16000US5451724,"Marmet city, West Virginia",619,405,282,123,23,100,214,192,22
ACSSF,2013e5,wv,000,0036,0003767,160,54,   ,16000US5452060,"Martinsburg city, West Virginia",7085,4202,2615,1587,378,1209,2883,2533,350
ACSSF,2013e5,wv,000,0036,0003768,160,54,   ,16000US5452180,"Mason town, West Virginia",458,275,158,117,21,96,183,168,15
ACSSF,2013e5,wv,000,0036,0003769,160,54,   ,16000US5452228,"Masontown town, West Virginia",329,227,181,46,11,35,102,69,33
ACSSF,2013e5,wv,000,0036,0003770,160,54,   ,16000US5452324,"Matewan town, West Virginia",326,127,85,42,13,29,199,178,21
ACSSF,2013e5,wv,000,0036,0003771,160,54,   ,16000US5452372,"Matheny CDP, West Virginia",171,116,100,16,0,16,55,32,23
ACSSF,2013e5,wv,000,0036,0003772,160,54,   ,16000US5452420,"Matoaka town, West Virginia",111,57,33,24,14,10,54,51,3
ACSSF,2013e5,wv,000,0036,0003773,160,54,   ,16000US5452588,"Maybeury CDP, West Virginia",86,32,19,13,7,6,54,46,8
ACSSF,2013e5,wv,000,0036,0003774,160,54,   ,16000US5452780,"Meadow Bridge town, West Virginia",139,82,65,17,11,6,57,51,6
ACSSF,2013e5,wv,000,0036,0003775,160,54,   ,16000US5453572,"Middlebourne town, West Virginia",408,236,148,88,23,65,172,164,8
ACSSF,2013e5,wv,000,0036,0003776,160,54,   ,16000US5453692,"Middleway CDP, West Virginia",163,138,98,40,12,28,25,25,0
ACSSF,2013e5,wv,000,0036,0003777,160,54,   ,16000US5454100,"Mill Creek town, West Virginia",320,195,154,41,10,31,125,114,11
ACSSF,2013e5,wv,000,0036,0003778,160,54,   ,16000US5454484,"Milton town, West Virginia",1220,723,536,187,42,145,497,438,59
ACSSF,2013e5,wv,000,0036,0003779,160,54,   ,16000US5454508,"Minden CDP, West Virginia",126,101,40,61,0,61,25,25,0
ACSSF,2013e5,wv,000,0036,0003780,160,54,   ,16000US5454580,"Mineralwells CDP, West Virginia",624,519,382,137,62,75,105,92,13
ACSSF,2013e5,wv,000,0036,0003781,160,54,   ,16000US5454892,"Mitchell Heights town, West Virginia",194,132,118,14,2,12,62,60,2
ACSSF,2013e5,wv,000,0036,0003782,160,54,   ,16000US5455132,"Monaville CDP, West Virginia",75,21,21,0,0,0,54,54,0
ACSSF,2013e5,wv,000,0036,0003783,160,54,   ,16000US5455276,"Monongah town, West Virginia",570,394,265,129,41,88,176,165,11
ACSSF,2013e5,wv,000,0036,0003784,160,54,   ,16000US5455372,"Montcalm CDP, West Virginia",245,136,131,5,0,5,109,109,0
ACSSF,2013e5,wv,000,0036,0003785,160,54,   ,16000US5455468,"Montgomery city, West Virginia",681,338,207,131,22,109,343,304,39
ACSSF,2013e5,wv,000,0036,0003786,160,54,   ,16000US5455540,"Montrose town, West Virginia",70,56,45,11,3,8,14,12,2
ACSSF,2013e5,wv,000,0036,0003787,160,54,   ,16000US5455588,"Moorefield town, West Virginia",1009,506,328,178,34,144,503,496,7
ACSSF,2013e5,wv,000,0036,0003788,160,54,   ,16000US5455756,"Morgantown city, West Virginia",9776,3600,2671,929,248,681,6176,4513,1663
ACSSF,2013e5,wv,000,0036,0003789,160,54,   ,16000US5456020,"Moundsville city, West Virginia",4355,2454,1716,738,237,501,1901,1660,241
ACSSF,2013e5,wv,000,0036,0003790,160,54,   ,16000US5456212,"Mount Carbon CDP, West Virginia",123,90,76,14,0,14,33,33,0
ACSSF,2013e5,wv,000,0036,0003791,160,54,   ,16000US5456342,"Mount Gay-Shamrock CDP, West Virginia",601,427,296,131,48,83,174,110,64
ACSSF,2013e5,wv,000,0036,0003792,160,54,   ,16000US5456404,"Mount Hope city, West Virginia",571,342,221,121,13,108,229,195,34
ACSSF,2013e5,wv,000,0036,0003793,160,54,   ,16000US5457148,"Mullens city, West Virginia",904,532,416,116,36,80,372,335,37
ACSSF,2013e5,wv,000,0036,0003794,160,54,   ,16000US5457916,"Neibert CDP, West Virginia",62,62,47,15,0,15,0,0,0
ACSSF,2013e5,wv,000,0036,0003795,160,54,   ,16000US5458180,"Nettie CDP, West Virginia",351,304,207,97,39,58,47,47,0
ACSSF,2013e5,wv,000,0036,0003796,160,54,   ,16000US5458300,"Newburg town, West Virginia",183,142,88,54,41,13,41,28,13
ACSSF,2013e5,wv,000,0036,0003797,160,54,   ,16000US5458372,"New Cumberland city, West Virginia",519,315,175,140,63,77,204,176,28
ACSSF,2013e5,wv,000,0036,0003798,160,54,   ,16000US5458420,"Newell CDP, West Virginia",449,286,189,97,69,28,163,108,55
ACSSF,2013e5,wv,000,0036,0003799,160,54,   ,16000US5458564,"New Haven town, West Virginia",680,430,309,121,31,90,250,244,6
ACSSF,2013e5,wv,000,0036,0003800,160,54,   ,16000US5458684,"New Martinsville city, West Virginia",2261,1313,981,332,25,307,948,826,122
ACSSF,2013e5,wv,000,0036,0003801,160,54,   ,16000US5458756,"New Richmond CDP, West Virginia",65,65,65,0,0,0,0,0,0
ACSSF,2013e5,wv,000,0036,0003802,160,54,   ,16000US5459068,"Nitro city, West Virginia",3074,1913,1358,555,200,355,1161,900,261
ACSSF,2013e5,wv,000,0036,0003803,160,54,   ,16000US5459428,"Northfork town, West Virginia",212,89,54,35,1,34,123,101,22
ACSSF,2013e5,wv,000,0036,0003804,160,54,   ,16000US5459458,"North Hills town, West Virginia",301,234,192,42,26,16,67,61,6
ACSSF,2013e5,wv,000,0036,0003805,160,54,   ,16000US5459836,"Nutter Fort town, West Virginia",674,393,292,101,13,88,281,260,21
ACSSF,2013e5,wv,000,0036,0003806,160,54,   ,16000US5460028,"Oak Hill city, West Virginia",3318,2021,1489,532,71,461,1297,1116,181
ACSSF,2013e5,wv,000,0036,0003807,160,54,   ,16000US5460196,"Oakvale town, West Virginia",50,29,26,3,0,3,21,15,6
ACSSF,2013e5,wv,000,0036,0003808,160,54,   ,16000US5460364,"Oceana town, West Virginia",692,527,420,107,33,74,165,141,24
ACSSF,2013e5,wv,000,0036,0003809,160,54,   ,16000US5460628,"Omar CDP, West Virginia",288,231,147,84,13,71,57,57,0
ACSSF,2013e5,wv,000,0036,0003810,160,54,   ,16000US5461636,"Paden City city, West Virginia",1197,692,515,177,60,117,505,485,20
ACSSF,2013e5,wv,000,0036,0003811,160,54,   ,16000US5461660,"Page CDP, West Virginia",73,44,44,0,0,0,29,14,15
ACSSF,2013e5,wv,000,0036,0003812,160,54,   ,16000US5461684,"Pageton CDP, West Virginia",44,5,0,5,0,5,39,39,0
ACSSF,2013e5,wv,000,0036,0003813,160,54,   ,16000US5462140,"Parkersburg city, West Virginia",13442,7716,5387,2329,601,1728,5726,5074,652
ACSSF,2013e5,wv,000,0036,0003814,160,54,   ,16000US5462284,"Parsons city, West Virginia",671,454,340,114,26,88,217,190,27
ACSSF,2013e5,wv,000,0036,0003815,160,54,   ,16000US5462332,"Paw Paw town, West Virginia",231,123,86,37,10,27,108,96,12
ACSSF,2013e5,wv,000,0036,0003816,160,54,   ,16000US5462356,"Pax town, West Virginia",95,43,35,8,0,8,52,52,0
ACSSF,2013e5,wv,000,0036,0003817,160,54,   ,16000US5462488,"Pea Ridge CDP, West Virginia",2835,1896,1514,382,111,271,939,894,45
ACSSF,2013e5,wv,000,0036,0003818,160,54,   ,16000US5462764,"Pennsboro city, West Virginia",494,329,235,94,33,61,165,143,22
ACSSF,2013e5,wv,000,0036,0003819,160,54,   ,16000US5462788,"Pentress CDP, West Virginia",92,92,63,29,0,29,0,0,0
ACSSF,2013e5,wv,000,0036,0003820,160,54,   ,16000US5462956,"Petersburg city, West Virginia",1070,617,446,171,60,111,453,373,80
ACSSF,2013e5,wv,000,0036,0003821,160,54,   ,16000US5463052,"Peterstown town, West Virginia",266,157,131,26,11,15,109,101,8
ACSSF,2013e5,wv,000,0036,0003822,160,54,   ,16000US5463292,"Philippi city, West Virginia",1156,634,453,181,51,130,522,458,64
ACSSF,2013e5,wv,000,0036,0003823,160,54,   ,16000US5463484,"Pickens CDP, West Virginia",29,13,0,13,0,13,16,16,0
ACSSF,2013e5,wv,000,0036,0003824,160,54,   ,16000US5463604,"Piedmont town, West Virginia",324,180,95,85,24,61,144,139,5
ACSSF,2013e5,wv,000,0036,0003825,160,54,   ,16000US5463772,"Pinch CDP, West Virginia",1201,877,677,200,54,146,324,257,67
ACSSF,2013e5,wv,000,0036,0003826,160,54,   ,16000US5463892,"Pine Grove town, West Virginia",281,208,135,73,8,65,73,73,0
ACSSF,2013e5,wv,000,0036,0003827,160,54,   ,16000US5463940,"Pineville town, West Virginia",356,272,215,57,7,50,84,76,8
ACSSF,2013e5,wv,000,0036,0003828,160,54,   ,16000US5463988,"Piney View CDP, West Virginia",476,330,292,38,0,38,146,131,15
ACSSF,2013e5,wv,000,0036,0003829,160,54,   ,16000US5464228,"Pleasant Valley city, West Virginia",1410,865,612,253,41,212,545,485,60
ACSSF,2013e5,wv,000,0036,0003830,160,54,   ,16000US5464516,"Poca town, West Virginia",503,402,340,62,11,51,101,83,18
ACSSF,2013e5,wv,000,0036,0003831,160,54,   ,16000US5464708,"Point Pleasant city, West Virginia",1910,1185,855,330,75,255,725,648,77
ACSSF,2013e5,wv,000,0036,0003832,160,54,   ,16000US5465284,"Powellton CDP, West Virginia",182,122,76,46,15,31,60,60,0
ACSSF,2013e5,wv,000,0036,0003833,160,54,   ,16000US5465356,"Pratt town, West Virginia",203,152,109,43,4,39,51,38,13
ACSSF,2013e5,wv,000,0036,0003834,160,54,   ,16000US5465596,"Prichard CDP, West Virginia",161,130,119,11,0,11,31,31,0
ACSSF,2013e5,wv,000,0036,0003835,160,54,   ,16000US5465668,"Prince CDP, West Virginia",68,53,0,53,0,53,15,15,0
ACSSF,2013e5,wv,000,0036,0003836,160,54,   ,16000US5465692,"Princeton city, West Virginia",2756,1563,1058,505,135,370,1193,1003,190
ACSSF,2013e5,wv,000,0036,0003837,160,54,   ,16000US5465836,"Prosperity CDP, West Virginia",663,445,301,144,26,118,218,190,28
ACSSF,2013e5,wv,000,0036,0003838,160,54,   ,16000US5465956,"Pullman town, West Virginia",77,45,37,8,3,5,32,32,0
ACSSF,2013e5,wv,000,0036,0003839,160,54,   ,16000US5466412,"Quinwood town, West Virginia",151,92,45,47,42,5,59,55,4
ACSSF,2013e5,wv,000,0036,0003840,160,54,   ,16000US5466460,"Rachel CDP, West Virginia",94,85,85,0,0,0,9,9,0
ACSSF,2013e5,wv,000,0036,0003841,160,54,   ,16000US5466484,"Racine CDP, West Virginia",127,58,49,9,0,9,69,69,0
ACSSF,2013e5,wv,000,0036,0003842,160,54,   ,16000US5466652,"Rainelle town, West Virginia",646,405,267,138,39,99,241,207,34
ACSSF,2013e5,wv,000,0036,0003843,160,54,   ,16000US5466892,"Rand CDP, West Virginia",515,308,153,155,44,111,207,178,29
ACSSF,2013e5,wv,000,0036,0003844,160,54,   ,16000US5466988,"Ranson corporation, West Virginia",1717,1155,640,515,137,378,562,432,130
ACSSF,2013e5,wv,000,0036,0003845,160,54,   ,16000US5467108,"Ravenswood city, West Virginia",1656,880,631,249,65,184,776,665,111
ACSSF,2013e5,wv,000,0036,0003846,160,54,   ,16000US5467228,"Raysal CDP, West Virginia",125,95,66,29,0,29,30,30,0
ACSSF,2013e5,wv,000,0036,0003847,160,54,   ,16000US5467252,"Reader CDP, West Virginia",181,120,104,16,16,0,61,61,0
ACSSF,2013e5,wv,000,0036,0003848,160,54,   ,16000US5467396,"Red Jacket CDP, West Virginia",253,141,62,79,38,41,112,63,49
ACSSF,2013e5,wv,000,0036,0003849,160,54,   ,16000US5467636,"Reedsville town, West Virginia",212,131,83,48,3,45,81,59,22
ACSSF,2013e5,wv,000,0036,0003850,160,54,   ,16000US5467660,"Reedy town, West Virginia",58,46,41,5,0,5,12,10,2
ACSSF,2013e5,wv,000,0036,0003851,160,54,   ,16000US5467996,"Rhodell town, West Virginia",73,52,40,12,1,11,21,19,2
ACSSF,2013e5,wv,000,0036,0003852,160,54,   ,16000US5468116,"Richwood city, West Virginia",1064,667,435,232,65,167,397,368,29
ACSSF,2013e5,wv,000,0036,0003853,160,54,   ,16000US5468260,"Ridgeley town, West Virginia",324,135,75,60,6,54,189,181,8
ACSSF,2013e5,wv,000,0036,0003854,160,54,   ,16000US5468596,"Ripley city, West Virginia",1444,779,500,279,87,192,665,574,91
ACSSF,2013e5,wv,000,0036,0003855,160,54,   ,16000US5468908,"Rivesville town, West Virginia",464,310,232,78,28,50,154,127,27
ACSSF,2013e5,wv,000,0036,0003856,160,54,   ,16000US5469100,"Robinette CDP, West Virginia",156,124,85,39,5,34,32,32,0
ACSSF,2013e5,wv,000,0036,0003857,160,54,   ,16000US5469844,"Roderfield CDP, West Virginia",53,10,10,0,0,0,43,43,0
ACSSF,2013e5,wv,000,0036,0003858,160,54,   ,16000US5470084,"Romney city, West Virginia",888,328,223,105,27,78,560,537,23
ACSSF,2013e5,wv,000,0036,0003859,160,54,   ,16000US5470156,"Ronceverte city, West Virginia",834,424,292,132,32,100,410,356,54
ACSSF,2013e5,wv,000,0036,0003860,160,54,   ,16000US5470468,"Rossmore CDP, West Virginia",163,122,84,38,21,17,41,0,41
ACSSF,2013e5,wv,000,0036,0003861,160,54,   ,16000US5470588,"Rowlesburg town, West Virginia",287,205,169,36,11,25,82,77,5
ACSSF,2013e5,wv,000,0036,0003862,160,54,   ,16000US5470828,"Rupert town, West Virginia",496,319,206,113,41,72,177,137,40
ACSSF,2013e5,wv,000,0036,0003863,160,54,   ,16000US5471212,"St. Albans city, West Virginia",4925,3029,2342,687,242,445,1896,1703,193
ACSSF,2013e5,wv,000,0036,0003864,160,54,   ,16000US5471356,"St. Marys city, West Virginia",798,519,440,79,0,79,279,263,16
ACSSF,2013e5,wv,000,0036,0003865,160,54,   ,16000US5471380,"Salem city, West Virginia",641,411,262,149,31,118,230,183,47
ACSSF,2013e5,wv,000,0036,0003866,160,54,   ,16000US5471476,"Salt Rock CDP, West Virginia",238,207,140,67,12,55,31,31,0
ACSSF,2013e5,wv,000,0036,0003867,160,54,   ,16000US5471620,"Sand Fork town, West Virginia",69,55,29,26,12,14,14,14,0
ACSSF,2013e5,wv,000,0036,0003868,160,54,   ,16000US5472004,"Sarah Ann CDP, West Virginia",118,84,27,57,24,33,34,24,10
ACSSF,2013e5,wv,000,0036,0003869,160,54,   ,16000US5472292,"Scarbro CDP, West Virginia",172,110,76,34,0,34,62,53,9
ACSSF,2013e5,wv,000,0036,0003870,160,54,   ,16000US5473108,"Shady Spring CDP, West Virginia",1344,983,769,214,98,116,361,361,0
ACSSF,2013e5,wv,000,0036,0003871,160,54,   ,16000US5473252,"Shannondale CDP, West Virginia",1191,790,647,143,42,101,401,309,92
ACSSF,2013e5,wv,000,0036,0003872,160,54,   ,16000US5473444,"Shenandoah Junction CDP, West Virginia",156,156,103,53,0,53,0,0,0
ACSSF,2013e5,wv,000,0036,0003873,160,54,   ,16000US5473468,"Shepherdstown town, West Virginia",393,192,122,70,13,57,201,101,100
ACSSF,2013e5,wv,000,0036,0003874,160,54,   ,16000US5473636,"Shinnston city, West Virginia",1096,794,491,303,77,226,302,294,8
ACSSF,2013e5,wv,000,0036,0003875,160,54,   ,16000US5473876,"Shrewsbury CDP, West Virginia",243,221,160,61,0,61,22,12,10
ACSSF,2013e5,wv,000,0036,0003876,160,54,   ,16000US5474356,"Sissonville CDP, West Virginia",2236,1588,1261,327,39,288,648,604,44
ACSSF,2013e5,wv,000,0036,0003877,160,54,   ,16000US5474380,"Sistersville city, West Virginia",626,416,270,146,18,128,210,178,32
ACSSF,2013e5,wv,000,0036,0003878,160,54,   ,16000US5474740,"Smithers city, West Virginia",377,206,73,133,36,97,171,160,11
ACSSF,2013e5,wv,000,0036,0003879,160,54,   ,16000US5474788,"Smithfield town, West Virginia",66,40,25,15,4,11,26,26,0
ACSSF,2013e5,wv,000,0036,0003880,160,54,   ,16000US5475172,"Sophia town, West Virginia",503,353,258,95,0,95,150,142,8
ACSSF,2013e5,wv,000,0036,0003881,160,54,   ,16000US5475292,"South Charleston city, West Virginia",6436,3781,2617,1164,193,971,2655,2457,198
ACSSF,2013e5,wv,000,0036,0003882,160,54,   ,16000US5475796,"Spelter CDP, West Virginia",166,122,78,44,19,25,44,44,0
ACSSF,2013e5,wv,000,0036,0003883,160,54,   ,16000US5475820,"Spencer city, West Virginia",1146,639,471,168,7,161,507,485,22
ACSSF,2013e5,wv,000,0036,0003884,160,54,   ,16000US5476084,"Springfield CDP, West Virginia",229,142,128,14,0,14,87,87,0
ACSSF,2013e5,wv,000,0036,0003885,160,54,   ,16000US5476444,"Stanaford CDP, West Virginia",559,397,308,89,36,53,162,142,20
ACSSF,2013e5,wv,000,0036,0003886,160,54,   ,16000US5476516,"Star City town, West Virginia",832,371,239,132,45,87,461,367,94
ACSSF,2013e5,wv,000,0036,0003887,160,54,   ,16000US5476996,"Stollings CDP, West Virginia",198,160,111,49,0,49,38,38,0
ACSSF,2013e5,wv,000,0036,0003888,160,54,   ,16000US5477188,"Stonewood city, West Virginia",849,520,452,68,0,68,329,303,26
ACSSF,2013e5,wv,000,0036,0003889,160,54,   ,16000US5477980,"Summersville city, West Virginia",1646,1094,939,155,36,119,552,530,22
ACSSF,2013e5,wv,000,0036,0003890,160,54,   ,16000US5478580,"Sutton town, West Virginia",495,313,246,67,7,60,182,162,20
ACSSF,2013e5,wv,000,0036,0003891,160,54,   ,16000US5478796,"Switzer CDP, West Virginia",240,160,140,20,20,0,80,80,0
ACSSF,2013e5,wv,000,0036,0003892,160,54,   ,16000US5478964,"Sylvester town, West Virginia",139,120,113,7,2,5,19,15,4
ACSSF,2013e5,wv,000,0036,0003893,160,54,   ,16000US5479545,"Teays Valley CDP, West Virginia",5375,4021,3371,650,158,492,1354,1143,211
ACSSF,2013e5,wv,000,0036,0003894,160,54,   ,16000US5479708,"Terra Alta town, West Virginia",688,496,310,186,75,111,192,169,23
ACSSF,2013e5,wv,000,0036,0003895,160,54,   ,16000US5480020,"Thomas city, West Virginia",254,116,97,19,6,13,138,129,9
ACSSF,2013e5,wv,000,0036,0003896,160,54,   ,16000US5480284,"Thurmond town, West Virginia",4,4,4,0,0,0,0,0,0
ACSSF,2013e5,wv,000,0036,0003897,160,54,   ,16000US5480476,"Tioga CDP, West Virginia",22,13,0,13,0,13,9,9,0
ACSSF,2013e5,wv,000,0036,0003898,160,54,   ,16000US5480764,"Tornado CDP, West Virginia",533,458,432,26,5,21,75,75,0
ACSSF,2013e5,wv,000,0036,0003899,160,54,   ,16000US5480932,"Triadelphia town, West Virginia",409,241,189,52,5,47,168,117,51
ACSSF,2013e5,wv,000,0036,0003900,160,54,   ,16000US5481268,"Tunnelton town, West Virginia",159,110,87,23,7,16,49,41,8
ACSSF,2013e5,wv,000,0036,0003901,160,54,   ,16000US5481484,"Twilight CDP, West Virginia",29,29,25,4,0,4,0,0,0
ACSSF,2013e5,wv,000,0036,0003902,160,54,   ,16000US5481940,"Union town, West Virginia",291,174,102,72,22,50,117,100,17
ACSSF,2013e5,wv,000,0036,0003903,160,54,   ,16000US5482564,"Valley Bend CDP, West Virginia",178,154,107,47,11,36,24,24,0
ACSSF,2013e5,wv,000,0036,0003904,160,54,   ,16000US5482732,"Valley Grove village, West Virginia",204,148,132,16,4,12,56,42,14
ACSSF,2013e5,wv,000,0036,0003905,160,54,   ,16000US5482756,"Valley Head CDP, West Virginia",140,99,71,28,14,14,41,41,0
ACSSF,2013e5,wv,000,0036,0003906,160,54,   ,16000US5482852,"Van CDP, West Virginia",56,31,21,10,10,0,25,25,0
ACSSF,2013e5,wv,000,0036,0003907,160,54,   ,16000US5483332,"Verdunville CDP, West Virginia",258,134,83,51,0,51,124,44,80
ACSSF,2013e5,wv,000,0036,0003908,160,54,   ,16000US5483500,"Vienna city, West Virginia",4700,2980,2449,531,82,449,1720,1498,222
ACSSF,2013e5,wv,000,0036,0003909,160,54,   ,16000US5483764,"Vivian CDP, West Virginia",16,16,16,0,0,0,0,0,0
ACSSF,2013e5,wv,000,0036,0003910,160,54,   ,16000US5484484,"War city, West Virginia",306,214,161,53,28,25,92,83,9
ACSSF,2013e5,wv,000,0036,0003911,160,54,   ,16000US5484580,"Wardensville town, West Virginia",133,58,54,4,0,4,75,56,19
ACSSF,2013e5,wv,000,0036,0003912,160,54,   ,16000US5484724,"Washington CDP, West Virginia",567,492,398,94,13,81,75,62,13
ACSSF,2013e5,wv,000,0036,0003913,160,54,   ,16000US5484916,"Waverly CDP, West Virginia",132,103,103,0,0,0,29,22,7
ACSSF,2013e5,wv,000,0036,0003914,160,54,   ,16000US5484940,"Wayne town, West Virginia",866,575,383,192,37,155,291,245,46
ACSSF,2013e5,wv,000,0036,0003915,160,54,   ,16000US5485156,"Weirton city, West Virginia",8602,5173,3564,1609,458,1151,3429,3046,383
ACSSF,2013e5,wv,000,0036,0003916,160,54,   ,16000US5485228,"Welch city, West Virginia",902,494,341,153,38,115,408,380,28
ACSSF,2013e5,wv,000,0036,0003917,160,54,   ,16000US5485324,"Wellsburg city, West Virginia",1302,760,537,223,73,150,542,495,47
ACSSF,2013e5,wv,000,0036,0003918,160,54,   ,16000US5485804,"West Hamlin town, West Virginia",434,243,151,92,31,61,191,191,0
ACSSF,2013e5,wv,000,0036,0003919,160,54,   ,16000US5485876,"West Liberty town, West Virginia",251,71,45,26,6,20,180,110,70
ACSSF,2013e5,wv,000,0036,0003920,160,54,   ,16000US5485900,"West Logan town, West Virginia",247,145,90,55,5,50,102,98,4
ACSSF,2013e5,wv,000,0036,0003921,160,54,   ,16000US5485924,"West Milford town, West Virginia",337,242,185,57,7,50,95,88,7
ACSSF,2013e5,wv,000,0036,0003922,160,54,   ,16000US5485972,"Weston city, West Virginia",1544,1017,642,375,110,265,527,456,71
ACSSF,2013e5,wv,000,0036,0003923,160,54,   ,16000US5485996,"Westover city, West Virginia",1641,1008,705,303,80,223,633,538,95
ACSSF,2013e5,wv,000,0036,0003924,160,54,   ,16000US5486116,"West Union town, West Virginia",401,251,179,72,20,52,150,112,38
ACSSF,2013e5,wv,000,0036,0003925,160,54,   ,16000US5486452,"Wheeling city, West Virginia",12827,6835,4896,1939,336,1603,5992,5414,578
ACSSF,2013e5,wv,000,0036,0003926,160,54,   ,16000US5486620,"White Hall town, West Virginia",292,166,131,35,3,32,126,109,17
ACSSF,2013e5,wv,000,0036,0003927,160,54,   ,16000US5486812,"White Sulphur Springs city, West Virginia",1178,710,394,316,85,231,468,408,60
ACSSF,2013e5,wv,000,0036,0003928,160,54,   ,16000US5486836,"Whitesville town, West Virginia",250,132,102,30,5,25,118,97,21
ACSSF,2013e5,wv,000,0036,0003929,160,54,   ,16000US5486932,"Whitmer CDP, West Virginia",22,22,13,9,0,9,0,0,0
ACSSF,2013e5,wv,000,0036,0003930,160,54,   ,16000US5487316,"Wiley Ford CDP, West Virginia",376,163,97,66,30,36,213,200,13
ACSSF,2013e5,wv,000,0036,0003931,160,54,   ,16000US5487508,"Williamson city, West Virginia",1374,863,471,392,42,350,511,472,39
ACSSF,2013e5,wv,000,0036,0003932,160,54,   ,16000US5487556,"Williamstown city, West Virginia",1227,824,701,123,54,69,403,348,55
ACSSF,2013e5,wv,000,0036,0003933,160,54,   ,16000US5487892,"Windsor Heights village, West Virginia",206,151,105,46,21,25,55,51,4
ACSSF,2013e5,wv,000,0036,0003934,160,54,   ,16000US5487988,"Winfield town, West Virginia",932,672,536,136,38,98,260,230,30
ACSSF,2013e5,wv,000,0036,0003935,160,54,   ,16000US5488276,"Wolf Summit CDP, West Virginia",45,36,27,9,9,0,9,9,0
ACSSF,2013e5,wv,000,0036,0003936,160,54,   ,16000US5488324,"Womelsdorf (Coalton) town, West Virginia",106,74,65,9,3,6,32,32,0
ACSSF,2013e5,wv,000,0036,0003937,160,54,   ,16000US5488708,"Worthington town, West Virginia",97,81,71,10,2,8,16,16,0
ACSSF,2013e5,wv,000,0036,0003938,311,54,   ,31100US1322054,"West Virginia (part); Beckley, WV Metro Area",48614,32407,24001,8406,2233,6173,16207,13979,2228
ACSSF,2013e5,wv,000,0036,0003939,311,54,   ,31100US1414054,"West Virginia (part); Bluefield, WV-VA Micro Area",25641,16640,12798,3842,971,2871,9001,7919,1082
ACSSF,2013e5,wv,000,0036,0003940,311,54,   ,31100US1662054,"West Virginia (part); Charleston, WV Metro Area",95750,60145,44382,15763,4148,11615,35605,30751,4854
ACSSF,2013e5,wv,000,0036,0003941,311,54,   ,31100US1722054,"West Virginia (part); Clarksburg, WV Micro Area",37255,25323,19099,6224,1528,4696,11932,10525,1407
ACSSF,2013e5,wv,000,0036,0003942,311,54,   ,31100US1906054,"West Virginia (part); Cumberland, MD-WV Metro Area",11180,6251,4801,1450,252,1198,4929,4675,254
ACSSF,2013e5,wv,000,0036,0003943,311,54,   ,31100US2118054,"West Virginia (part); Elkins, WV Micro Area",11163,7527,5804,1723,569,1154,3636,3400,236
ACSSF,2013e5,wv,000,0036,0003944,311,54,   ,31100US2190054,"West Virginia (part); Fairmont, WV Micro Area",22593,14742,10994,3748,1007,2741,7851,6532,1319
ACSSF,2013e5,wv,000,0036,0003945,311,54,   ,31100US2518054,"West Virginia (part); Hagerstown-Martinsburg, MD-WV Metro Area",40447,28434,21052,7382,2311,5071,12013,10090,1923
ACSSF,2013e5,wv,000,0036,0003946,311,54,   ,31100US2658054,"West Virginia (part); Huntington-Ashland, WV-KY-OH Metro Area",86506,57261,42782,14479,3751,10728,29245,24796,4449
ACSSF,2013e5,wv,000,0036,0003947,311,54,   ,31100US3088054,"West Virginia (part); Logan, WV Micro Area",14699,10392,7571,2821,856,1965,4307,3589,718
ACSSF,2013e5,wv,000,0036,0003948,311,54,   ,31100US3406054,"West Virginia (part); Morgantown, WV Metro Area",49146,27978,22256,5722,1829,3893,21168,16276,4892
ACSSF,2013e5,wv,000,0036,0003949,311,54,   ,31100US3762054,"West Virginia (part); Parkersburg-Vienna, WV Metro Area",37996,24883,19412,5471,1503,3968,13113,11280,1833
ACSSF,2013e5,wv,000,0036,0003950,311,54,   ,31100US3858054,"West Virginia (part); Point Pleasant, WV-OH Micro Area",10609,7295,5522,1773,391,1382,3314,2863,451
ACSSF,2013e5,wv,000,0036,0003951,311,54,   ,31100US4790054,"West Virginia (part); Washington-Arlington-Alexandria, DC-VA-MD-WV Metro Area",19889,14034,11162,2872,843,2029,5855,4507,1348
ACSSF,2013e5,wv,000,0036,0003952,311,54,   ,31100US4826054,"West Virginia (part); Weirton-Steubenville, WV-OH Metro Area",22858,15063,11082,3981,1195,2786,7795,6916,879
ACSSF,2013e5,wv,000,0036,0003953,311,54,   ,31100US4854054,"West Virginia (part); Wheeling, WV-OH Metro Area",32595,20232,15608,4624,1145,3479,12363,10938,1425
ACSSF,2013e5,wv,000,0036,0003954,311,54,   ,31100US4902054,"West Virginia (part); Winchester, VA-WV Metro Area",10570,4657,3548,1109,268,841,5913,5636,277
ACSSF,2013e5,wv,000,0036,0003955,312,54,   ,31200US132205405332,"Beckley city, WV; Beckley, WV Metro Area",7666,4146,2633,1513,346,1167,3520,2958,562
ACSSF,2013e5,wv,000,0036,0003956,312,54,   ,31200US141405408524,"Bluefield city, WV; Bluefield, WV-VA Micro Area",4673,2822,2053,769,129,640,1851,1708,143
ACSSF,2013e5,wv,000,0036,0003957,312,54,   ,31200US166205414600,"Charleston city, WV; Charleston, WV Metro Area",23314,12056,8349,3707,938,2769,11258,9945,1313
ACSSF,2013e5,wv,000,0036,0003958,312,54,   ,31200US172205415628,"Clarksburg city, WV; Clarksburg, WV Micro Area",6625,3813,2686,1127,262,865,2812,2475,337
ACSSF,2013e5,wv,000,0036,0003959,312,54,   ,31200US211805424580,"Elkins city, WV; Elkins, WV Micro Area",3045,1774,1130,644,191,453,1271,1180,91
ACSSF,2013e5,wv,000,0036,0003960,312,54,   ,31200US219005426452,"Fairmont city, WV; Fairmont, WV Micro Area",7690,4345,2872,1473,437,1036,3345,2689,656
ACSSF,2013e5,wv,000,0036,0003961,312,54,   ,31200US251805452060,"Martinsburg city, WV; Hagerstown-Martinsburg, MD-WV Metro Area",7085,4202,2615,1587,378,1209,2883,2533,350
ACSSF,2013e5,wv,000,0036,0003962,312,54,   ,31200US265805439460,"Huntington city, WV; Huntington-Ashland, WV-KY-OH Metro Area",21285,10836,6874,3962,960,3002,10449,8527,1922
ACSSF,2013e5,wv,000,0036,0003963,312,54,   ,31200US308805448148,"Logan city, WV; Logan, WV Micro Area",907,520,328,192,40,152,387,319,68
ACSSF,2013e5,wv,000,0036,0003964,312,54,   ,31200US340605455756,"Morgantown city, WV; Morgantown, WV Metro Area",9776,3600,2671,929,248,681,6176,4513,1663
ACSSF,2013e5,wv,000,0036,0003965,312,54,   ,31200US376205462140,"Parkersburg city, WV; Parkersburg-Vienna, WV Metro Area",13442,7716,5387,2329,601,1728,5726,5074,652
ACSSF,2013e5,wv,000,0036,0003966,312,54,   ,31200US376205483500,"Vienna city, WV; Parkersburg-Vienna, WV Metro Area",4700,2980,2449,531,82,449,1720,1498,222
ACSSF,2013e5,wv,000,0036,0003967,312,54,   ,31200US385805464708,"Point Pleasant city, WV; Point Pleasant, WV-OH Micro Area",1910,1185,855,330,75,255,725,648,77
ACSSF,2013e5,wv,000,0036,0003968,312,54,   ,31200US482605485156,"Weirton city, WV; Weirton-Steubenville, WV-OH Metro Area",8602,5173,3564,1609,458,1151,3429,3046,383
ACSSF,2013e5,wv,000,0036,0003969,312,54,   ,31200US485405486452,"Wheeling city, WV; Wheeling, WV-OH Metro Area",12827,6835,4896,1939,336,1603,5992,5414,578
ACSSF,2013e5,wv,000,0036,0003970,313,54,019,31300US1322054019,"Fayette County; West Virginia (part); Beckley, WV Metro Area",17250,11508,8198,3310,866,2444,5742,4941,801
ACSSF,2013e5,wv,000,0036,0003971,313,54,081,31300US1322054081,"Raleigh County; West Virginia (part); Beckley, WV Metro Area",31364,20899,15803,5096,1367,3729,10465,9038,1427
ACSSF,2013e5,wv,000,0036,0003972,313,54,055,31300US1414054055,"Mercer County; West Virginia (part); Bluefield, WV-VA Micro Area",25641,16640,12798,3842,971,2871,9001,7919,1082
ACSSF,2013e5,wv,000,0036,0003973,313,54,005,31300US1662054005,"Boone County; West Virginia (part); Charleston, WV Metro Area",9559,6864,5361,1503,400,1103,2695,2397,298
ACSSF,2013e5,wv,000,0036,0003974,313,54,015,31300US1662054015,"Clay County; West Virginia (part); Charleston, WV Metro Area",3435,2434,2084,350,84,266,1001,875,126
ACSSF,2013e5,wv,000,0036,0003975,313,54,039,31300US1662054039,"Kanawha County; West Virginia (part); Charleston, WV Metro Area",82756,50847,36937,13910,3664,10246,31909,27479,4430
ACSSF,2013e5,wv,000,0036,0003976,313,54,017,31300US1722054017,"Doddridge County; West Virginia (part); Clarksburg, WV Micro Area",2778,1930,1465,465,148,317,848,740,108
ACSSF,2013e5,wv,000,0036,0003977,313,54,033,31300US1722054033,"Harrison County; West Virginia (part); Clarksburg, WV Micro Area",27599,18520,13963,4557,1042,3515,9079,8030,1049
ACSSF,2013e5,wv,000,0036,0003978,313,54,091,31300US1722054091,"Taylor County; West Virginia (part); Clarksburg, WV Micro Area",6878,4873,3671,1202,338,864,2005,1755,250
ACSSF,2013e5,wv,000,0036,0003979,313,54,057,31300US1906054057,"Mineral County; West Virginia (part); Cumberland, MD-WV Metro Area",11180,6251,4801,1450,252,1198,4929,4675,254
ACSSF,2013e5,wv,000,0036,0003980,313,54,083,31300US2118054083,"Randolph County; West Virginia (part); Elkins, WV Micro Area",11163,7527,5804,1723,569,1154,3636,3400,236
ACSSF,2013e5,wv,000,0036,0003981,313,54,049,31300US2190054049,"Marion County; West Virginia (part); Fairmont, WV Micro Area",22593,14742,10994,3748,1007,2741,7851,6532,1319
ACSSF,2013e5,wv,000,0036,0003982,313,54,003,31300US2518054003,"Berkeley County; West Virginia (part); Hagerstown-Martinsburg, MD-WV Metro Area",40447,28434,21052,7382,2311,5071,12013,10090,1923
ACSSF,2013e5,wv,000,0036,0003983,313,54,011,31300US2658054011,"Cabell County; West Virginia (part); Huntington-Ashland, WV-KY-OH Metro Area",40144,24174,17088,7086,1692,5394,15970,13206,2764
ACSSF,2013e5,wv,000,0036,0003984,313,54,043,31300US2658054043,"Lincoln County; West Virginia (part); Huntington-Ashland, WV-KY-OH Metro Area",8416,6112,4554,1558,465,1093,2304,2125,179
ACSSF,2013e5,wv,000,0036,0003985,313,54,079,31300US2658054079,"Putnam County; West Virginia (part); Huntington-Ashland, WV-KY-OH Metro Area",21391,16000,12839,3161,904,2257,5391,4471,920
ACSSF,2013e5,wv,000,0036,0003986,313,54,099,31300US2658054099,"Wayne County; West Virginia (part); Huntington-Ashland, WV-KY-OH Metro Area",16555,10975,8301,2674,690,1984,5580,4994,586
ACSSF,2013e5,wv,000,0036,0003987,313,54,045,31300US3088054045,"Logan County; West Virginia (part); Logan, WV Micro Area",14699,10392,7571,2821,856,1965,4307,3589,718
ACSSF,2013e5,wv,000,0036,0003988,313,54,061,31300US3406054061,"Monongalia County; West Virginia (part); Morgantown, WV Metro Area",36449,19147,14988,4159,1230,2929,17302,13041,4261
ACSSF,2013e5,wv,000,0036,0003989,313,54,077,31300US3406054077,"Preston County; West Virginia (part); Morgantown, WV Metro Area",12697,8831,7268,1563,599,964,3866,3235,631
ACSSF,2013e5,wv,000,0036,0003990,313,54,105,31300US3762054105,"Wirt County; West Virginia (part); Parkersburg-Vienna, WV Metro Area",2427,1591,1269,322,35,287,836,607,229
ACSSF,2013e5,wv,000,0036,0003991,313,54,107,31300US3762054107,"Wood County; West Virginia (part); Parkersburg-Vienna, WV Metro Area",35569,23292,18143,5149,1468,3681,12277,10673,1604
ACSSF,2013e5,wv,000,0036,0003992,313,54,053,31300US3858054053,"Mason County; West Virginia (part); Point Pleasant, WV-OH Micro Area",10609,7295,5522,1773,391,1382,3314,2863,451
ACSSF,2013e5,wv,000,0036,0003993,313,54,037,31300US4790054037,"Jefferson County; West Virginia (part); Washington-Arlington-Alexandria, DC-VA-MD-WV Metro Area",19889,14034,11162,2872,843,2029,5855,4507,1348
ACSSF,2013e5,wv,000,0036,0003994,313,54,009,31300US4826054009,"Brooke County; West Virginia (part); Weirton-Steubenville, WV-OH Metro Area",9968,6521,4810,1711,518,1193,3447,3055,392
ACSSF,2013e5,wv,000,0036,0003995,313,54,029,31300US4826054029,"Hancock County; West Virginia (part); Weirton-Steubenville, WV-OH Metro Area",12890,8542,6272,2270,677,1593,4348,3861,487
ACSSF,2013e5,wv,000,0036,0003996,313,54,051,31300US4854054051,"Marshall County; West Virginia (part); Wheeling, WV-OH Metro Area",14042,9395,7380,2015,619,1396,4647,4058,589
ACSSF,2013e5,wv,000,0036,0003997,313,54,069,31300US4854054069,"Ohio County; West Virginia (part); Wheeling, WV-OH Metro Area",18553,10837,8228,2609,526,2083,7716,6880,836
ACSSF,2013e5,wv,000,0036,0003998,313,54,027,31300US4902054027,"Hampshire County; West Virginia (part); Winchester, VA-WV Metro Area",10570,4657,3548,1109,268,841,5913,5636,277
ACSSF,2013e5,wv,000,0036,0003999,315,54,   ,31500US479004789454,"West Virginia (part); Washington-Arlington-Alexandria, DC-VA-MD-WV Metro Division; Washington-Arlington-Alexandria, DC-VA-MD-WV Metro Area",19889,14034,11162,2872,843,2029,5855,4507,1348
ACSSF,2013e5,wv,000,0036,0004000,316,54,037,31600US479004789454037,"Jefferson County; West Virginia (part); Washington-Arlington-Alexandria, DC-VA-MD-WV Metro Division; Washington-Arlington-Alexandria, DC-VA-MD-WV Metro Area",19889,14034,11162,2872,843,2029,5855,4507,1348
ACSSF,2013e5,wv,000,0036,0004001,320,54,   ,32000US5413220,"Beckley, WV Metro Area; West Virginia",48614,32407,24001,8406,2233,6173,16207,13979,2228
ACSSF,2013e5,wv,000,0036,0004002,320,54,   ,32000US5414140,"Bluefield, WV-VA Micro Area (part); West Virginia",25641,16640,12798,3842,971,2871,9001,7919,1082
ACSSF,2013e5,wv,000,0036,0004003,320,54,   ,32000US5416620,"Charleston, WV Metro Area; West Virginia",95750,60145,44382,15763,4148,11615,35605,30751,4854
ACSSF,2013e5,wv,000,0036,0004004,320,54,   ,32000US5417220,"Clarksburg, WV Micro Area; West Virginia",37255,25323,19099,6224,1528,4696,11932,10525,1407
ACSSF,2013e5,wv,000,0036,0004005,320,54,   ,32000US5419060,"Cumberland, MD-WV Metro Area (part); West Virginia",11180,6251,4801,1450,252,1198,4929,4675,254
ACSSF,2013e5,wv,000,0036,0004006,320,54,   ,32000US5421180,"Elkins, WV Micro Area; West Virginia",11163,7527,5804,1723,569,1154,3636,3400,236
ACSSF,2013e5,wv,000,0036,0004007,320,54,   ,32000US5421900,"Fairmont, WV Micro Area; West Virginia",22593,14742,10994,3748,1007,2741,7851,6532,1319
ACSSF,2013e5,wv,000,0036,0004008,320,54,   ,32000US5425180,"Hagerstown-Martinsburg, MD-WV Metro Area (part); West Virginia",40447,28434,21052,7382,2311,5071,12013,10090,1923
ACSSF,2013e5,wv,000,0036,0004009,320,54,   ,32000US5426580,"Huntington-Ashland, WV-KY-OH Metro Area (part); West Virginia",86506,57261,42782,14479,3751,10728,29245,24796,4449
ACSSF,2013e5,wv,000,0036,0004010,320,54,   ,32000US5430880,"Logan, WV Micro Area; West Virginia",14699,10392,7571,2821,856,1965,4307,3589,718
ACSSF,2013e5,wv,000,0036,0004011,320,54,   ,32000US5434060,"Morgantown, WV Metro Area; West Virginia",49146,27978,22256,5722,1829,3893,21168,16276,4892
ACSSF,2013e5,wv,000,0036,0004012,320,54,   ,32000US5437620,"Parkersburg-Vienna, WV Metro Area; West Virginia",37996,24883,19412,5471,1503,3968,13113,11280,1833
ACSSF,2013e5,wv,000,0036,0004013,320,54,   ,32000US5438580,"Point Pleasant, WV-OH Micro Area (part); West Virginia",10609,7295,5522,1773,391,1382,3314,2863,451
ACSSF,2013e5,wv,000,0036,0004014,320,54,   ,32000US5447900,"Washington-Arlington-Alexandria, DC-VA-MD-WV Metro Area (part); West Virginia",19889,14034,11162,2872,843,2029,5855,4507,1348
ACSSF,2013e5,wv,000,0036,0004015,320,54,   ,32000US5448260,"Weirton-Steubenville, WV-OH Metro Area (part); West Virginia",22858,15063,11082,3981,1195,2786,7795,6916,879
ACSSF,2013e5,wv,000,0036,0004016,320,54,   ,32000US5448540,"Wheeling, WV-OH Metro Area (part); West Virginia",32595,20232,15608,4624,1145,3479,12363,10938,1425
ACSSF,2013e5,wv,000,0036,0004017,320,54,   ,32000US5449020,"Winchester, VA-WV Metro Area (part); West Virginia",10570,4657,3548,1109,268,841,5913,5636,277
ACSSF,2013e5,wv,000,0036,0004018,321,54,   ,32100US541322005332,"Beckley city; Beckley, WV Metro Area; West Virginia",7666,4146,2633,1513,346,1167,3520,2958,562
ACSSF,2013e5,wv,000,0036,0004019,321,54,   ,32100US541414008524,"Bluefield city; Bluefield, WV-VA Micro Area (part); West Virginia",4673,2822,2053,769,129,640,1851,1708,143
ACSSF,2013e5,wv,000,0036,0004020,321,54,   ,32100US541662014600,"Charleston city; Charleston, WV Metro Area; West Virginia",23314,12056,8349,3707,938,2769,11258,9945,1313
ACSSF,2013e5,wv,000,0036,0004021,321,54,   ,32100US541722015628,"Clarksburg city; Clarksburg, WV Micro Area; West Virginia",6625,3813,2686,1127,262,865,2812,2475,337
ACSSF,2013e5,wv,000,0036,0004022,321,54,   ,32100US542118024580,"Elkins city; Elkins, WV Micro Area; West Virginia",3045,1774,1130,644,191,453,1271,1180,91
ACSSF,2013e5,wv,000,0036,0004023,321,54,   ,32100US542190026452,"Fairmont city; Fairmont, WV Micro Area; West Virginia",7690,4345,2872,1473,437,1036,3345,2689,656
ACSSF,2013e5,wv,000,0036,0004024,321,54,   ,32100US542518052060,"Martinsburg city; Hagerstown-Martinsburg, MD-WV Metro Area (part); West Virginia",7085,4202,2615,1587,378,1209,2883,2533,350
ACSSF,2013e5,wv,000,0036,0004025,321,54,   ,32100US542658039460,"Huntington city; Huntington-Ashland, WV-KY-OH Metro Area (part); West Virginia",21285,10836,6874,3962,960,3002,10449,8527,1922
ACSSF,2013e5,wv,000,0036,0004026,321,54,   ,32100US543088048148,"Logan city; Logan, WV Micro Area; West Virginia",907,520,328,192,40,152,387,319,68
ACSSF,2013e5,wv,000,0036,0004027,321,54,   ,32100US543406055756,"Morgantown city; Morgantown, WV Metro Area; West Virginia",9776,3600,2671,929,248,681,6176,4513,1663
ACSSF,2013e5,wv,000,0036,0004028,321,54,   ,32100US543762062140,"Parkersburg city; Parkersburg-Vienna, WV Metro Area; West Virginia",13442,7716,5387,2329,601,1728,5726,5074,652
ACSSF,2013e5,wv,000,0036,0004029,321,54,   ,32100US543762083500,"Vienna city; Parkersburg-Vienna, WV Metro Area; West Virginia",4700,2980,2449,531,82,449,1720,1498,222
ACSSF,2013e5,wv,000,0036,0004030,321,54,   ,32100US543858064708,"Point Pleasant city; Point Pleasant, WV-OH Micro Area (part); West Virginia",1910,1185,855,330,75,255,725,648,77
ACSSF,2013e5,wv,000,0036,0004031,321,54,   ,32100US544826085156,"Weirton city; Weirton-Steubenville, WV-OH Metro Area (part); West Virginia",8602,5173,3564,1609,458,1151,3429,3046,383
ACSSF,2013e5,wv,000,0036,0004032,321,54,   ,32100US544854086452,"Wheeling city; Wheeling, WV-OH Metro Area (part); West Virginia",12827,6835,4896,1939,336,1603,5992,5414,578
ACSSF,2013e5,wv,000,0036,0004033,322,54,019,32200US5413220019,"Fayette County; Beckley, WV Metro Area; West Virginia",17250,11508,8198,3310,866,2444,5742,4941,801
ACSSF,2013e5,wv,000,0036,0004034,322,54,081,32200US5413220081,"Raleigh County; Beckley, WV Metro Area; West Virginia",31364,20899,15803,5096,1367,3729,10465,9038,1427
ACSSF,2013e5,wv,000,0036,0004035,322,54,055,32200US5414140055,"Mercer County; Bluefield, WV-VA Micro Area (part); West Virginia",25641,16640,12798,3842,971,2871,9001,7919,1082
ACSSF,2013e5,wv,000,0036,0004036,322,54,005,32200US5416620005,"Boone County; Charleston, WV Metro Area; West Virginia",9559,6864,5361,1503,400,1103,2695,2397,298
ACSSF,2013e5,wv,000,0036,0004037,322,54,015,32200US5416620015,"Clay County; Charleston, WV Metro Area; West Virginia",3435,2434,2084,350,84,266,1001,875,126
ACSSF,2013e5,wv,000,0036,0004038,322,54,039,32200US5416620039,"Kanawha County; Charleston, WV Metro Area; West Virginia",82756,50847,36937,13910,3664,10246,31909,27479,4430
ACSSF,2013e5,wv,000,0036,0004039,322,54,017,32200US5417220017,"Doddridge County; Clarksburg, WV Micro Area; West Virginia",2778,1930,1465,465,148,317,848,740,108
ACSSF,2013e5,wv,000,0036,0004040,322,54,033,32200US5417220033,"Harrison County; Clarksburg, WV Micro Area; West Virginia",27599,18520,13963,4557,1042,3515,9079,8030,1049
ACSSF,2013e5,wv,000,0036,0004041,322,54,091,32200US5417220091,"Taylor County; Clarksburg, WV Micro Area; West Virginia",6878,4873,3671,1202,338,864,2005,1755,250
ACSSF,2013e5,wv,000,0036,0004042,322,54,057,32200US5419060057,"Mineral County; Cumberland, MD-WV Metro Area (part); West Virginia",11180,6251,4801,1450,252,1198,4929,4675,254
ACSSF,2013e5,wv,000,0036,0004043,322,54,083,32200US5421180083,"Randolph County; Elkins, WV Micro Area; West Virginia",11163,7527,5804,1723,569,1154,3636,3400,236
ACSSF,2013e5,wv,000,0036,0004044,322,54,049,32200US5421900049,"Marion County; Fairmont, WV Micro Area; West Virginia",22593,14742,10994,3748,1007,2741,7851,6532,1319
ACSSF,2013e5,wv,000,0036,0004045,322,54,003,32200US5425180003,"Berkeley County; Hagerstown-Martinsburg, MD-WV Metro Area (part); West Virginia",40447,28434,21052,7382,2311,5071,12013,10090,1923
ACSSF,2013e5,wv,000,0036,0004046,322,54,011,32200US5426580011,"Cabell County; Huntington-Ashland, WV-KY-OH Metro Area (part); West Virginia",40144,24174,17088,7086,1692,5394,15970,13206,2764
ACSSF,2013e5,wv,000,0036,0004047,322,54,043,32200US5426580043,"Lincoln County; Huntington-Ashland, WV-KY-OH Metro Area (part); West Virginia",8416,6112,4554,1558,465,1093,2304,2125,179
ACSSF,2013e5,wv,000,0036,0004048,322,54,079,32200US5426580079,"Putnam County; Huntington-Ashland, WV-KY-OH Metro Area (part); West Virginia",21391,16000,12839,3161,904,2257,5391,4471,920
ACSSF,2013e5,wv,000,0036,0004049,322,54,099,32200US5426580099,"Wayne County; Huntington-Ashland, WV-KY-OH Metro Area (part); West Virginia",16555,10975,8301,2674,690,1984,5580,4994,586
ACSSF,2013e5,wv,000,0036,0004050,322,54,045,32200US5430880045,"Logan County; Logan, WV Micro Area; West Virginia",14699,10392,7571,2821,856,1965,4307,3589,718
ACSSF,2013e5,wv,000,0036,0004051,322,54,061,32200US5434060061,"Monongalia County; Morgantown, WV Metro Area; West Virginia",36449,19147,14988,4159,1230,2929,17302,13041,4261
ACSSF,2013e5,wv,000,0036,0004052,322,54,077,32200US5434060077,"Preston County; Morgantown, WV Metro Area; West Virginia",12697,8831,7268,1563,599,964,3866,3235,631
ACSSF,2013e5,wv,000,0036,0004053,322,54,105,32200US5437620105,"Wirt County; Parkersburg-Vienna, WV Metro Area; West Virginia",2427,1591,1269,322,35,287,836,607,229
ACSSF,2013e5,wv,000,0036,0004054,322,54,107,32200US5437620107,"Wood County; Parkersburg-Vienna, WV Metro Area; West Virginia",35569,23292,18143,5149,1468,3681,12277,10673,1604
ACSSF,2013e5,wv,000,0036,0004055,322,54,053,32200US5438580053,"Mason County; Point Pleasant, WV-OH Micro Area (part); West Virginia",10609,7295,5522,1773,391,1382,3314,2863,451
ACSSF,2013e5,wv,000,0036,0004056,322,54,037,32200US5447900037,"Jefferson County; Washington-Arlington-Alexandria, DC-VA-MD-WV Metro Area (part); West Virginia",19889,14034,11162,2872,843,2029,5855,4507,1348
ACSSF,2013e5,wv,000,0036,0004057,322,54,009,32200US5448260009,"Brooke County; Weirton-Steubenville, WV-OH Metro Area (part); West Virginia",9968,6521,4810,1711,518,1193,3447,3055,392
ACSSF,2013e5,wv,000,0036,0004058,322,54,029,32200US5448260029,"Hancock County; Weirton-Steubenville, WV-OH Metro Area (part); West Virginia",12890,8542,6272,2270,677,1593,4348,3861,487
ACSSF,2013e5,wv,000,0036,0004059,322,54,051,32200US5448540051,"Marshall County; Wheeling, WV-OH Metro Area (part); West Virginia",14042,9395,7380,2015,619,1396,4647,4058,589
ACSSF,2013e5,wv,000,0036,0004060,322,54,069,32200US5448540069,"Ohio County; Wheeling, WV-OH Metro Area (part); West Virginia",18553,10837,8228,2609,526,2083,7716,6880,836
ACSSF,2013e5,wv,000,0036,0004061,322,54,027,32200US5449020027,"Hampshire County; Winchester, VA-WV Metro Area (part); West Virginia",10570,4657,3548,1109,268,841,5913,5636,277
ACSSF,2013e5,wv,000,0036,0004062,323,54,   ,32300US544790047894,"Washington-Arlington-Alexandria, DC-VA-MD-WV Metro Division (part); Washington-Arlington-Alexandria, DC-VA-MD-WV Metro Area (part); West Virginia",19889,14034,11162,2872,843,2029,5855,4507,1348
ACSSF,2013e5,wv,000,0036,0004063,324,54,037,32400US544790047894037,"Jefferson County; Washington-Arlington-Alexandria, DC-VA-MD-WV Metro Division (part); Washington-Arlington-Alexandria, DC-VA-MD-WV Metro Area (part); West Virginia",19889,14034,11162,2872,843,2029,5855,4507,1348
ACSSF,2013e5,wv,000,0036,0004064,331,54,   ,33100US17054,"West Virginia (part); Charleston-Huntington-Ashland, WV-OH-KY CSA",196955,127798,94735,33063,8755,24308,69157,59136,10021
ACSSF,2013e5,wv,000,0036,0004065,331,54,   ,33100US39054,"West Virginia (part); Morgantown-Fairmont, WV CSA",71739,42720,33250,9470,2836,6634,29019,22808,6211
ACSSF,2013e5,wv,000,0036,0004066,331,54,   ,33100US42554,"West Virginia (part); Parkersburg-Marietta-Vienna, WV-OH CSA",37996,24883,19412,5471,1503,3968,13113,11280,1833
ACSSF,2013e5,wv,000,0036,0004067,331,54,   ,33100US43054,"West Virginia (part); Pittsburgh-New Castle-Weirton, PA-OH-WV CSA",22858,15063,11082,3981,1195,2786,7795,6916,879
ACSSF,2013e5,wv,000,0036,0004068,331,54,   ,33100US54854,"West Virginia (part); Washington-Baltimore-Arlington, DC-MD-VA-WV-PA CSA",70906,47125,35762,11363,3422,7941,23781,20233,3548
ACSSF,2013e5,wv,000,0036,0004069,333,54,   ,33300US1701662054,"West Virginia (part); Charleston, WV Metro Area; Charleston-Huntington-Ashland, WV-OH-KY CSA",95750,60145,44382,15763,4148,11615,35605,30751,4854
ACSSF,2013e5,wv,000,0036,0004070,333,54,   ,33300US1702658054,"West Virginia (part); Huntington-Ashland, WV-KY-OH Metro Area; Charleston-Huntington-Ashland, WV-OH-KY CSA",86506,57261,42782,14479,3751,10728,29245,24796,4449
ACSSF,2013e5,wv,000,0036,0004071,333,54,   ,33300US1703088054,"West Virginia (part); Logan, WV Micro Area; Charleston-Huntington-Ashland, WV-OH-KY CSA",14699,10392,7571,2821,856,1965,4307,3589,718
ACSSF,2013e5,wv,000,0036,0004072,333,54,   ,33300US3902190054,"West Virginia (part); Fairmont, WV Micro Area; Morgantown-Fairmont, WV CSA",22593,14742,10994,3748,1007,2741,7851,6532,1319
ACSSF,2013e5,wv,000,0036,0004073,333,54,   ,33300US3903406054,"West Virginia (part); Morgantown, WV Metro Area; Morgantown-Fairmont, WV CSA",49146,27978,22256,5722,1829,3893,21168,16276,4892
ACSSF,2013e5,wv,000,0036,0004074,333,54,   ,33300US4253762054,"West Virginia (part); Parkersburg-Vienna, WV Metro Area; Parkersburg-Marietta-Vienna, WV-OH CSA",37996,24883,19412,5471,1503,3968,13113,11280,1833
ACSSF,2013e5,wv,000,0036,0004075,333,54,   ,33300US4304826054,"West Virginia (part); Weirton-Steubenville, WV-OH Metro Area; Pittsburgh-New Castle-Weirton, PA-OH-WV CSA",22858,15063,11082,3981,1195,2786,7795,6916,879
ACSSF,2013e5,wv,000,0036,0004076,333,54,   ,33300US5482518054,"West Virginia (part); Hagerstown-Martinsburg, MD-WV Metro Area; Washington-Baltimore-Arlington, DC-MD-VA-WV-PA CSA",40447,28434,21052,7382,2311,5071,12013,10090,1923
ACSSF,2013e5,wv,000,0036,0004077,333,54,   ,33300US5484790054,"West Virginia (part); Washington-Arlington-Alexandria, DC-VA-MD-WV Metro Area; Washington-Baltimore-Arlington, DC-MD-VA-WV-PA CSA",19889,14034,11162,2872,843,2029,5855,4507,1348
ACSSF,2013e5,wv,000,0036,0004078,333,54,   ,33300US5484902054,"West Virginia (part); Winchester, VA-WV Metro Area; Washington-Baltimore-Arlington, DC-MD-VA-WV-PA CSA",10570,4657,3548,1109,268,841,5913,5636,277
ACSSF,2013e5,wv,000,0036,0004079,340,54,   ,34000US54170,"Charleston-Huntington-Ashland, WV-OH-KY CSA (part); West Virginia",196955,127798,94735,33063,8755,24308,69157,59136,10021
ACSSF,2013e5,wv,000,0036,0004080,340,54,   ,34000US54390,"Morgantown-Fairmont, WV CSA; West Virginia",71739,42720,33250,9470,2836,6634,29019,22808,6211
ACSSF,2013e5,wv,000,0036,0004081,340,54,   ,34000US54425,"Parkersburg-Marietta-Vienna, WV-OH CSA (part); West Virginia",37996,24883,19412,5471,1503,3968,13113,11280,1833
ACSSF,2013e5,wv,000,0036,0004082,340,54,   ,34000US54430,"Pittsburgh-New Castle-Weirton, PA-OH-WV CSA (part); West Virginia",22858,15063,11082,3981,1195,2786,7795,6916,879
ACSSF,2013e5,wv,000,0036,0004083,340,54,   ,34000US54548,"Washington-Baltimore-Arlington, DC-MD-VA-WV-PA CSA (part); West Virginia",70906,47125,35762,11363,3422,7941,23781,20233,3548
ACSSF,2013e5,wv,000,0036,0004084,341,54,   ,34100US5417016620,"Charleston, WV Metro Area; Charleston-Huntington-Ashland, WV-OH-KY CSA (part); West Virginia",95750,60145,44382,15763,4148,11615,35605,30751,4854
ACSSF,2013e5,wv,000,0036,0004085,341,54,   ,34100US5417026580,"Huntington-Ashland, WV-KY-OH Metro Area (part); Charleston-Huntington-Ashland, WV-OH-KY CSA (part); West Virginia",86506,57261,42782,14479,3751,10728,29245,24796,4449
ACSSF,2013e5,wv,000,0036,0004086,341,54,   ,34100US5417030880,"Logan, WV Micro Area; Charleston-Huntington-Ashland, WV-OH-KY CSA (part); West Virginia",14699,10392,7571,2821,856,1965,4307,3589,718
ACSSF,2013e5,wv,000,0036,0004087,341,54,   ,34100US5439021900,"Fairmont, WV Micro Area; Morgantown-Fairmont, WV CSA; West Virginia",22593,14742,10994,3748,1007,2741,7851,6532,1319
ACSSF,2013e5,wv,000,0036,0004088,341,54,   ,34100US5439034060,"Morgantown, WV Metro Area; Morgantown-Fairmont, WV CSA; West Virginia",49146,27978,22256,5722,1829,3893,21168,16276,4892
ACSSF,2013e5,wv,000,0036,0004089,341,54,   ,34100US5442537620,"Parkersburg-Vienna, WV Metro Area; Parkersburg-Marietta-Vienna, WV-OH CSA (part); West Virginia",37996,24883,19412,5471,1503,3968,13113,11280,1833
ACSSF,2013e5,wv,000,0036,0004090,341,54,   ,34100US5443048260,"Weirton-Steubenville, WV-OH Metro Area (part); Pittsburgh-New Castle-Weirton, PA-OH-WV CSA (part); West Virginia",22858,15063,11082,3981,1195,2786,7795,6916,879
ACSSF,2013e5,wv,000,0036,0004091,341,54,   ,34100US5454825180,"Hagerstown-Martinsburg, MD-WV Metro Area (part); Washington-Baltimore-Arlington, DC-MD-VA-WV-PA CSA (part); West Virginia",40447,28434,21052,7382,2311,5071,12013,10090,1923
ACSSF,2013e5,wv,000,0036,0004092,341,54,   ,34100US5454847900,"Washington-Arlington-Alexandria, DC-VA-MD-WV Metro Area (part); Washington-Baltimore-Arlington, DC-MD-VA-WV-PA CSA (part); West Virginia",19889,14034,11162,2872,843,2029,5855,4507,1348
ACSSF,2013e5,wv,000,0036,0004093,341,54,   ,34100US5454849020,"Winchester, VA-WV Metro Area (part); Washington-Baltimore-Arlington, DC-MD-VA-WV-PA CSA (part); West Virginia",10570,4657,3548,1109,268,841,5913,5636,277
ACSSF,2013e5,wv,000,0036,0004094,410,54,   ,41000US0119854,"West Virginia (part); Alderson, WV Urban Cluster (2010)",592,361,235,126,43,83,231,203,28
ACSSF,2013e5,wv,000,0036,0004095,410,54,   ,41000US0613954,"West Virginia (part); Beckley, WV Urbanized Area (2010)",25400,16110,11434,4676,1093,3583,9290,7985,1305
ACSSF,2013e5,wv,000,0036,0004096,410,54,   ,41000US0851554,"West Virginia (part); Bluefield, WV--VA Urban Cluster (2010)",15700,9400,6816,2584,653,1931,6300,5549,751
ACSSF,2013e5,wv,000,0036,0004097,410,54,   ,41000US1116154,"West Virginia (part); Buckhannon, WV Urban Cluster (2010)",2996,1913,1442,471,94,377,1083,971,112
ACSSF,2013e5,wv,000,0036,0004098,410,54,   ,41000US1548154,"West Virginia (part); Charleston, WV Urbanized Area (2010)",66737,39405,27869,11536,2823,8713,27332,23453,3879
ACSSF,2013e5,wv,000,0036,0004099,410,54,   ,41000US1560054,"West Virginia (part); Charles Town--Ranson, WV Urban Cluster (2010)",7692,5563,4231,1332,319,1013,2129,1751,378
ACSSF,2013e5,wv,000,0036,0004100,410,54,   ,41000US1723654,"West Virginia (part); Clarksburg, WV Urban Cluster (2010)",17648,11456,8217,3239,778,2461,6192,5629,563
ACSSF,2013e5,wv,000,0036,0004101,410,54,   ,41000US2174554,"West Virginia (part); Cumberland, MD--WV--PA Urbanized Area (2010)",942,465,319,146,40,106,477,443,34
ACSSF,2013e5,wv,000,0036,0004102,410,54,   ,41000US2568754,"West Virginia (part); East Liverpool, OH--WV--PA Urban Cluster (2010)",1769,1142,838,304,112,192,627,551,76
ACSSF,2013e5,wv,000,0036,0004103,410,54,   ,41000US2687554,"West Virginia (part); Elkins, WV Urban Cluster (2010)",4488,2694,1808,886,299,587,1794,1692,102
ACSSF,2013e5,wv,000,0036,0004104,410,54,   ,41000US2887354,"West Virginia (part); Fairmont, WV Urban Cluster (2010)",14239,8593,5999,2594,639,1955,5646,4652,994
ACSSF,2013e5,wv,000,0036,0004105,410,54,   ,41000US3361254,"West Virginia (part); Glenville, WV Urban Cluster (2010)",567,276,171,105,16,89,291,194,97
ACSSF,2013e5,wv,000,0036,0004106,410,54,   ,41000US3411154,"West Virginia (part); Grafton, WV Urban Cluster (2010)",2412,1512,990,522,144,378,900,790,110
ACSSF,2013e5,wv,000,0036,0004107,410,54,   ,41000US3619054,"West Virginia (part); Hagerstown, MD--WV--PA Urbanized Area (2010)",28363,19656,13912,5744,1695,4049,8707,7462,1245
ACSSF,2013e5,wv,000,0036,0004108,410,54,   ,41000US3916054,"West Virginia (part); Hinton, WV Urban Cluster (2010)",1256,630,420,210,67,143,626,592,34
ACSSF,2013e5,wv,000,0036,0004109,410,54,   ,41000US4075354,"West Virginia (part); Huntington, WV--KY--OH Urbanized Area (2010)",47392,28684,20595,8089,2222,5867,18708,15768,2940
ACSSF,2013e5,wv,000,0036,0004110,410,54,   ,41000US4480354,"West Virginia (part); Keyser, WV--MD Urban Cluster (2010)",2859,1463,900,563,44,519,1396,1380,16
ACSSF,2013e5,wv,000,0036,0004111,410,54,   ,41000US4534354,"West Virginia (part); Kingwood, WV Urban Cluster (2010)",1326,800,666,134,7,127,526,481,45
ACSSF,2013e5,wv,000,0036,0004112,410,54,   ,41000US4928554,"West Virginia (part); Lewisburg, WV Urban Cluster (2010)",3259,1638,1304,334,106,228,1621,1392,229
ACSSF,2013e5,wv,000,0036,0004113,410,54,   ,41000US5098654,"West Virginia (part); Logan, WV Urban Cluster (2010)",4427,3076,2165,911,247,664,1351,1146,205
ACSSF,2013e5,wv,000,0036,0004114,410,54,   ,41000US5158054,"West Virginia (part); Louisa, KY--WV Urban Cluster (2010)",342,222,123,99,21,78,120,112,8
ACSSF,2013e5,wv,000,0036,0004115,410,54,   ,41000US5317354,"West Virginia (part); Madison, WV Urban Cluster (2010)",1829,1204,881,323,66,257,625,588,37
ACSSF,2013e5,wv,000,0036,0004116,410,54,   ,41000US5448654,"West Virginia (part); Marietta, OH--WV Urban Cluster (2010)",1699,1178,1023,155,65,90,521,442,79
ACSSF,2013e5,wv,000,0036,0004117,410,54,   ,41000US5679154,"West Virginia (part); Middleport, OH--WV Urban Cluster (2010)",1563,957,648,309,66,243,606,535,71
ACSSF,2013e5,wv,000,0036,0004118,410,54,   ,41000US5866454,"West Virginia (part); Montgomery, WV Urban Cluster (2010)",1963,1260,732,528,185,343,703,625,78
ACSSF,2013e5,wv,000,0036,0004119,410,54,   ,41000US5899254,"West Virginia (part); Moorefield, WV Urban Cluster (2010)",1048,540,362,178,34,144,508,501,7
ACSSF,2013e5,wv,000,0036,0004120,410,54,   ,41000US5927554,"West Virginia (part); Morgantown, WV Urbanized Area (2010)",26748,12251,9158,3093,891,2202,14497,10773,3724
ACSSF,2013e5,wv,000,0036,0004121,410,54,   ,41000US6113854,"West Virginia (part); Narrows, VA--WV Urban Cluster (2010)",525,300,195,105,11,94,225,145,80
ACSSF,2013e5,wv,000,0036,0004122,410,54,   ,41000US6262354,"West Virginia (part); New Martinsville, WV--OH Urban Cluster (2010)",2359,1387,1047,340,25,315,972,840,132
ACSSF,2013e5,wv,000,0036,0004123,410,54,   ,41000US6459454,"West Virginia (part); Oceana, WV Urban Cluster (2010)",1022,708,570,138,29,109,314,273,41
ACSSF,2013e5,wv,000,0036,0004124,410,54,   ,41000US6675454,"West Virginia (part); Paden City, WV Urban Cluster (2010)",1212,722,545,177,60,117,490,470,20
ACSSF,2013e5,wv,000,0036,0004125,410,54,   ,41000US6767254,"West Virginia (part); Parkersburg, WV--OH Urbanized Area (2010)",24926,15360,11395,3965,1005,2960,9566,8386,1180
ACSSF,2013e5,wv,000,0036,0004126,410,54,   ,41000US6899554,"West Virginia (part); Petersburg, WV Urban Cluster (2010)",1065,615,425,190,79,111,450,380,70
ACSSF,2013e5,wv,000,0036,0004127,410,54,   ,41000US6910354,"West Virginia (part); Philippi, WV Urban Cluster (2010)",1054,575,400,175,51,124,479,415,64
ACSSF,2013e5,wv,000,0036,0004128,410,54,   ,41000US7050754,"West Virginia (part); Point Pleasant--Gallipolis, OH--WV Urban Cluster (2010)",2376,1474,1036,438,78,360,902,734,168
ACSSF,2013e5,wv,000,0036,0004129,410,54,   ,41000US7350454,"West Virginia (part); Ravenswood, WV Urban Cluster (2010)",1723,907,649,258,65,193,816,714,102
ACSSF,2013e5,wv,000,0036,0004130,410,54,   ,41000US7517854,"West Virginia (part); Ripley, WV Urban Cluster (2010)",1787,966,700,266,40,226,821,730,91
ACSSF,2013e5,wv,000,0036,0004131,410,54,   ,41000US7790554,"West Virginia (part); St. Marys, WV--OH Urban Cluster (2010)",1222,792,660,132,8,124,430,402,28
ACSSF,2013e5,wv,000,0036,0004132,410,54,   ,41000US8100254,"West Virginia (part); Shannondale, WV Urban Cluster (2010)",916,612,510,102,42,60,304,243,61
ACSSF,2013e5,wv,000,0036,0004133,410,54,   ,41000US8149654,"West Virginia (part); Shepherdstown, WV--MD Urban Cluster (2010)",712,335,221,114,13,101,377,219,158
ACSSF,2013e5,wv,000,0036,0004134,410,54,   ,41000US8227954,"West Virginia (part); Sissonville, WV Urban Cluster (2010)",1506,1070,882,188,29,159,436,413,23
ACSSF,2013e5,wv,000,0036,0004135,410,54,   ,41000US8365654,"West Virginia (part); Spencer, WV Urban Cluster (2010)",1364,783,583,200,7,193,581,552,29
ACSSF,2013e5,wv,000,0036,0004136,410,54,   ,41000US8562754,"West Virginia (part); Summersville, WV Urban Cluster (2010)",1515,963,829,134,36,98,552,530,22
ACSSF,2013e5,wv,000,0036,0004137,410,54,   ,41000US9359254,"West Virginia (part); Weirton--Steubenville, WV--OH--PA Urbanized Area (2010)",13220,8096,5755,2341,656,1685,5124,4469,655
ACSSF,2013e5,wv,000,0036,0004138,410,54,   ,41000US9364654,"West Virginia (part); Welch, WV Urban Cluster (2010)",1037,572,337,235,45,190,465,437,28
ACSSF,2013e5,wv,000,0036,0004139,410,54,   ,41000US9400554,"West Virginia (part); Westernport, MD--WV Urban Cluster (2010)",327,180,95,85,24,61,147,142,5
ACSSF,2013e5,wv,000,0036,0004140,410,54,   ,41000US9432154,"West Virginia (part); Weston, WV Urban Cluster (2010)",1848,1266,814,452,127,325,582,492,90
ACSSF,2013e5,wv,000,0036,0004141,410,54,   ,41000US9472654,"West Virginia (part); Wheeling, WV--OH Urbanized Area (2010)",22709,13106,9594,3512,761,2751,9603,8561,1042
ACSSF,2013e5,wv,000,0036,0004142,410,54,   ,41000US9496954,"West Virginia (part); White Sulphur Springs, WV Urban Cluster (2010)",1292,743,386,357,85,272,549,489,60
ACSSF,2013e5,wv,000,0036,0004143,410,54,   ,41000US9542854,"West Virginia (part); Williamson, WV--KY Urban Cluster (2010)",1088,610,350,260,42,218,478,446,32
ACSSF,2013e5,wv,000,0036,0004144,430,54,025,43000US0119854025,"Greenbrier County (part); West Virginia (part); Alderson, WV Urban Cluster (2010)",480,266,184,82,27,55,214,186,28
ACSSF,2013e5,wv,000,0036,0004145,430,54,063,43000US0119854063,"Monroe County (part); West Virginia (part); Alderson, WV Urban Cluster (2010)",75,58,25,33,5,28,17,17,0
ACSSF,2013e5,wv,000,0036,0004146,430,54,089,43000US0119854089,"Summers County (part); West Virginia (part); Alderson, WV Urban Cluster (2010)",37,37,26,11,11,0,0,0,0
ACSSF,2013e5,wv,000,0036,0004147,430,54,019,43000US0613954019,"Fayette County (part); West Virginia (part); Beckley, WV Urbanized Area (2010)",6155,3965,2801,1164,188,976,2190,1879,311
ACSSF,2013e5,wv,000,0036,0004148,430,54,081,43000US0613954081,"Raleigh County (part); West Virginia (part); Beckley, WV Urbanized Area (2010)",19245,12145,8633,3512,905,2607,7100,6106,994
ACSSF,2013e5,wv,000,0036,0004149,430,54,055,43000US0851554055,"Mercer County (part); West Virginia (part); Bluefield, WV--VA Urban Cluster (2010)",15700,9400,6816,2584,653,1931,6300,5549,751
ACSSF,2013e5,wv,000,0036,0004150,430,54,097,43000US1116154097,"Upshur County (part); West Virginia (part); Buckhannon, WV Urban Cluster (2010)",2996,1913,1442,471,94,377,1083,971,112
ACSSF,2013e5,wv,000,0036,0004151,430,54,039,43000US1548154039,"Kanawha County (part); West Virginia (part); Charleston, WV Urbanized Area (2010)",61458,35715,25037,10678,2601,8077,25743,22203,3540
ACSSF,2013e5,wv,000,0036,0004152,430,54,079,43000US1548154079,"Putnam County (part); West Virginia (part); Charleston, WV Urbanized Area (2010)",5279,3690,2832,858,222,636,1589,1250,339
ACSSF,2013e5,wv,000,0036,0004153,430,54,037,43000US1560054037,"Jefferson County (part); West Virginia (part); Charles Town--Ranson, WV Urban Cluster (2010)",7692,5563,4231,1332,319,1013,2129,1751,378
ACSSF,2013e5,wv,000,0036,0004154,430,54,033,43000US1723654033,"Harrison County (part); West Virginia (part); Clarksburg, WV Urban Cluster (2010)",17484,11332,8097,3235,778,2457,6152,5589,563
ACSSF,2013e5,wv,000,0036,0004155,430,54,049,43000US1723654049,"Marion County (part); West Virginia (part); Clarksburg, WV Urban Cluster (2010)",135,95,91,4,0,4,40,40,0
ACSSF,2013e5,wv,000,0036,0004156,430,54,091,43000US1723654091,"Taylor County (part); West Virginia (part); Clarksburg, WV Urban Cluster (2010)",29,29,29,0,0,0,0,0,0
ACSSF,2013e5,wv,000,0036,0004157,430,54,057,43000US2174554057,"Mineral County (part); West Virginia (part); Cumberland, MD--WV--PA Urbanized Area (2010)",942,465,319,146,40,106,477,443,34
ACSSF,2013e5,wv,000,0036,0004158,430,54,029,43000US2568754029,"Hancock County (part); West Virginia (part); East Liverpool, OH--WV--PA Urban Cluster (2010)",1769,1142,838,304,112,192,627,551,76
ACSSF,2013e5,wv,000,0036,0004159,430,54,083,43000US2687554083,"Randolph County (part); West Virginia (part); Elkins, WV Urban Cluster (2010)",4488,2694,1808,886,299,587,1794,1692,102
ACSSF,2013e5,wv,000,0036,0004160,430,54,049,43000US2887354049,"Marion County (part); West Virginia (part); Fairmont, WV Urban Cluster (2010)",13788,8316,5827,2489,617,1872,5472,4509,963
ACSSF,2013e5,wv,000,0036,0004161,430,54,091,43000US2887354091,"Taylor County (part); West Virginia (part); Fairmont, WV Urban Cluster (2010)",451,277,172,105,22,83,174,143,31
ACSSF,2013e5,wv,000,0036,0004162,430,54,021,43000US3361254021,"Gilmer County (part); West Virginia (part); Glenville, WV Urban Cluster (2010)",567,276,171,105,16,89,291,194,97
ACSSF,2013e5,wv,000,0036,0004163,430,54,091,43000US3411154091,"Taylor County (part); West Virginia (part); Grafton, WV Urban Cluster (2010)",2412,1512,990,522,144,378,900,790,110
ACSSF,2013e5,wv,000,0036,0004164,430,54,003,43000US3619054003,"Berkeley County (part); West Virginia (part); Hagerstown, MD--WV--PA Urbanized Area (2010)",28166,19489,13758,5731,1695,4036,8677,7432,1245
ACSSF,2013e5,wv,000,0036,0004165,430,54,037,43000US3619054037,"Jefferson County (part); West Virginia (part); Hagerstown, MD--WV--PA Urbanized Area (2010)",197,167,154,13,0,13,30,30,0
ACSSF,2013e5,wv,000,0036,0004166,430,54,081,43000US3916054081,"Raleigh County (part); West Virginia (part); Hinton, WV Urban Cluster (2010)",0,0,0,0,0,0,0,0,0
ACSSF,2013e5,wv,000,0036,0004167,430,54,089,43000US3916054089,"Summers County (part); West Virginia (part); Hinton, WV Urban Cluster (2010)",1256,630,420,210,67,143,626,592,34
ACSSF,2013e5,wv,000,0036,0004168,430,54,011,43000US4075354011,"Cabell County (part); West Virginia (part); Huntington, WV--KY--OH Urbanized Area (2010)",32815,18687,12881,5806,1472,4334,14128,11758,2370
ACSSF,2013e5,wv,000,0036,0004169,430,54,079,43000US4075354079,"Putnam County (part); West Virginia (part); Huntington, WV--KY--OH Urbanized Area (2010)",8720,6570,5303,1267,404,863,2150,1827,323
ACSSF,2013e5,wv,000,0036,0004170,430,54,099,43000US4075354099,"Wayne County (part); West Virginia (part); Huntington, WV--KY--OH Urbanized Area (2010)",5857,3427,2411,1016,346,670,2430,2183,247
ACSSF,2013e5,wv,000,0036,0004171,430,54,057,43000US4480354057,"Mineral County (part); West Virginia (part); Keyser, WV--MD Urban Cluster (2010)",2859,1463,900,563,44,519,1396,1380,16
ACSSF,2013e5,wv,000,0036,0004172,430,54,077,43000US4534354077,"Preston County (part); West Virginia (part); Kingwood, WV Urban Cluster (2010)",1326,800,666,134,7,127,526,481,45
ACSSF,2013e5,wv,000,0036,0004173,430,54,025,43000US4928554025,"Greenbrier County (part); West Virginia (part); Lewisburg, WV Urban Cluster (2010)",3259,1638,1304,334,106,228,1621,1392,229
ACSSF,2013e5,wv,000,0036,0004174,430,54,045,43000US5098654045,"Logan County (part); West Virginia (part); Logan, WV Urban Cluster (2010)",4427,3076,2165,911,247,664,1351,1146,205
ACSSF,2013e5,wv,000,0036,0004175,430,54,099,43000US5158054099,"Wayne County (part); West Virginia (part); Louisa, KY--WV Urban Cluster (2010)",342,222,123,99,21,78,120,112,8
ACSSF,2013e5,wv,000,0036,0004176,430,54,005,43000US5317354005,"Boone County (part); West Virginia (part); Madison, WV Urban Cluster (2010)",1829,1204,881,323,66,257,625,588,37
ACSSF,2013e5,wv,000,0036,0004177,430,54,107,43000US5448654107,"Wood County (part); West Virginia (part); Marietta, OH--WV Urban Cluster (2010)",1699,1178,1023,155,65,90,521,442,79
ACSSF,2013e5,wv,000,0036,0004178,430,54,053,43000US5679154053,"Mason County (part); West Virginia (part); Middleport, OH--WV Urban Cluster (2010)",1563,957,648,309,66,243,606,535,71
ACSSF,2013e5,wv,000,0036,0004179,430,54,019,43000US5866454019,"Fayette County (part); West Virginia (part); Montgomery, WV Urban Cluster (2010)",1427,893,480,413,163,250,534,489,45
ACSSF,2013e5,wv,000,0036,0004180,430,54,039,43000US5866454039,"Kanawha County (part); West Virginia (part); Montgomery, WV Urban Cluster (2010)",536,367,252,115,22,93,169,136,33
ACSSF,2013e5,wv,000,0036,0004181,430,54,031,43000US5899254031,"Hardy County (part); West Virginia (part); Moorefield, WV Urban Cluster (2010)",1048,540,362,178,34,144,508,501,7
ACSSF,2013e5,wv,000,0036,0004182,430,54,061,43000US5927554061,"Monongalia County (part); West Virginia (part); Morgantown, WV Urbanized Area (2010)",26748,12251,9158,3093,891,2202,14497,10773,3724
ACSSF,2013e5,wv,000,0036,0004183,430,54,063,43000US6113854063,"Monroe County (part); West Virginia (part); Narrows, VA--WV Urban Cluster (2010)",525,300,195,105,11,94,225,145,80
ACSSF,2013e5,wv,000,0036,0004184,430,54,103,43000US6262354103,"Wetzel County (part); West Virginia (part); New Martinsville, WV--OH Urban Cluster (2010)",2359,1387,1047,340,25,315,972,840,132
ACSSF,2013e5,wv,000,0036,0004185,430,54,109,43000US6459454109,"Wyoming County (part); West Virginia (part); Oceana, WV Urban Cluster (2010)",1022,708,570,138,29,109,314,273,41
ACSSF,2013e5,wv,000,0036,0004186,430,54,095,43000US6675454095,"Tyler County (part); West Virginia (part); Paden City, WV Urban Cluster (2010)",335,195,170,25,20,5,140,133,7
ACSSF,2013e5,wv,000,0036,0004187,430,54,103,43000US6675454103,"Wetzel County (part); West Virginia (part); Paden City, WV Urban Cluster (2010)",877,527,375,152,40,112,350,337,13
ACSSF,2013e5,wv,000,0036,0004188,430,54,107,43000US6767254107,"Wood County (part); West Virginia (part); Parkersburg, WV--OH Urbanized Area (2010)",24926,15360,11395,3965,1005,2960,9566,8386,1180
ACSSF,2013e5,wv,000,0036,0004189,430,54,023,43000US6899554023,"Grant County (part); West Virginia (part); Petersburg, WV Urban Cluster (2010)",1065,615,425,190,79,111,450,380,70
ACSSF,2013e5,wv,000,0036,0004190,430,54,001,43000US6910354001,"Barbour County (part); West Virginia (part); Philippi, WV Urban Cluster (2010)",1054,575,400,175,51,124,479,415,64
ACSSF,2013e5,wv,000,0036,0004191,430,54,053,43000US7050754053,"Mason County (part); West Virginia (part); Point Pleasant--Gallipolis, OH--WV Urban Cluster (2010)",2376,1474,1036,438,78,360,902,734,168
ACSSF,2013e5,wv,000,0036,0004192,430,54,035,43000US7350454035,"Jackson County (part); West Virginia (part); Ravenswood, WV Urban Cluster (2010)",1723,907,649,258,65,193,816,714,102
ACSSF,2013e5,wv,000,0036,0004193,430,54,035,43000US7517854035,"Jackson County (part); West Virginia (part); Ripley, WV Urban Cluster (2010)",1787,966,700,266,40,226,821,730,91
ACSSF,2013e5,wv,000,0036,0004194,430,54,073,43000US7790554073,"Pleasants County (part); West Virginia (part); St. Marys, WV--OH Urban Cluster (2010)",1222,792,660,132,8,124,430,402,28
ACSSF,2013e5,wv,000,0036,0004195,430,54,037,43000US8100254037,"Jefferson County (part); West Virginia (part); Shannondale, WV Urban Cluster (2010)",916,612,510,102,42,60,304,243,61
ACSSF,2013e5,wv,000,0036,0004196,430,54,037,43000US8149654037,"Jefferson County (part); West Virginia (part); Shepherdstown, WV--MD Urban Cluster (2010)",712,335,221,114,13,101,377,219,158
ACSSF,2013e5,wv,000,0036,0004197,430,54,039,43000US8227954039,"Kanawha County (part); West Virginia (part); Sissonville, WV Urban Cluster (2010)",1506,1070,882,188,29,159,436,413,23
ACSSF,2013e5,wv,000,0036,0004198,430,54,087,43000US8365654087,"Roane County (part); West Virginia (part); Spencer, WV Urban Cluster (2010)",1364,783,583,200,7,193,581,552,29
ACSSF,2013e5,wv,000,0036,0004199,430,54,067,43000US8562754067,"Nicholas County (part); West Virginia (part); Summersville, WV Urban Cluster (2010)",1515,963,829,134,36,98,552,530,22
ACSSF,2013e5,wv,000,0036,0004200,430,54,009,43000US9359254009,"Brooke County (part); West Virginia (part); Weirton--Steubenville, WV--OH--PA Urbanized Area (2010)",6053,3679,2714,965,306,659,2374,2016,358
ACSSF,2013e5,wv,000,0036,0004201,430,54,029,43000US9359254029,"Hancock County (part); West Virginia (part); Weirton--Steubenville, WV--OH--PA Urbanized Area (2010)",7167,4417,3041,1376,350,1026,2750,2453,297
ACSSF,2013e5,wv,000,0036,0004202,430,54,047,43000US9364654047,"McDowell County (part); West Virginia (part); Welch, WV Urban Cluster (2010)",1037,572,337,235,45,190,465,437,28
ACSSF,2013e5,wv,000,0036,0004203,430,54,057,43000US9400554057,"Mineral County (part); West Virginia (part); Westernport, MD--WV Urban Cluster (2010)",327,180,95,85,24,61,147,142,5
ACSSF,2013e5,wv,000,0036,0004204,430,54,041,43000US9432154041,"Lewis County (part); West Virginia (part); Weston, WV Urban Cluster (2010)",1848,1266,814,452,127,325,582,492,90
ACSSF,2013e5,wv,000,0036,0004205,430,54,051,43000US9472654051,"Marshall County (part); West Virginia (part); Wheeling, WV--OH Urbanized Area (2010)",7661,4609,3327,1282,359,923,3052,2672,380
ACSSF,2013e5,wv,000,0036,0004206,430,54,069,43000US9472654069,"Ohio County (part); West Virginia (part); Wheeling, WV--OH Urbanized Area (2010)",15048,8497,6267,2230,402,1828,6551,5889,662
ACSSF,2013e5,wv,000,0036,0004207,430,54,025,43000US9496954025,"Greenbrier County (part); West Virginia (part); White Sulphur Springs, WV Urban Cluster (2010)",1292,743,386,357,85,272,549,489,60
ACSSF,2013e5,wv,000,0036,0004208,430,54,059,43000US9542854059,"Mingo County (part); West Virginia (part); Williamson, WV--KY Urban Cluster (2010)",1088,610,350,260,42,218,478,446,32
ACSSF,2013e5,wv,000,0036,0004209,500,54,   ,50000US5401,"Congressional District 1 (113th Congress), West Virginia",244778,155575,120220,35355,9744,25611,89203,76084,13119
ACSSF,2013e5,wv,000,0036,0004210,500,54,   ,50000US5402,"Congressional District 2 (113th Congress), West Virginia",249532,162787,124109,38678,11035,27643,86745,74775,11970
ACSSF,2013e5,wv,000,0036,0004211,500,54,   ,50000US5403,"Congressional District 3 (113th Congress), West Virginia",247080,165005,123585,41420,11432,29988,82075,70938,11137
ACSSF,2013e5,wv,000,0036,0004212,510,54,001,51000US5401001,"Barbour County, Congressional District 1 (113th Congress), West Virginia",6099,4299,3456,843,236,607,1800,1625,175
ACSSF,2013e5,wv,000,0036,0004213,510,54,009,51000US5401009,"Brooke County, Congressional District 1 (113th Congress), West Virginia",9968,6521,4810,1711,518,1193,3447,3055,392
ACSSF,2013e5,wv,000,0036,0004214,510,54,017,51000US5401017,"Doddridge County, Congressional District 1 (113th Congress), West Virginia",2778,1930,1465,465,148,317,848,740,108
ACSSF,2013e5,wv,000,0036,0004215,510,54,021,51000US5401021,"Gilmer County, Congressional District 1 (113th Congress), West Virginia",2590,1615,1304,311,106,205,975,766,209
ACSSF,2013e5,wv,000,0036,0004216,510,54,023,51000US5401023,"Grant County, Congressional District 1 (113th Congress), West Virginia",4449,3022,2500,522,174,348,1427,1189,238
ACSSF,2013e5,wv,000,0036,0004217,510,54,029,51000US5401029,"Hancock County, Congressional District 1 (113th Congress), West Virginia",12890,8542,6272,2270,677,1593,4348,3861,487
ACSSF,2013e5,wv,000,0036,0004218,510,54,033,51000US5401033,"Harrison County, Congressional District 1 (113th Congress), West Virginia",27599,18520,13963,4557,1042,3515,9079,8030,1049
ACSSF,2013e5,wv,000,0036,0004219,510,54,049,51000US5401049,"Marion County, Congressional District 1 (113th Congress), West Virginia",22593,14742,10994,3748,1007,2741,7851,6532,1319
ACSSF,2013e5,wv,000,0036,0004220,510,54,051,51000US5401051,"Marshall County, Congressional District 1 (113th Congress), West Virginia",14042,9395,7380,2015,619,1396,4647,4058,589
ACSSF,2013e5,wv,000,0036,0004221,510,54,057,51000US5401057,"Mineral County, Congressional District 1 (113th Congress), West Virginia",11180,6251,4801,1450,252,1198,4929,4675,254
ACSSF,2013e5,wv,000,0036,0004222,510,54,061,51000US5401061,"Monongalia County, Congressional District 1 (113th Congress), West Virginia",36449,19147,14988,4159,1230,2929,17302,13041,4261
ACSSF,2013e5,wv,000,0036,0004223,510,54,069,51000US5401069,"Ohio County, Congressional District 1 (113th Congress), West Virginia",18553,10837,8228,2609,526,2083,7716,6880,836
ACSSF,2013e5,wv,000,0036,0004224,510,54,073,51000US5401073,"Pleasants County, Congressional District 1 (113th Congress), West Virginia",2747,1957,1663,294,92,202,790,680,110
ACSSF,2013e5,wv,000,0036,0004225,510,54,077,51000US5401077,"Preston County, Congressional District 1 (113th Congress), West Virginia",12697,8831,7268,1563,599,964,3866,3235,631
ACSSF,2013e5,wv,000,0036,0004226,510,54,085,51000US5401085,"Ritchie County, Congressional District 1 (113th Congress), West Virginia",4032,2600,2040,560,173,387,1432,1320,112
ACSSF,2013e5,wv,000,0036,0004227,510,54,091,51000US5401091,"Taylor County, Congressional District 1 (113th Congress), West Virginia",6878,4873,3671,1202,338,864,2005,1755,250
ACSSF,2013e5,wv,000,0036,0004228,510,54,093,51000US5401093,"Tucker County, Congressional District 1 (113th Congress), West Virginia",3050,2087,1694,393,154,239,963,848,115
ACSSF,2013e5,wv,000,0036,0004229,510,54,095,51000US5401095,"Tyler County, Congressional District 1 (113th Congress), West Virginia",3712,2587,2020,567,183,384,1125,1019,106
ACSSF,2013e5,wv,000,0036,0004230,510,54,103,51000US5401103,"Wetzel County, Congressional District 1 (113th Congress), West Virginia",6903,4527,3560,967,202,765,2376,2102,274
ACSSF,2013e5,wv,000,0036,0004231,510,54,107,51000US5401107,"Wood County, Congressional District 1 (113th Congress), West Virginia",35569,23292,18143,5149,1468,3681,12277,10673,1604
ACSSF,2013e5,wv,000,0036,0004232,510,54,003,51000US5402003,"Berkeley County, Congressional District 2 (113th Congress), West Virginia",40447,28434,21052,7382,2311,5071,12013,10090,1923
ACSSF,2013e5,wv,000,0036,0004233,510,54,007,51000US5402007,"Braxton County, Congressional District 2 (113th Congress), West Virginia",5780,3845,3118,727,284,443,1935,1700,235
ACSSF,2013e5,wv,000,0036,0004234,510,54,013,51000US5402013,"Calhoun County, Congressional District 2 (113th Congress), West Virginia",3141,2101,1608,493,178,315,1040,921,119
ACSSF,2013e5,wv,000,0036,0004235,510,54,015,51000US5402015,"Clay County, Congressional District 2 (113th Congress), West Virginia",3435,2434,2084,350,84,266,1001,875,126
ACSSF,2013e5,wv,000,0036,0004236,510,54,027,51000US5402027,"Hampshire County, Congressional District 2 (113th Congress), West Virginia",10570,4657,3548,1109,268,841,5913,5636,277
ACSSF,2013e5,wv,000,0036,0004237,510,54,031,51000US5402031,"Hardy County, Congressional District 2 (113th Congress), West Virginia",5020,3094,2384,710,290,420,1926,1767,159
ACSSF,2013e5,wv,000,0036,0004238,510,54,035,51000US5402035,"Jackson County, Congressional District 2 (113th Congress), West Virginia",11459,7810,6132,1678,406,1272,3649,3128,521
ACSSF,2013e5,wv,000,0036,0004239,510,54,037,51000US5402037,"Jefferson County, Congressional District 2 (113th Congress), West Virginia",19889,14034,11162,2872,843,2029,5855,4507,1348
ACSSF,2013e5,wv,000,0036,0004240,510,54,039,51000US5402039,"Kanawha County, Congressional District 2 (113th Congress), West Virginia",82756,50847,36937,13910,3664,10246,31909,27479,4430
ACSSF,2013e5,wv,000,0036,0004241,510,54,041,51000US5402041,"Lewis County, Congressional District 2 (113th Congress), West Virginia",6451,4342,3340,1002,323,679,2109,1807,302
ACSSF,2013e5,wv,000,0036,0004242,510,54,065,51000US5402065,"Morgan County, Congressional District 2 (113th Congress), West Virginia",7343,3872,3114,758,255,503,3471,3164,307
ACSSF,2013e5,wv,000,0036,0004243,510,54,071,51000US5402071,"Pendleton County, Congressional District 2 (113th Congress), West Virginia",3274,2091,1737,354,101,253,1183,1014,169
ACSSF,2013e5,wv,000,0036,0004244,510,54,079,51000US5402079,"Putnam County, Congressional District 2 (113th Congress), West Virginia",21391,16000,12839,3161,904,2257,5391,4471,920
ACSSF,2013e5,wv,000,0036,0004245,510,54,083,51000US5402083,"Randolph County, Congressional District 2 (113th Congress), West Virginia",11163,7527,5804,1723,569,1154,3636,3400,236
ACSSF,2013e5,wv,000,0036,0004246,510,54,087,51000US5402087,"Roane County, Congressional District 2 (113th Congress), West Virginia",5975,3978,3052,926,202,724,1997,1740,257
ACSSF,2013e5,wv,000,0036,0004247,510,54,097,51000US5402097,"Upshur County, Congressional District 2 (113th Congress), West Virginia",9011,6130,4929,1201,318,883,2881,2469,412
ACSSF,2013e5,wv,000,0036,0004248,510,54,105,51000US5402105,"Wirt County, Congressional District 2 (113th Congress), West Virginia",2427,1591,1269,322,35,287,836,607,229
ACSSF,2013e5,wv,000,0036,0004249,510,54,005,51000US5403005,"Boone County, Congressional District 3 (113th Congress), West Virginia",9559,6864,5361,1503,400,1103,2695,2397,298
ACSSF,2013e5,wv,000,0036,0004250,510,54,011,51000US5403011,"Cabell County, Congressional District 3 (113th Congress), West Virginia",40144,24174,17088,7086,1692,5394,15970,13206,2764
ACSSF,2013e5,wv,000,0036,0004251,510,54,019,51000US5403019,"Fayette County, Congressional District 3 (113th Congress), West Virginia",17250,11508,8198,3310,866,2444,5742,4941,801
ACSSF,2013e5,wv,000,0036,0004252,510,54,025,51000US5403025,"Greenbrier County, Congressional District 3 (113th Congress), West Virginia",15409,10005,7387,2618,757,1861,5404,4649,755
ACSSF,2013e5,wv,000,0036,0004253,510,54,043,51000US5403043,"Lincoln County, Congressional District 3 (113th Congress), West Virginia",8416,6112,4554,1558,465,1093,2304,2125,179
ACSSF,2013e5,wv,000,0036,0004254,510,54,045,51000US5403045,"Logan County, Congressional District 3 (113th Congress), West Virginia",14699,10392,7571,2821,856,1965,4307,3589,718
ACSSF,2013e5,wv,000,0036,0004255,510,54,047,51000US5403047,"McDowell County, Congressional District 3 (113th Congress), West Virginia",8229,5394,3883,1511,429,1082,2835,2454,381
ACSSF,2013e5,wv,000,0036,0004256,510,54,053,51000US5403053,"Mason County, Congressional District 3 (113th Congress), West Virginia",10609,7295,5522,1773,391,1382,3314,2863,451
ACSSF,2013e5,wv,000,0036,0004257,510,54,055,51000US5403055,"Mercer County, Congressional District 3 (113th Congress), West Virginia",25641,16640,12798,3842,971,2871,9001,7919,1082
ACSSF,2013e5,wv,000,0036,0004258,510,54,059,51000US5403059,"Mingo County, Congressional District 3 (113th Congress), West Virginia",10827,7592,5627,1965,565,1400,3235,2890,345
ACSSF,2013e5,wv,000,0036,0004259,510,54,063,51000US5403063,"Monroe County, Congressional District 3 (113th Congress), West Virginia",5648,4030,3142,888,202,686,1618,1359,259
ACSSF,2013e5,wv,000,0036,0004260,510,54,067,51000US5403067,"Nicholas County, Congressional District 3 (113th Congress), West Virginia",10657,7821,6270,1551,584,967,2836,2506,330
ACSSF,2013e5,wv,000,0036,0004261,510,54,075,51000US5403075,"Pocahontas County, Congressional District 3 (113th Congress), West Virginia",3694,2418,2047,371,138,233,1276,1100,176
ACSSF,2013e5,wv,000,0036,0004262,510,54,081,51000US5403081,"Raleigh County, Congressional District 3 (113th Congress), West Virginia",31364,20899,15803,5096,1367,3729,10465,9038,1427
ACSSF,2013e5,wv,000,0036,0004263,510,54,089,51000US5403089,"Summers County, Congressional District 3 (113th Congress), West Virginia",5350,3700,2859,841,387,454,1650,1551,99
ACSSF,2013e5,wv,000,0036,0004264,510,54,099,51000US5403099,"Wayne County, Congressional District 3 (113th Congress), West Virginia",16555,10975,8301,2674,690,1984,5580,4994,586
ACSSF,2013e5,wv,000,0036,0004265,510,54,101,51000US5403101,"Webster County, Congressional District 3 (113th Congress), West Virginia",3928,2759,2098,661,252,409,1169,973,196
ACSSF,2013e5,wv,000,0036,0004266,510,54,109,51000US5403109,"Wyoming County, Congressional District 3 (113th Congress), West Virginia",9101,6427,5076,1351,420,931,2674,2384,290
ACSSF,2013e5,wv,000,0036,0004267,610,54,   ,61000US54001,"State Senate District 1 (2012), West Virginia",43165,27152,20429,6723,1754,4969,16013,14237,1776
ACSSF,2013e5,wv,000,0036,0004268,610,54,   ,61000US54002,"State Senate District 2 (2012), West Virginia",44269,29554,23227,6327,1889,4438,14715,12877,1838
ACSSF,2013e5,wv,000,0036,0004269,610,54,   ,61000US54003,"State Senate District 3 (2012), West Virginia",43053,28459,22305,6154,1696,4458,14594,12539,2055
ACSSF,2013e5,wv,000,0036,0004270,610,54,   ,61000US54004,"State Senate District 4 (2012), West Virginia",40475,28696,22589,6107,1464,4643,11779,10148,1631
ACSSF,2013e5,wv,000,0036,0004271,610,54,   ,61000US54005,"State Senate District 5 (2012), West Virginia",46902,28268,19976,8292,2052,6240,18634,15576,3058
ACSSF,2013e5,wv,000,0036,0004272,610,54,   ,61000US54006,"State Senate District 6 (2012), West Virginia",44844,29703,22587,7116,1839,5277,15141,13366,1775
ACSSF,2013e5,wv,000,0036,0004273,610,54,   ,61000US54007,"State Senate District 7 (2012), West Virginia",41521,29617,22257,7360,2131,5229,11904,10431,1473
ACSSF,2013e5,wv,000,0036,0004274,610,54,   ,61000US54008,"State Senate District 8 (2012), West Virginia",44575,26865,19144,7721,2336,5385,17710,14873,2837
ACSSF,2013e5,wv,000,0036,0004275,610,54,   ,61000US54009,"State Senate District 9 (2012), West Virginia",41268,27881,21242,6639,1833,4806,13387,11623,1764
ACSSF,2013e5,wv,000,0036,0004276,610,54,   ,61000US54010,"State Senate District 10 (2012), West Virginia",43657,29243,21586,7657,2212,5445,14414,12500,1914
ACSSF,2013e5,wv,000,0036,0004277,610,54,   ,61000US54011,"State Senate District 11 (2012), West Virginia",45089,30963,24646,6317,2114,4203,14126,12438,1688
ACSSF,2013e5,wv,000,0036,0004278,610,54,   ,61000US54012,"State Senate District 12 (2012), West Virginia",44305,29754,22932,6822,1768,5054,14551,12695,1856
ACSSF,2013e5,wv,000,0036,0004279,610,54,   ,61000US54013,"State Senate District 13 (2012), West Virginia",44170,23735,17637,6098,1769,4329,20435,15851,4584
ACSSF,2013e5,wv,000,0036,0004280,610,54,   ,61000US54014,"State Senate District 14 (2012), West Virginia",43888,29561,23465,6096,1881,4215,14327,12435,1892
ACSSF,2013e5,wv,000,0036,0004281,610,54,   ,61000US54015,"State Senate District 15 (2012), West Virginia",45564,27668,21902,5766,1827,3939,17896,15995,1901
ACSSF,2013e5,wv,000,0036,0004282,610,54,   ,61000US54016,"State Senate District 16 (2012), West Virginia",39815,27498,20471,7027,1980,5047,12317,10132,2185
ACSSF,2013e5,wv,000,0036,0004283,610,54,   ,61000US54017,"State Senate District 17 (2012), West Virginia",44830,28750,21519,7231,1666,5565,16080,14081,1999
ACSSF,2013e5,wv,000,0036,0004284,612,54,009,61200US54001009,"Brooke County, State Senate District 1 (2012), West Virginia",9968,6521,4810,1711,518,1193,3447,3055,392
ACSSF,2013e5,wv,000,0036,0004285,612,54,029,61200US54001029,"Hancock County, State Senate District 1 (2012), West Virginia",12890,8542,6272,2270,677,1593,4348,3861,487
ACSSF,2013e5,wv,000,0036,0004286,612,54,051,61200US54001051,"Marshall County (part), State Senate District 1 (2012), West Virginia",1754,1252,1119,133,33,100,502,441,61
ACSSF,2013e5,wv,000,0036,0004287,612,54,069,61200US54001069,"Ohio County, State Senate District 1 (2012), West Virginia",18553,10837,8228,2609,526,2083,7716,6880,836
ACSSF,2013e5,wv,000,0036,0004288,612,54,013,61200US54002013,"Calhoun County, State Senate District 2 (2012), West Virginia",3141,2101,1608,493,178,315,1040,921,119
ACSSF,2013e5,wv,000,0036,0004289,612,54,017,61200US54002017,"Doddridge County, State Senate District 2 (2012), West Virginia",2778,1930,1465,465,148,317,848,740,108
ACSSF,2013e5,wv,000,0036,0004290,612,54,021,61200US54002021,"Gilmer County (part), State Senate District 2 (2012), West Virginia",1550,1002,877,125,71,54,548,483,65
ACSSF,2013e5,wv,000,0036,0004291,612,54,049,61200US54002049,"Marion County (part), State Senate District 2 (2012), West Virginia",4211,2922,2301,621,222,399,1289,1069,220
ACSSF,2013e5,wv,000,0036,0004292,612,54,051,61200US54002051,"Marshall County (part), State Senate District 2 (2012), West Virginia",12288,8143,6261,1882,586,1296,4145,3617,528
ACSSF,2013e5,wv,000,0036,0004293,612,54,061,61200US54002061,"Monongalia County (part), State Senate District 2 (2012), West Virginia",5654,3742,3095,647,126,521,1912,1606,306
ACSSF,2013e5,wv,000,0036,0004294,612,54,085,61200US54002085,"Ritchie County, State Senate District 2 (2012), West Virginia",4032,2600,2040,560,173,387,1432,1320,112
ACSSF,2013e5,wv,000,0036,0004295,612,54,095,61200US54002095,"Tyler County, State Senate District 2 (2012), West Virginia",3712,2587,2020,567,183,384,1125,1019,106
ACSSF,2013e5,wv,000,0036,0004296,612,54,103,61200US54002103,"Wetzel County, State Senate District 2 (2012), West Virginia",6903,4527,3560,967,202,765,2376,2102,274
ACSSF,2013e5,wv,000,0036,0004297,612,54,073,61200US54003073,"Pleasants County, State Senate District 3 (2012), West Virginia",2747,1957,1663,294,92,202,790,680,110
ACSSF,2013e5,wv,000,0036,0004298,612,54,087,61200US54003087,"Roane County (part), State Senate District 3 (2012), West Virginia",2310,1619,1230,389,101,288,691,579,112
ACSSF,2013e5,wv,000,0036,0004299,612,54,105,61200US54003105,"Wirt County, State Senate District 3 (2012), West Virginia",2427,1591,1269,322,35,287,836,607,229
ACSSF,2013e5,wv,000,0036,0004300,612,54,107,61200US54003107,"Wood County, State Senate District 3 (2012), West Virginia",35569,23292,18143,5149,1468,3681,12277,10673,1604
ACSSF,2013e5,wv,000,0036,0004301,612,54,035,61200US54004035,"Jackson County, State Senate District 4 (2012), West Virginia",11459,7810,6132,1678,406,1272,3649,3128,521
ACSSF,2013e5,wv,000,0036,0004302,612,54,053,61200US54004053,"Mason County, State Senate District 4 (2012), West Virginia",10609,7295,5522,1773,391,1382,3314,2863,451
ACSSF,2013e5,wv,000,0036,0004303,612,54,079,61200US54004079,"Putnam County (part), State Senate District 4 (2012), West Virginia",14742,11232,9113,2119,566,1553,3510,2996,514
ACSSF,2013e5,wv,000,0036,0004304,612,54,087,61200US54004087,"Roane County (part), State Senate District 4 (2012), West Virginia",3665,2359,1822,537,101,436,1306,1161,145
ACSSF,2013e5,wv,000,0036,0004305,612,54,011,61200US54005011,"Cabell County, State Senate District 5 (2012), West Virginia",40144,24174,17088,7086,1692,5394,15970,13206,2764
ACSSF,2013e5,wv,000,0036,0004306,612,54,099,61200US54005099,"Wayne County (part), State Senate District 5 (2012), West Virginia",6758,4094,2888,1206,360,846,2664,2370,294
ACSSF,2013e5,wv,000,0036,0004307,612,54,047,61200US54006047,"McDowell County (part), State Senate District 6 (2012), West Virginia",7426,4839,3520,1319,383,936,2587,2253,334
ACSSF,2013e5,wv,000,0036,0004308,612,54,055,61200US54006055,"Mercer County, State Senate District 6 (2012), West Virginia",25641,16640,12798,3842,971,2871,9001,7919,1082
ACSSF,2013e5,wv,000,0036,0004309,612,54,059,61200US54006059,"Mingo County (part), State Senate District 6 (2012), West Virginia",7891,5441,4061,1380,370,1010,2450,2178,272
ACSSF,2013e5,wv,000,0036,0004310,612,54,099,61200US54006099,"Wayne County (part), State Senate District 6 (2012), West Virginia",3886,2783,2208,575,115,460,1103,1016,87
ACSSF,2013e5,wv,000,0036,0004311,612,54,005,61200US54007005,"Boone County, State Senate District 7 (2012), West Virginia",9559,6864,5361,1503,400,1103,2695,2397,298
ACSSF,2013e5,wv,000,0036,0004312,612,54,043,61200US54007043,"Lincoln County, State Senate District 7 (2012), West Virginia",8416,6112,4554,1558,465,1093,2304,2125,179
ACSSF,2013e5,wv,000,0036,0004313,612,54,045,61200US54007045,"Logan County, State Senate District 7 (2012), West Virginia",14699,10392,7571,2821,856,1965,4307,3589,718
ACSSF,2013e5,wv,000,0036,0004314,612,54,059,61200US54007059,"Mingo County (part), State Senate District 7 (2012), West Virginia",2936,2151,1566,585,195,390,785,712,73
ACSSF,2013e5,wv,000,0036,0004315,612,54,099,61200US54007099,"Wayne County (part), State Senate District 7 (2012), West Virginia",5911,4098,3205,893,215,678,1813,1608,205
ACSSF,2013e5,wv,000,0036,0004316,612,54,039,61200US54008039,"Kanawha County (part), State Senate District 8 (2012), West Virginia",37926,22097,15418,6679,1998,4681,15829,13398,2431
ACSSF,2013e5,wv,000,0036,0004317,612,54,079,61200US54008079,"Putnam County (part), State Senate District 8 (2012), West Virginia",6649,4768,3726,1042,338,704,1881,1475,406
ACSSF,2013e5,wv,000,0036,0004318,612,54,047,61200US54009047,"McDowell County (part), State Senate District 9 (2012), West Virginia",803,555,363,192,46,146,248,201,47
ACSSF,2013e5,wv,000,0036,0004319,612,54,081,61200US54009081,"Raleigh County, State Senate District 9 (2012), West Virginia",31364,20899,15803,5096,1367,3729,10465,9038,1427
ACSSF,2013e5,wv,000,0036,0004320,612,54,109,61200US54009109,"Wyoming County, State Senate District 9 (2012), West Virginia",9101,6427,5076,1351,420,931,2674,2384,290
ACSSF,2013e5,wv,000,0036,0004321,612,54,019,61200US54010019,"Fayette County, State Senate District 10 (2012), West Virginia",17250,11508,8198,3310,866,2444,5742,4941,801
ACSSF,2013e5,wv,000,0036,0004322,612,54,025,61200US54010025,"Greenbrier County, State Senate District 10 (2012), West Virginia",15409,10005,7387,2618,757,1861,5404,4649,755
ACSSF,2013e5,wv,000,0036,0004323,612,54,063,61200US54010063,"Monroe County, State Senate District 10 (2012), West Virginia",5648,4030,3142,888,202,686,1618,1359,259
ACSSF,2013e5,wv,000,0036,0004324,612,54,089,61200US54010089,"Summers County, State Senate District 10 (2012), West Virginia",5350,3700,2859,841,387,454,1650,1551,99
ACSSF,2013e5,wv,000,0036,0004325,612,54,023,61200US54011023,"Grant County (part), State Senate District 11 (2012), West Virginia",3362,2217,1761,456,152,304,1145,976,169
ACSSF,2013e5,wv,000,0036,0004326,612,54,067,61200US54011067,"Nicholas County, State Senate District 11 (2012), West Virginia",10657,7821,6270,1551,584,967,2836,2506,330
ACSSF,2013e5,wv,000,0036,0004327,612,54,071,61200US54011071,"Pendleton County, State Senate District 11 (2012), West Virginia",3274,2091,1737,354,101,253,1183,1014,169
ACSSF,2013e5,wv,000,0036,0004328,612,54,075,61200US54011075,"Pocahontas County, State Senate District 11 (2012), West Virginia",3694,2418,2047,371,138,233,1276,1100,176
ACSSF,2013e5,wv,000,0036,0004329,612,54,083,61200US54011083,"Randolph County, State Senate District 11 (2012), West Virginia",11163,7527,5804,1723,569,1154,3636,3400,236
ACSSF,2013e5,wv,000,0036,0004330,612,54,097,61200US54011097,"Upshur County, State Senate District 11 (2012), West Virginia",9011,6130,4929,1201,318,883,2881,2469,412
ACSSF,2013e5,wv,000,0036,0004331,612,54,101,61200US54011101,"Webster County, State Senate District 11 (2012), West Virginia",3928,2759,2098,661,252,409,1169,973,196
ACSSF,2013e5,wv,000,0036,0004332,612,54,007,61200US54012007,"Braxton County, State Senate District 12 (2012), West Virginia",5780,3845,3118,727,284,443,1935,1700,235
ACSSF,2013e5,wv,000,0036,0004333,612,54,015,61200US54012015,"Clay County, State Senate District 12 (2012), West Virginia",3435,2434,2084,350,84,266,1001,875,126
ACSSF,2013e5,wv,000,0036,0004334,612,54,021,61200US54012021,"Gilmer County (part), State Senate District 12 (2012), West Virginia",1040,613,427,186,35,151,427,283,144
ACSSF,2013e5,wv,000,0036,0004335,612,54,033,61200US54012033,"Harrison County, State Senate District 12 (2012), West Virginia",27599,18520,13963,4557,1042,3515,9079,8030,1049
ACSSF,2013e5,wv,000,0036,0004336,612,54,041,61200US54012041,"Lewis County, State Senate District 12 (2012), West Virginia",6451,4342,3340,1002,323,679,2109,1807,302
ACSSF,2013e5,wv,000,0036,0004337,612,54,049,61200US54013049,"Marion County (part), State Senate District 13 (2012), West Virginia",18382,11820,8693,3127,785,2342,6562,5463,1099
ACSSF,2013e5,wv,000,0036,0004338,612,54,061,61200US54013061,"Monongalia County (part), State Senate District 13 (2012), West Virginia",25788,11915,8944,2971,984,1987,13873,10388,3485
ACSSF,2013e5,wv,000,0036,0004339,612,54,001,61200US54014001,"Barbour County, State Senate District 14 (2012), West Virginia",6099,4299,3456,843,236,607,1800,1625,175
ACSSF,2013e5,wv,000,0036,0004340,612,54,023,61200US54014023,"Grant County (part), State Senate District 14 (2012), West Virginia",1087,805,739,66,22,44,282,213,69
ACSSF,2013e5,wv,000,0036,0004341,612,54,031,61200US54014031,"Hardy County, State Senate District 14 (2012), West Virginia",5020,3094,2384,710,290,420,1926,1767,159
ACSSF,2013e5,wv,000,0036,0004342,612,54,057,61200US54014057,"Mineral County (part), State Senate District 14 (2012), West Virginia",4050,2082,1304,778,122,656,1968,1945,23
ACSSF,2013e5,wv,000,0036,0004343,612,54,061,61200US54014061,"Monongalia County (part), State Senate District 14 (2012), West Virginia",5007,3490,2949,541,120,421,1517,1047,470
ACSSF,2013e5,wv,000,0036,0004344,612,54,077,61200US54014077,"Preston County, State Senate District 14 (2012), West Virginia",12697,8831,7268,1563,599,964,3866,3235,631
ACSSF,2013e5,wv,000,0036,0004345,612,54,091,61200US54014091,"Taylor County, State Senate District 14 (2012), West Virginia",6878,4873,3671,1202,338,864,2005,1755,250
ACSSF,2013e5,wv,000,0036,0004346,612,54,093,61200US54014093,"Tucker County, State Senate District 14 (2012), West Virginia",3050,2087,1694,393,154,239,963,848,115
ACSSF,2013e5,wv,000,0036,0004347,612,54,003,61200US54015003,"Berkeley County (part), State Senate District 15 (2012), West Virginia",20521,14970,11743,3227,1174,2053,5551,4465,1086
ACSSF,2013e5,wv,000,0036,0004348,612,54,027,61200US54015027,"Hampshire County, State Senate District 15 (2012), West Virginia",10570,4657,3548,1109,268,841,5913,5636,277
ACSSF,2013e5,wv,000,0036,0004349,612,54,057,61200US54015057,"Mineral County (part), State Senate District 15 (2012), West Virginia",7130,4169,3497,672,130,542,2961,2730,231
ACSSF,2013e5,wv,000,0036,0004350,612,54,065,61200US54015065,"Morgan County, State Senate District 15 (2012), West Virginia",7343,3872,3114,758,255,503,3471,3164,307
ACSSF,2013e5,wv,000,0036,0004351,612,54,003,61200US54016003,"Berkeley County (part), State Senate District 16 (2012), West Virginia",19926,13464,9309,4155,1137,3018,6462,5625,837
ACSSF,2013e5,wv,000,0036,0004352,612,54,037,61200US54016037,"Jefferson County, State Senate District 16 (2012), West Virginia",19889,14034,11162,2872,843,2029,5855,4507,1348
ACSSF,2013e5,wv,000,0036,0004353,612,54,039,61200US54017039,"Kanawha County (part), State Senate District 17 (2012), West Virginia",44830,28750,21519,7231,1666,5565,16080,14081,1999
ACSSF,2013e5,wv,000,0036,0004354,620,54,   ,62000US54001,"State House District 1 (2012), West Virginia",15839,10358,7503,2855,848,2007,5481,4848,633
ACSSF,2013e5,wv,000,0036,0004355,620,54,   ,62000US54002,"State House District 2 (2012), West Virginia",7432,4821,3669,1152,353,799,2611,2256,355
ACSSF,2013e5,wv,000,0036,0004356,620,54,   ,62000US54003,"State House District 3 (2012), West Virginia",16788,9694,7340,2354,476,1878,7094,6386,708
ACSSF,2013e5,wv,000,0036,0004357,620,54,   ,62000US54004,"State House District 4 (2012), West Virginia",15394,10422,8178,2244,663,1581,4972,4364,608
ACSSF,2013e5,wv,000,0036,0004358,620,54,   ,62000US54005,"State House District 5 (2012), West Virginia",7315,4831,3823,1008,214,794,2484,2203,281
ACSSF,2013e5,wv,000,0036,0004359,620,54,   ,62000US54006,"State House District 6 (2012), West Virginia",6652,4666,3623,1043,342,701,1986,1772,214
ACSSF,2013e5,wv,000,0036,0004360,620,54,   ,62000US54007,"State House District 7 (2012), West Virginia",6617,4408,3565,843,254,589,2209,1987,222
ACSSF,2013e5,wv,000,0036,0004361,620,54,   ,62000US54008,"State House District 8 (2012), West Virginia",7384,5248,4309,939,355,584,2136,1815,321
ACSSF,2013e5,wv,000,0036,0004362,620,54,   ,62000US54009,"State House District 9 (2012), West Virginia",7233,4984,4159,825,222,603,2249,1785,464
ACSSF,2013e5,wv,000,0036,0004363,620,54,   ,62000US54010,"State House District 10 (2012), West Virginia",23379,14651,10944,3707,926,2781,8728,7680,1048
ACSSF,2013e5,wv,000,0036,0004364,620,54,   ,62000US54011,"State House District 11 (2012), West Virginia",7393,5054,3848,1206,262,944,2339,2036,303
ACSSF,2013e5,wv,000,0036,0004365,620,54,   ,62000US54012,"State House District 12 (2012), West Virginia",6782,4651,3739,912,221,691,2131,1821,310
ACSSF,2013e5,wv,000,0036,0004366,620,54,   ,62000US54013,"State House District 13 (2012), West Virginia",14781,10213,7837,2376,630,1746,4568,3787,781
ACSSF,2013e5,wv,000,0036,0004367,620,54,   ,62000US54014,"State House District 14 (2012), West Virginia",6644,4767,3700,1067,275,792,1877,1657,220
ACSSF,2013e5,wv,000,0036,0004368,620,54,   ,62000US54015,"State House District 15 (2012), West Virginia",7516,5656,4731,925,321,604,1860,1565,295
ACSSF,2013e5,wv,000,0036,0004369,620,54,   ,62000US54016,"State House District 16 (2012), West Virginia",21592,12842,8827,4015,781,3234,8750,7172,1578
ACSSF,2013e5,wv,000,0036,0004370,620,54,   ,62000US54017,"State House District 17 (2012), West Virginia",15266,8688,6046,2642,814,1828,6578,5721,857
ACSSF,2013e5,wv,000,0036,0004371,620,54,   ,62000US54018,"State House District 18 (2012), West Virginia",7163,5136,4123,1013,279,734,2027,1625,402
ACSSF,2013e5,wv,000,0036,0004372,620,54,   ,62000US54019,"State House District 19 (2012), West Virginia",14245,9610,7293,2317,572,1745,4635,4114,521
ACSSF,2013e5,wv,000,0036,0004373,620,54,   ,62000US54020,"State House District 20 (2012), West Virginia",6847,4915,3496,1419,474,945,1932,1778,154
ACSSF,2013e5,wv,000,0036,0004374,620,54,   ,62000US54021,"State House District 21 (2012), West Virginia",7467,4966,3939,1027,244,783,2501,2188,313
ACSSF,2013e5,wv,000,0036,0004375,620,54,   ,62000US54022,"State House District 22 (2012), West Virginia",13200,9727,7277,2450,645,1805,3473,3114,359
ACSSF,2013e5,wv,000,0036,0004376,620,54,   ,62000US54023,"State House District 23 (2012), West Virginia",7161,5073,3954,1119,315,804,2088,1885,203
ACSSF,2013e5,wv,000,0036,0004377,620,54,   ,62000US54024,"State House District 24 (2012), West Virginia",14221,9966,7351,2615,804,1811,4255,3516,739
ACSSF,2013e5,wv,000,0036,0004378,620,54,   ,62000US54025,"State House District 25 (2012), West Virginia",6962,4950,3816,1134,355,779,2012,1768,244
ACSSF,2013e5,wv,000,0036,0004379,620,54,   ,62000US54026,"State House District 26 (2012), West Virginia",7132,4758,3429,1329,363,966,2374,2018,356
ACSSF,2013e5,wv,000,0036,0004380,620,54,   ,62000US54027,"State House District 27 (2012), West Virginia",24245,15626,12007,3619,887,2732,8619,7567,1052
ACSSF,2013e5,wv,000,0036,0004381,620,54,   ,62000US54028,"State House District 28 (2012), West Virginia",15082,10677,8506,2171,634,1537,4405,3988,417
ACSSF,2013e5,wv,000,0036,0004382,620,54,   ,62000US54029,"State House District 29 (2012), West Virginia",8106,5670,4148,1522,298,1224,2436,2208,228
ACSSF,2013e5,wv,000,0036,0004383,620,54,   ,62000US54030,"State House District 30 (2012), West Virginia",8531,4636,3063,1573,395,1178,3895,3280,615
ACSSF,2013e5,wv,000,0036,0004384,620,54,   ,62000US54031,"State House District 31 (2012), West Virginia",7415,5357,4377,980,402,578,2058,1762,296
ACSSF,2013e5,wv,000,0036,0004385,620,54,   ,62000US54032,"State House District 32 (2012), West Virginia",21589,14611,10603,4008,1054,2954,6978,5990,988
ACSSF,2013e5,wv,000,0036,0004386,620,54,   ,62000US54033,"State House District 33 (2012), West Virginia",7535,5097,4162,935,328,607,2438,2152,286
ACSSF,2013e5,wv,000,0036,0004387,620,54,   ,62000US54034,"State House District 34 (2012), West Virginia",6971,4544,3631,913,319,594,2427,2029,398
ACSSF,2013e5,wv,000,0036,0004388,620,54,   ,62000US54035,"State House District 35 (2012), West Virginia",31451,19080,13872,5208,1266,3942,12371,10778,1593
ACSSF,2013e5,wv,000,0036,0004389,620,54,   ,62000US54036,"State House District 36 (2012), West Virginia",21773,13818,9967,3851,1032,2819,7955,6690,1265
ACSSF,2013e5,wv,000,0036,0004390,620,54,   ,62000US54037,"State House District 37 (2012), West Virginia",7831,3023,1577,1446,358,1088,4808,4269,539
ACSSF,2013e5,wv,000,0036,0004391,620,54,   ,62000US54038,"State House District 38 (2012), West Virginia",7623,5329,4134,1195,286,909,2294,1835,459
ACSSF,2013e5,wv,000,0036,0004392,620,54,   ,62000US54039,"State House District 39 (2012), West Virginia",8536,6050,4695,1355,438,917,2486,2085,401
ACSSF,2013e5,wv,000,0036,0004393,620,54,   ,62000US54040,"State House District 40 (2012), West Virginia",7989,5524,4306,1218,339,879,2465,2185,280
ACSSF,2013e5,wv,000,0036,0004394,620,54,   ,62000US54041,"State House District 41 (2012), West Virginia",7910,5968,4853,1115,506,609,1942,1699,243
ACSSF,2013e5,wv,000,0036,0004395,620,54,   ,62000US54042,"State House District 42 (2012), West Virginia",16383,10717,7885,2832,864,1968,5666,4861,805
ACSSF,2013e5,wv,000,0036,0004396,620,54,   ,62000US54043,"State House District 43 (2012), West Virginia",14735,9864,7808,2056,691,1365,4871,4468,403
ACSSF,2013e5,wv,000,0036,0004397,620,54,   ,62000US54044,"State House District 44 (2012), West Virginia",7700,5353,4030,1323,470,853,2347,2028,319
ACSSF,2013e5,wv,000,0036,0004398,620,54,   ,62000US54045,"State House District 45 (2012), West Virginia",7106,4823,3918,905,216,689,2283,1935,348
ACSSF,2013e5,wv,000,0036,0004399,620,54,   ,62000US54046,"State House District 46 (2012), West Virginia",7349,4895,3784,1111,332,779,2454,2120,334
ACSSF,2013e5,wv,000,0036,0004400,620,54,   ,62000US54047,"State House District 47 (2012), West Virginia",7290,5125,4110,1015,284,731,2165,1954,211
ACSSF,2013e5,wv,000,0036,0004401,620,54,   ,62000US54048,"State House District 48 (2012), West Virginia",28201,19006,14315,4691,1055,3636,9195,8141,1054
ACSSF,2013e5,wv,000,0036,0004402,620,54,   ,62000US54049,"State House District 49 (2012), West Virginia",7246,5164,3976,1188,325,863,2082,1766,316
ACSSF,2013e5,wv,000,0036,0004403,620,54,   ,62000US54050,"State House District 50 (2012), West Virginia",22204,14432,10708,3724,1007,2717,7772,6468,1304
ACSSF,2013e5,wv,000,0036,0004404,620,54,   ,62000US54051,"State House District 51 (2012), West Virginia",35456,18376,14354,4022,1218,2804,17080,12882,4198
ACSSF,2013e5,wv,000,0036,0004405,620,54,   ,62000US54052,"State House District 52 (2012), West Virginia",6846,4636,3760,876,297,579,2210,1789,421
ACSSF,2013e5,wv,000,0036,0004406,620,54,   ,62000US54053,"State House District 53 (2012), West Virginia",7710,5456,4548,908,408,500,2254,1965,289
ACSSF,2013e5,wv,000,0036,0004407,620,54,   ,62000US54054,"State House District 54 (2012), West Virginia",7462,4839,4085,754,265,489,2623,2308,315
ACSSF,2013e5,wv,000,0036,0004408,620,54,   ,62000US54055,"State House District 55 (2012), West Virginia",7283,4512,3506,1006,361,645,2771,2468,303
ACSSF,2013e5,wv,000,0036,0004409,620,54,   ,62000US54056,"State House District 56 (2012), West Virginia",7674,4311,3119,1192,191,1001,3363,3196,167
ACSSF,2013e5,wv,000,0036,0004410,620,54,   ,62000US54057,"State House District 57 (2012), West Virginia",8263,4027,3099,928,199,729,4236,4055,181
ACSSF,2013e5,wv,000,0036,0004411,620,54,   ,62000US54058,"State House District 58 (2012), West Virginia",8525,3916,3130,786,235,551,4609,4282,327
ACSSF,2013e5,wv,000,0036,0004412,620,54,   ,62000US54059,"State House District 59 (2012), West Virginia",7444,4919,4075,844,297,547,2525,2217,308
ACSSF,2013e5,wv,000,0036,0004413,620,54,   ,62000US54060,"State House District 60 (2012), West Virginia",7252,5419,4319,1100,444,656,1833,1465,368
ACSSF,2013e5,wv,000,0036,0004414,620,54,   ,62000US54061,"State House District 61 (2012), West Virginia",7436,4504,2841,1663,433,1230,2932,2576,356
ACSSF,2013e5,wv,000,0036,0004415,620,54,   ,62000US54062,"State House District 62 (2012), West Virginia",7224,5183,3920,1263,465,798,2041,1694,347
ACSSF,2013e5,wv,000,0036,0004416,620,54,   ,62000US54063,"State House District 63 (2012), West Virginia",6747,4982,3562,1420,459,961,1765,1459,306
ACSSF,2013e5,wv,000,0036,0004417,620,54,   ,62000US54064,"State House District 64 (2012), West Virginia",6973,4809,3480,1329,302,1027,2164,1815,349
ACSSF,2013e5,wv,000,0036,0004418,620,54,   ,62000US54065,"State House District 65 (2012), West Virginia",7029,4914,3670,1244,319,925,2115,1762,353
ACSSF,2013e5,wv,000,0036,0004419,620,54,   ,62000US54066,"State House District 66 (2012), West Virginia",6638,4860,3958,902,232,670,1778,1343,435
ACSSF,2013e5,wv,000,0036,0004420,620,54,   ,62000US54067,"State House District 67 (2012), West Virginia",6222,4260,3534,726,292,434,1962,1402,560
ACSSF,2013e5,wv,000,0036,0004421,622,54,009,62200US54001009,"Brooke County (part), State House District 1 (2012), West Virginia",2949,1816,1231,585,171,414,1133,987,146
ACSSF,2013e5,wv,000,0036,0004422,622,54,029,62200US54001029,"Hancock County, State House District 1 (2012), West Virginia",12890,8542,6272,2270,677,1593,4348,3861,487
ACSSF,2013e5,wv,000,0036,0004423,622,54,009,62200US54002009,"Brooke County (part), State House District 2 (2012), West Virginia",7019,4705,3579,1126,347,779,2314,2068,246
ACSSF,2013e5,wv,000,0036,0004424,622,54,069,62200US54002069,"Ohio County (part), State House District 2 (2012), West Virginia",413,116,90,26,6,20,297,188,109
ACSSF,2013e5,wv,000,0036,0004425,622,54,069,62200US54003069,"Ohio County (part), State House District 3 (2012), West Virginia",16788,9694,7340,2354,476,1878,7094,6386,708
ACSSF,2013e5,wv,000,0036,0004426,622,54,051,62200US54004051,"Marshall County, State House District 4 (2012), West Virginia",14042,9395,7380,2015,619,1396,4647,4058,589
ACSSF,2013e5,wv,000,0036,0004427,622,54,069,62200US54004069,"Ohio County (part), State House District 4 (2012), West Virginia",1352,1027,798,229,44,185,325,306,19
ACSSF,2013e5,wv,000,0036,0004428,622,54,061,62200US54005061,"Monongalia County (part), State House District 5 (2012), West Virginia",412,304,263,41,12,29,108,101,7
ACSSF,2013e5,wv,000,0036,0004429,622,54,103,62200US54005103,"Wetzel County, State House District 5 (2012), West Virginia",6903,4527,3560,967,202,765,2376,2102,274
ACSSF,2013e5,wv,000,0036,0004430,622,54,017,62200US54006017,"Doddridge County, State House District 6 (2012), West Virginia",2778,1930,1465,465,148,317,848,740,108
ACSSF,2013e5,wv,000,0036,0004431,622,54,073,62200US54006073,"Pleasants County (part), State House District 6 (2012), West Virginia",162,149,138,11,11,0,13,13,0
ACSSF,2013e5,wv,000,0036,0004432,622,54,095,62200US54006095,"Tyler County, State House District 6 (2012), West Virginia",3712,2587,2020,567,183,384,1125,1019,106
ACSSF,2013e5,wv,000,0036,0004433,622,54,073,62200US54007073,"Pleasants County (part), State House District 7 (2012), West Virginia",2585,1808,1525,283,81,202,777,667,110
ACSSF,2013e5,wv,000,0036,0004434,622,54,085,62200US54007085,"Ritchie County, State House District 7 (2012), West Virginia",4032,2600,2040,560,173,387,1432,1320,112
ACSSF,2013e5,wv,000,0036,0004435,622,54,107,62200US54008107,"Wood County (part), State House District 8 (2012), West Virginia",7384,5248,4309,939,355,584,2136,1815,321
ACSSF,2013e5,wv,000,0036,0004436,622,54,105,62200US54009105,"Wirt County, State House District 9 (2012), West Virginia",2427,1591,1269,322,35,287,836,607,229
ACSSF,2013e5,wv,000,0036,0004437,622,54,107,62200US54009107,"Wood County (part), State House District 9 (2012), West Virginia",4806,3393,2890,503,187,316,1413,1178,235
ACSSF,2013e5,wv,000,0036,0004438,622,54,107,62200US54010107,"Wood County (part), State House District 10 (2012), West Virginia",23379,14651,10944,3707,926,2781,8728,7680,1048
ACSSF,2013e5,wv,000,0036,0004439,622,54,035,62200US54011035,"Jackson County (part), State House District 11 (2012), West Virginia",1418,1076,796,280,60,220,342,296,46
ACSSF,2013e5,wv,000,0036,0004440,622,54,087,62200US54011087,"Roane County, State House District 11 (2012), West Virginia",5975,3978,3052,926,202,724,1997,1740,257
ACSSF,2013e5,wv,000,0036,0004441,622,54,035,62200US54012035,"Jackson County (part), State House District 12 (2012), West Virginia",6782,4651,3739,912,221,691,2131,1821,310
ACSSF,2013e5,wv,000,0036,0004442,622,54,035,62200US54013035,"Jackson County (part), State House District 13 (2012), West Virginia",3259,2083,1597,486,125,361,1176,1011,165
ACSSF,2013e5,wv,000,0036,0004443,622,54,053,62200US54013053,"Mason County (part), State House District 13 (2012), West Virginia",5215,3555,2644,911,180,731,1660,1398,262
ACSSF,2013e5,wv,000,0036,0004444,622,54,079,62200US54013079,"Putnam County (part), State House District 13 (2012), West Virginia",6307,4575,3596,979,325,654,1732,1378,354
ACSSF,2013e5,wv,000,0036,0004445,622,54,053,62200US54014053,"Mason County (part), State House District 14 (2012), West Virginia",5394,3740,2878,862,211,651,1654,1465,189
ACSSF,2013e5,wv,000,0036,0004446,622,54,079,62200US54014079,"Putnam County (part), State House District 14 (2012), West Virginia",1250,1027,822,205,64,141,223,192,31
ACSSF,2013e5,wv,000,0036,0004447,622,54,079,62200US54015079,"Putnam County (part), State House District 15 (2012), West Virginia",7516,5656,4731,925,321,604,1860,1565,295
ACSSF,2013e5,wv,000,0036,0004448,622,54,011,62200US54016011,"Cabell County (part), State House District 16 (2012), West Virginia",20025,11715,7927,3788,717,3071,8310,6740,1570
ACSSF,2013e5,wv,000,0036,0004449,622,54,043,62200US54016043,"Lincoln County (part), State House District 16 (2012), West Virginia",1567,1127,900,227,64,163,440,432,8
ACSSF,2013e5,wv,000,0036,0004450,622,54,011,62200US54017011,"Cabell County (part), State House District 17 (2012), West Virginia",12956,7323,5038,2285,696,1589,5633,4841,792
ACSSF,2013e5,wv,000,0036,0004451,622,54,099,62200US54017099,"Wayne County (part), State House District 17 (2012), West Virginia",2310,1365,1008,357,118,239,945,880,65
ACSSF,2013e5,wv,000,0036,0004452,622,54,011,62200US54018011,"Cabell County (part), State House District 18 (2012), West Virginia",7163,5136,4123,1013,279,734,2027,1625,402
ACSSF,2013e5,wv,000,0036,0004453,622,54,099,62200US54019099,"Wayne County (part), State House District 19 (2012), West Virginia",14245,9610,7293,2317,572,1745,4635,4114,521
ACSSF,2013e5,wv,000,0036,0004454,622,54,045,62200US54020045,"Logan County (part), State House District 20 (2012), West Virginia",614,464,327,137,49,88,150,150,0
ACSSF,2013e5,wv,000,0036,0004455,622,54,059,62200US54020059,"Mingo County (part), State House District 20 (2012), West Virginia",6233,4451,3169,1282,425,857,1782,1628,154
ACSSF,2013e5,wv,000,0036,0004456,622,54,047,62200US54021047,"McDowell County (part), State House District 21 (2012), West Virginia",1455,891,715,176,56,120,564,487,77
ACSSF,2013e5,wv,000,0036,0004457,622,54,059,62200US54021059,"Mingo County (part), State House District 21 (2012), West Virginia",4594,3141,2458,683,140,543,1453,1262,191
ACSSF,2013e5,wv,000,0036,0004458,622,54,109,62200US54021109,"Wyoming County (part), State House District 21 (2012), West Virginia",1418,934,766,168,48,120,484,439,45
ACSSF,2013e5,wv,000,0036,0004459,622,54,005,62200US54022005,"Boone County (part), State House District 22 (2012), West Virginia",1014,779,663,116,37,79,235,210,25
ACSSF,2013e5,wv,000,0036,0004460,622,54,043,62200US54022043,"Lincoln County (part), State House District 22 (2012), West Virginia",6849,4985,3654,1331,401,930,1864,1693,171
ACSSF,2013e5,wv,000,0036,0004461,622,54,045,62200US54022045,"Logan County (part), State House District 22 (2012), West Virginia",1742,1372,997,375,76,299,370,321,49
ACSSF,2013e5,wv,000,0036,0004462,622,54,079,62200US54022079,"Putnam County (part), State House District 22 (2012), West Virginia",3595,2591,1963,628,131,497,1004,890,114
ACSSF,2013e5,wv,000,0036,0004463,622,54,005,62200US54023005,"Boone County (part), State House District 23 (2012), West Virginia",7161,5073,3954,1119,315,804,2088,1885,203
ACSSF,2013e5,wv,000,0036,0004464,622,54,005,62200US54024005,"Boone County (part), State House District 24 (2012), West Virginia",1384,1012,744,268,48,220,372,302,70
ACSSF,2013e5,wv,000,0036,0004465,622,54,045,62200US54024045,"Logan County (part), State House District 24 (2012), West Virginia",12343,8556,6247,2309,731,1578,3787,3118,669
ACSSF,2013e5,wv,000,0036,0004466,622,54,109,62200US54024109,"Wyoming County (part), State House District 24 (2012), West Virginia",494,398,360,38,25,13,96,96,0
ACSSF,2013e5,wv,000,0036,0004467,622,54,047,62200US54025047,"McDowell County (part), State House District 25 (2012), West Virginia",739,543,384,159,41,118,196,179,17
ACSSF,2013e5,wv,000,0036,0004468,622,54,055,62200US54025055,"Mercer County (part), State House District 25 (2012), West Virginia",627,461,391,70,53,17,166,145,21
ACSSF,2013e5,wv,000,0036,0004469,622,54,109,62200US54025109,"Wyoming County (part), State House District 25 (2012), West Virginia",5596,3946,3041,905,261,644,1650,1444,206
ACSSF,2013e5,wv,000,0036,0004470,622,54,047,62200US54026047,"McDowell County (part), State House District 26 (2012), West Virginia",6035,3960,2784,1176,332,844,2075,1788,287
ACSSF,2013e5,wv,000,0036,0004471,622,54,055,62200US54026055,"Mercer County (part), State House District 26 (2012), West Virginia",1097,798,645,153,31,122,299,230,69
ACSSF,2013e5,wv,000,0036,0004472,622,54,055,62200US54027055,"Mercer County (part), State House District 27 (2012), West Virginia",23917,15381,11762,3619,887,2732,8536,7544,992
ACSSF,2013e5,wv,000,0036,0004473,622,54,081,62200US54027081,"Raleigh County (part), State House District 27 (2012), West Virginia",328,245,245,0,0,0,83,23,60
ACSSF,2013e5,wv,000,0036,0004474,622,54,063,62200US54028063,"Monroe County (part), State House District 28 (2012), West Virginia",4728,3393,2698,695,138,557,1335,1110,225
ACSSF,2013e5,wv,000,0036,0004475,622,54,081,62200US54028081,"Raleigh County (part), State House District 28 (2012), West Virginia",5498,3975,3201,774,238,536,1523,1410,113
ACSSF,2013e5,wv,000,0036,0004476,622,54,089,62200US54028089,"Summers County (part), State House District 28 (2012), West Virginia",4856,3309,2607,702,258,444,1547,1468,79
ACSSF,2013e5,wv,000,0036,0004477,622,54,081,62200US54029081,"Raleigh County (part), State House District 29 (2012), West Virginia",8106,5670,4148,1522,298,1224,2436,2208,228
ACSSF,2013e5,wv,000,0036,0004478,622,54,081,62200US54030081,"Raleigh County (part), State House District 30 (2012), West Virginia",8531,4636,3063,1573,395,1178,3895,3280,615
ACSSF,2013e5,wv,000,0036,0004479,622,54,081,62200US54031081,"Raleigh County (part), State House District 31 (2012), West Virginia",5822,4208,3468,740,316,424,1614,1357,257
ACSSF,2013e5,wv,000,0036,0004480,622,54,109,62200US54031109,"Wyoming County (part), State House District 31 (2012), West Virginia",1593,1149,909,240,86,154,444,405,39
ACSSF,2013e5,wv,000,0036,0004481,622,54,015,62200US54032015,"Clay County (part), State House District 32 (2012), West Virginia",440,354,321,33,5,28,86,81,5
ACSSF,2013e5,wv,000,0036,0004482,622,54,019,62200US54032019,"Fayette County, State House District 32 (2012), West Virginia",17250,11508,8198,3310,866,2444,5742,4941,801
ACSSF,2013e5,wv,000,0036,0004483,622,54,039,62200US54032039,"Kanawha County (part), State House District 32 (2012), West Virginia",276,174,113,61,8,53,102,83,19
ACSSF,2013e5,wv,000,0036,0004484,622,54,067,62200US54032067,"Nicholas County (part), State House District 32 (2012), West Virginia",544,410,293,117,55,62,134,125,9
ACSSF,2013e5,wv,000,0036,0004485,622,54,081,62200US54032081,"Raleigh County (part), State House District 32 (2012), West Virginia",3079,2165,1678,487,120,367,914,760,154
ACSSF,2013e5,wv,000,0036,0004486,622,54,013,62200US54033013,"Calhoun County, State House District 33 (2012), West Virginia",3141,2101,1608,493,178,315,1040,921,119
ACSSF,2013e5,wv,000,0036,0004487,622,54,015,62200US54033015,"Clay County (part), State House District 33 (2012), West Virginia",2995,2080,1763,317,79,238,915,794,121
ACSSF,2013e5,wv,000,0036,0004488,622,54,021,62200US54033021,"Gilmer County (part), State House District 33 (2012), West Virginia",1399,916,791,125,71,54,483,437,46
ACSSF,2013e5,wv,000,0036,0004489,622,54,007,62200US54034007,"Braxton County, State House District 34 (2012), West Virginia",5780,3845,3118,727,284,443,1935,1700,235
ACSSF,2013e5,wv,000,0036,0004490,622,54,021,62200US54034021,"Gilmer County (part), State House District 34 (2012), West Virginia",1191,699,513,186,35,151,492,329,163
ACSSF,2013e5,wv,000,0036,0004491,622,54,039,62200US54035039,"Kanawha County (part), State House District 35 (2012), West Virginia",31451,19080,13872,5208,1266,3942,12371,10778,1593
ACSSF,2013e5,wv,000,0036,0004492,622,54,039,62200US54036039,"Kanawha County (part), State House District 36 (2012), West Virginia",21773,13818,9967,3851,1032,2819,7955,6690,1265
ACSSF,2013e5,wv,000,0036,0004493,622,54,039,62200US54037039,"Kanawha County (part), State House District 37 (2012), West Virginia",7831,3023,1577,1446,358,1088,4808,4269,539
ACSSF,2013e5,wv,000,0036,0004494,622,54,039,62200US54038039,"Kanawha County (part), State House District 38 (2012), West Virginia",4900,3178,2407,771,223,548,1722,1389,333
ACSSF,2013e5,wv,000,0036,0004495,622,54,079,62200US54038079,"Putnam County (part), State House District 38 (2012), West Virginia",2723,2151,1727,424,63,361,572,446,126
ACSSF,2013e5,wv,000,0036,0004496,622,54,039,62200US54039039,"Kanawha County (part), State House District 39 (2012), West Virginia",8536,6050,4695,1355,438,917,2486,2085,401
ACSSF,2013e5,wv,000,0036,0004497,622,54,039,62200US54040039,"Kanawha County (part), State House District 40 (2012), West Virginia",7989,5524,4306,1218,339,879,2465,2185,280
ACSSF,2013e5,wv,000,0036,0004498,622,54,025,62200US54041025,"Greenbrier County (part), State House District 41 (2012), West Virginia",440,316,198,118,86,32,124,120,4
ACSSF,2013e5,wv,000,0036,0004499,622,54,067,62200US54041067,"Nicholas County (part), State House District 41 (2012), West Virginia",7470,5652,4655,997,420,577,1818,1579,239
ACSSF,2013e5,wv,000,0036,0004500,622,54,025,62200US54042025,"Greenbrier County (part), State House District 42 (2012), West Virginia",14969,9689,7189,2500,671,1829,5280,4529,751
ACSSF,2013e5,wv,000,0036,0004501,622,54,063,62200US54042063,"Monroe County (part), State House District 42 (2012), West Virginia",920,637,444,193,64,129,283,249,34
ACSSF,2013e5,wv,000,0036,0004502,622,54,089,62200US54042089,"Summers County (part), State House District 42 (2012), West Virginia",494,391,252,139,129,10,103,83,20
ACSSF,2013e5,wv,000,0036,0004503,622,54,075,62200US54043075,"Pocahontas County, State House District 43 (2012), West Virginia",3694,2418,2047,371,138,233,1276,1100,176
ACSSF,2013e5,wv,000,0036,0004504,622,54,083,62200US54043083,"Randolph County (part), State House District 43 (2012), West Virginia",11041,7446,5761,1685,553,1132,3595,3368,227
ACSSF,2013e5,wv,000,0036,0004505,622,54,067,62200US54044067,"Nicholas County (part), State House District 44 (2012), West Virginia",2643,1759,1322,437,109,328,884,802,82
ACSSF,2013e5,wv,000,0036,0004506,622,54,083,62200US54044083,"Randolph County (part), State House District 44 (2012), West Virginia",122,81,43,38,16,22,41,32,9
ACSSF,2013e5,wv,000,0036,0004507,622,54,097,62200US54044097,"Upshur County (part), State House District 44 (2012), West Virginia",1007,754,567,187,93,94,253,221,32
ACSSF,2013e5,wv,000,0036,0004508,622,54,101,62200US54044101,"Webster County, State House District 44 (2012), West Virginia",3928,2759,2098,661,252,409,1169,973,196
ACSSF,2013e5,wv,000,0036,0004509,622,54,097,62200US54045097,"Upshur County (part), State House District 45 (2012), West Virginia",7106,4823,3918,905,216,689,2283,1935,348
ACSSF,2013e5,wv,000,0036,0004510,622,54,041,62200US54046041,"Lewis County, State House District 46 (2012), West Virginia",6451,4342,3340,1002,323,679,2109,1807,302
ACSSF,2013e5,wv,000,0036,0004511,622,54,097,62200US54046097,"Upshur County (part), State House District 46 (2012), West Virginia",898,553,444,109,9,100,345,313,32
ACSSF,2013e5,wv,000,0036,0004512,622,54,001,62200US54047001,"Barbour County, State House District 47 (2012), West Virginia",6099,4299,3456,843,236,607,1800,1625,175
ACSSF,2013e5,wv,000,0036,0004513,622,54,093,62200US54047093,"Tucker County (part), State House District 47 (2012), West Virginia",1191,826,654,172,48,124,365,329,36
ACSSF,2013e5,wv,000,0036,0004514,622,54,033,62200US54048033,"Harrison County, State House District 48 (2012), West Virginia",27599,18520,13963,4557,1042,3515,9079,8030,1049
ACSSF,2013e5,wv,000,0036,0004515,622,54,091,62200US54048091,"Taylor County (part), State House District 48 (2012), West Virginia",602,486,352,134,13,121,116,111,5
ACSSF,2013e5,wv,000,0036,0004516,622,54,049,62200US54049049,"Marion County (part), State House District 49 (2012), West Virginia",389,310,286,24,0,24,79,64,15
ACSSF,2013e5,wv,000,0036,0004517,622,54,061,62200US54049061,"Monongalia County (part), State House District 49 (2012), West Virginia",581,467,371,96,0,96,114,58,56
ACSSF,2013e5,wv,000,0036,0004518,622,54,091,62200US54049091,"Taylor County (part), State House District 49 (2012), West Virginia",6276,4387,3319,1068,325,743,1889,1644,245
ACSSF,2013e5,wv,000,0036,0004519,622,54,049,62200US54050049,"Marion County (part), State House District 50 (2012), West Virginia",22204,14432,10708,3724,1007,2717,7772,6468,1304
ACSSF,2013e5,wv,000,0036,0004520,622,54,061,62200US54051061,"Monongalia County (part), State House District 51 (2012), West Virginia",35456,18376,14354,4022,1218,2804,17080,12882,4198
ACSSF,2013e5,wv,000,0036,0004521,622,54,077,62200US54052077,"Preston County (part), State House District 52 (2012), West Virginia",6846,4636,3760,876,297,579,2210,1789,421
ACSSF,2013e5,wv,000,0036,0004522,622,54,077,62200US54053077,"Preston County (part), State House District 53 (2012), West Virginia",5851,4195,3508,687,302,385,1656,1446,210
ACSSF,2013e5,wv,000,0036,0004523,622,54,093,62200US54053093,"Tucker County (part), State House District 53 (2012), West Virginia",1859,1261,1040,221,106,115,598,519,79
ACSSF,2013e5,wv,000,0036,0004524,622,54,023,62200US54054023,"Grant County, State House District 54 (2012), West Virginia",4449,3022,2500,522,174,348,1427,1189,238
ACSSF,2013e5,wv,000,0036,0004525,622,54,057,62200US54054057,"Mineral County (part), State House District 54 (2012), West Virginia",2002,1144,970,174,61,113,858,806,52
ACSSF,2013e5,wv,000,0036,0004526,622,54,071,62200US54054071,"Pendleton County (part), State House District 54 (2012), West Virginia",1011,673,615,58,30,28,338,313,25
ACSSF,2013e5,wv,000,0036,0004527,622,54,031,62200US54055031,"Hardy County, State House District 55 (2012), West Virginia",5020,3094,2384,710,290,420,1926,1767,159
ACSSF,2013e5,wv,000,0036,0004528,622,54,071,62200US54055071,"Pendleton County (part), State House District 55 (2012), West Virginia",2263,1418,1122,296,71,225,845,701,144
ACSSF,2013e5,wv,000,0036,0004529,622,54,057,62200US54056057,"Mineral County (part), State House District 56 (2012), West Virginia",7674,4311,3119,1192,191,1001,3363,3196,167
ACSSF,2013e5,wv,000,0036,0004530,622,54,027,62200US54057027,"Hampshire County (part), State House District 57 (2012), West Virginia",6759,3231,2387,844,199,645,3528,3382,146
ACSSF,2013e5,wv,000,0036,0004531,622,54,057,62200US54057057,"Mineral County (part), State House District 57 (2012), West Virginia",1504,796,712,84,0,84,708,673,35
ACSSF,2013e5,wv,000,0036,0004532,622,54,027,62200US54058027,"Hampshire County (part), State House District 58 (2012), West Virginia",3811,1426,1161,265,69,196,2385,2254,131
ACSSF,2013e5,wv,000,0036,0004533,622,54,065,62200US54058065,"Morgan County (part), State House District 58 (2012), West Virginia",4714,2490,1969,521,166,355,2224,2028,196
ACSSF,2013e5,wv,000,0036,0004534,622,54,003,62200US54059003,"Berkeley County (part), State House District 59 (2012), West Virginia",4815,3537,2930,607,208,399,1278,1081,197
ACSSF,2013e5,wv,000,0036,0004535,622,54,065,62200US54059065,"Morgan County (part), State House District 59 (2012), West Virginia",2629,1382,1145,237,89,148,1247,1136,111
ACSSF,2013e5,wv,000,0036,0004536,622,54,003,62200US54060003,"Berkeley County (part), State House District 60 (2012), West Virginia",7252,5419,4319,1100,444,656,1833,1465,368
ACSSF,2013e5,wv,000,0036,0004537,622,54,003,62200US54061003,"Berkeley County (part), State House District 61 (2012), West Virginia",7436,4504,2841,1663,433,1230,2932,2576,356
ACSSF,2013e5,wv,000,0036,0004538,622,54,003,62200US54062003,"Berkeley County (part), State House District 62 (2012), West Virginia",7224,5183,3920,1263,465,798,2041,1694,347
ACSSF,2013e5,wv,000,0036,0004539,622,54,003,62200US54063003,"Berkeley County (part), State House District 63 (2012), West Virginia",6747,4982,3562,1420,459,961,1765,1459,306
ACSSF,2013e5,wv,000,0036,0004540,622,54,003,62200US54064003,"Berkeley County (part), State House District 64 (2012), West Virginia",6973,4809,3480,1329,302,1027,2164,1815,349
ACSSF,2013e5,wv,000,0036,0004541,622,54,037,62200US54065037,"Jefferson County (part), State House District 65 (2012), West Virginia",7029,4914,3670,1244,319,925,2115,1762,353
ACSSF,2013e5,wv,000,0036,0004542,622,54,037,62200US54066037,"Jefferson County (part), State House District 66 (2012), West Virginia",6638,4860,3958,902,232,670,1778,1343,435
ACSSF,2013e5,wv,000,0036,0004543,622,54,037,62200US54067037,"Jefferson County (part), State House District 67 (2012), West Virginia",6222,4260,3534,726,292,434,1962,1402,560
ACSSF,2013e5,wv,000,0036,0004544,795,54,   ,79500US5400100,"Ohio, Marshall, Hancock & Brooke Counties PUMA; West Virginia",55453,35295,26690,8605,2340,6265,20158,17854,2304
ACSSF,2013e5,wv,000,0036,0004545,795,54,   ,79500US5400200,"Harrison, Marion, Taylor & Doddridge Counties PUMA; West Virginia",59848,40065,30093,9972,2535,7437,19783,17057,2726
ACSSF,2013e5,wv,000,0036,0004546,795,54,   ,79500US5400300,"Monongalia & Preston Counties--Morgantown City PUMA, West Virginia",49146,27978,22256,5722,1829,3893,21168,16276,4892
ACSSF,2013e5,wv,000,0036,0004547,795,54,   ,79500US5400400,"Berkeley, Jefferson, Mineral, Hampshire & Morgan Counties PUMA; West Virginia",89429,57248,43677,13571,3929,9642,32181,28072,4109
ACSSF,2013e5,wv,000,0036,0004548,795,54,   ,79500US5400500,"Randolph, Upshur, Barbour, Lewis, Hardy, Grant, Pendleton & Tucker Counties PUMA; West Virginia",48517,32592,25844,6748,2165,4583,15925,14119,1806
ACSSF,2013e5,wv,000,0036,0004549,795,54,   ,79500US5400600,"Jackson, Wetzel, Roane, Braxton, Ritchie, Tyler, Gilmer & Calhoun Counties PUMA; West Virginia",43592,29063,22834,6229,1734,4495,14529,12696,1833
ACSSF,2013e5,wv,000,0036,0004550,795,54,   ,79500US5400700,"Wood, Pleasants & Wirt Counties PUMA; West Virginia",40743,26840,21075,5765,1595,4170,13903,11960,1943
ACSSF,2013e5,wv,000,0036,0004551,795,54,   ,79500US5400800,"Cabell, Wayne & Mason Counties--Huntington City PUMA; West Virginia",67308,42444,30911,11533,2773,8760,24864,21063,3801
ACSSF,2013e5,wv,000,0036,0004552,795,54,   ,79500US5400900,"Putnam, Boone & Lincoln Counties PUMA; West Virginia",39366,28976,22754,6222,1769,4453,10390,8993,1397
ACSSF,2013e5,wv,000,0036,0004553,795,54,   ,79500US5401000,"Kanawha & Clay Counties--Charleston City PUMA, West Virginia",86191,53281,39021,14260,3748,10512,32910,28354,4556
ACSSF,2013e5,wv,000,0036,0004554,795,54,   ,79500US5401100,"Greenbrier, Nicholas, Summers, Monroe & Pocahontas Counties PUMA; West Virginia",44686,30733,23803,6930,2320,4610,13953,12138,1815
ACSSF,2013e5,wv,000,0036,0004555,795,54,   ,79500US5401200,"Raleigh, Mercer & Fayette Counties PUMA; West Virginia",74255,49047,36799,12248,3204,9044,25208,21898,3310
ACSSF,2013e5,wv,000,0036,0004556,795,54,   ,79500US5401300,"Logan, Mingo, Wyoming & McDowell Counties PUMA; West Virginia",42856,29805,22157,7648,2270,5378,13051,11317,1734
ACSSF,2013e5,wv,000,0036,0004557,970,54,   ,97000US5400030,"Barbour County School District, West Virginia",6099,4299,3456,843,236,607,1800,1625,175
ACSSF,2013e5,wv,000,0036,0004558,970,54,   ,97000US5400060,"Berkeley County School District, West Virginia",40447,28434,21052,7382,2311,5071,12013,10090,1923
ACSSF,2013e5,wv,000,0036,0004559,970,54,   ,97000US5400090,"Boone County School District, West Virginia",9559,6864,5361,1503,400,1103,2695,2397,298
ACSSF,2013e5,wv,000,0036,0004560,970,54,   ,97000US5400120,"Braxton County School District, West Virginia",5780,3845,3118,727,284,443,1935,1700,235
ACSSF,2013e5,wv,000,0036,0004561,970,54,   ,97000US5400150,"Brooke County School District, West Virginia",9968,6521,4810,1711,518,1193,3447,3055,392
ACSSF,2013e5,wv,000,0036,0004562,970,54,   ,97000US5400180,"Cabell County School District, West Virginia",40144,24174,17088,7086,1692,5394,15970,13206,2764
ACSSF,2013e5,wv,000,0036,0004563,970,54,   ,97000US5400210,"Calhoun County School District, West Virginia",3141,2101,1608,493,178,315,1040,921,119
ACSSF,2013e5,wv,000,0036,0004564,970,54,   ,97000US5400240,"Clay County School District, West Virginia",3435,2434,2084,350,84,266,1001,875,126
ACSSF,2013e5,wv,000,0036,0004565,970,54,   ,97000US5400270,"Doddridge County School District, West Virginia",2778,1930,1465,465,148,317,848,740,108
ACSSF,2013e5,wv,000,0036,0004566,970,54,   ,97000US5400300,"Fayette County School District, West Virginia",17250,11508,8198,3310,866,2444,5742,4941,801
ACSSF,2013e5,wv,000,0036,0004567,970,54,   ,97000US5400330,"Gilmer County School District, West Virginia",2590,1615,1304,311,106,205,975,766,209
ACSSF,2013e5,wv,000,0036,0004568,970,54,   ,97000US5400360,"Grant County School District, West Virginia",4449,3022,2500,522,174,348,1427,1189,238
ACSSF,2013e5,wv,000,0036,0004569,970,54,   ,97000US5400390,"Greenbrier County School District, West Virginia",15409,10005,7387,2618,757,1861,5404,4649,755
ACSSF,2013e5,wv,000,0036,0004570,970,54,   ,97000US5400420,"Hampshire County School District, West Virginia",10570,4657,3548,1109,268,841,5913,5636,277
ACSSF,2013e5,wv,000,0036,0004571,970,54,   ,97000US5400450,"Hancock County School District, West Virginia",12890,8542,6272,2270,677,1593,4348,3861,487
ACSSF,2013e5,wv,000,0036,0004572,970,54,   ,97000US5400480,"Hardy County School District, West Virginia",5020,3094,2384,710,290,420,1926,1767,159
ACSSF,2013e5,wv,000,0036,0004573,970,54,   ,97000US5400510,"Harrison County School District, West Virginia",27599,18520,13963,4557,1042,3515,9079,8030,1049
ACSSF,2013e5,wv,000,0036,0004574,970,54,   ,97000US5400540,"Jackson County School District, West Virginia",11459,7810,6132,1678,406,1272,3649,3128,521
ACSSF,2013e5,wv,000,0036,0004575,970,54,   ,97000US5400570,"Jefferson County School District, West Virginia",19889,14034,11162,2872,843,2029,5855,4507,1348
ACSSF,2013e5,wv,000,0036,0004576,970,54,   ,97000US5400600,"Kanawha County School District, West Virginia",82756,50847,36937,13910,3664,10246,31909,27479,4430
ACSSF,2013e5,wv,000,0036,0004577,970,54,   ,97000US5400630,"Lewis County School District, West Virginia",6451,4342,3340,1002,323,679,2109,1807,302
ACSSF,2013e5,wv,000,0036,0004578,970,54,   ,97000US5400660,"Lincoln County School District, West Virginia",8416,6112,4554,1558,465,1093,2304,2125,179
ACSSF,2013e5,wv,000,0036,0004579,970,54,   ,97000US5400690,"Logan County School District, West Virginia",14699,10392,7571,2821,856,1965,4307,3589,718
ACSSF,2013e5,wv,000,0036,0004580,970,54,   ,97000US5400720,"Marion County School District, West Virginia",22593,14742,10994,3748,1007,2741,7851,6532,1319
ACSSF,2013e5,wv,000,0036,0004581,970,54,   ,97000US5400750,"Marshall County School District, West Virginia",14042,9395,7380,2015,619,1396,4647,4058,589
ACSSF,2013e5,wv,000,0036,0004582,970,54,   ,97000US5400780,"Mason County School District, West Virginia",10609,7295,5522,1773,391,1382,3314,2863,451
ACSSF,2013e5,wv,000,0036,0004583,970,54,   ,97000US5400810,"McDowell County School District, West Virginia",8229,5394,3883,1511,429,1082,2835,2454,381
ACSSF,2013e5,wv,000,0036,0004584,970,54,   ,97000US5400840,"Mercer County School District, West Virginia",25641,16640,12798,3842,971,2871,9001,7919,1082
ACSSF,2013e5,wv,000,0036,0004585,970,54,   ,97000US5400870,"Mineral County School District, West Virginia",11180,6251,4801,1450,252,1198,4929,4675,254
ACSSF,2013e5,wv,000,0036,0004586,970,54,   ,97000US5400900,"Mingo County School District, West Virginia",10827,7592,5627,1965,565,1400,3235,2890,345
ACSSF,2013e5,wv,000,0036,0004587,970,54,   ,97000US5400930,"Monongalia School District, West Virginia",36449,19147,14988,4159,1230,2929,17302,13041,4261
ACSSF,2013e5,wv,000,0036,0004588,970,54,   ,97000US5400960,"Monroe County School District, West Virginia",5648,4030,3142,888,202,686,1618,1359,259
ACSSF,2013e5,wv,000,0036,0004589,970,54,   ,97000US5400990,"Morgan County School District, West Virginia",7343,3872,3114,758,255,503,3471,3164,307
ACSSF,2013e5,wv,000,0036,0004590,970,54,   ,97000US5401020,"Nicholas County School District, West Virginia",10657,7821,6270,1551,584,967,2836,2506,330
ACSSF,2013e5,wv,000,0036,0004591,970,54,   ,97000US5401050,"Ohio County School District, West Virginia",18553,10837,8228,2609,526,2083,7716,6880,836
ACSSF,2013e5,wv,000,0036,0004592,970,54,   ,97000US5401080,"Pendleton County School District, West Virginia",3274,2091,1737,354,101,253,1183,1014,169
ACSSF,2013e5,wv,000,0036,0004593,970,54,   ,97000US5401110,"Pleasants County School District, West Virginia",2747,1957,1663,294,92,202,790,680,110
ACSSF,2013e5,wv,000,0036,0004594,970,54,   ,97000US5401140,"Pocahontas County School District, West Virginia",3694,2418,2047,371,138,233,1276,1100,176
ACSSF,2013e5,wv,000,0036,0004595,970,54,   ,97000US5401170,"Preston County School District, West Virginia",12697,8831,7268,1563,599,964,3866,3235,631
ACSSF,2013e5,wv,000,0036,0004596,970,54,   ,97000US5401200,"Putnam County School District, West Virginia",21391,16000,12839,3161,904,2257,5391,4471,920
ACSSF,2013e5,wv,000,0036,0004597,970,54,   ,97000US5401230,"Raleigh County School District, West Virginia",31364,20899,15803,5096,1367,3729,10465,9038,1427
ACSSF,2013e5,wv,000,0036,0004598,970,54,   ,97000US5401260,"Randolph County School District, West Virginia",11163,7527,5804,1723,569,1154,3636,3400,236
ACSSF,2013e5,wv,000,0036,0004599,970,54,   ,97000US5401290,"Ritchie County School District, West Virginia",4032,2600,2040,560,173,387,1432,1320,112
ACSSF,2013e5,wv,000,0036,0004600,970,54,   ,97000US5401320,"Roane County School District, West Virginia",5975,3978,3052,926,202,724,1997,1740,257
ACSSF,2013e5,wv,000,0036,0004601,970,54,   ,97000US5401350,"Summers County School District, West Virginia",5350,3700,2859,841,387,454,1650,1551,99
ACSSF,2013e5,wv,000,0036,0004602,970,54,   ,97000US5401380,"Taylor County School District, West Virginia",6878,4873,3671,1202,338,864,2005,1755,250
ACSSF,2013e5,wv,000,0036,0004603,970,54,   ,97000US5401410,"Tucker County School District, West Virginia",3050,2087,1694,393,154,239,963,848,115
ACSSF,2013e5,wv,000,0036,0004604,970,54,   ,97000US5401440,"Tyler County School District, West Virginia",3712,2587,2020,567,183,384,1125,1019,106
ACSSF,2013e5,wv,000,0036,0004605,970,54,   ,97000US5401470,"Upshur County School District, West Virginia",9011,6130,4929,1201,318,883,2881,2469,412
ACSSF,2013e5,wv,000,0036,0004606,970,54,   ,97000US5401500,"Wayne County School District, West Virginia",16555,10975,8301,2674,690,1984,5580,4994,586
ACSSF,2013e5,wv,000,0036,0004607,970,54,   ,97000US5401530,"Webster County School District, West Virginia",3928,2759,2098,661,252,409,1169,973,196
ACSSF,2013e5,wv,000,0036,0004608,970,54,   ,97000US5401560,"Wetzel County School District, West Virginia",6903,4527,3560,967,202,765,2376,2102,274
ACSSF,2013e5,wv,000,0036,0004609,970,54,   ,97000US5401590,"Wirt County School District, West Virginia",2427,1591,1269,322,35,287,836,607,229
ACSSF,2013e5,wv,000,0036,0004610,970,54,   ,97000US5401620,"Wood County School District, West Virginia",35569,23292,18143,5149,1468,3681,12277,10673,1604
ACSSF,2013e5,wv,000,0036,0004611,970,54,   ,97000US5401650,"Wyoming County School District, West Virginia",9101,6427,5076,1351,420,931,2674,2384,290
