FILEID,FILETYPE,STATE,CHARITER,SEQUENCE,LOGRECNO,SUMMARY_LEVEL,STATE_FIPS,COUNTY,GEO_ID,GEO_NAME,Total:,Family households:,Married-couple family,Other family:,"Male householder, no wife present","Female householder, no husband present",Nonfamily households:,Householder living alone,Householder not living alone
ACSSF,2012e5,wv,000,0036,0000001,040,54,   ,04000US54,West Virginia,742674,484531,372028,112503,30981,81522,258143,221663,36480
ACSSF,2012e5,wv,000,0036,0000002,040,54,   ,04001US54,West Virginia -- Urban,372682,224560,162989,61571,15129,46442,148122,126952,21170
ACSSF,2012e5,wv,000,0036,0000003,040,54,   ,04043US54,West Virginia -- Rural,369992,259971,209039,50932,15852,35080,110021,94711,15310
ACSSF,2012e5,wv,000,0036,0000004,040,54,   ,040A0US54,West Virginia -- In metropolitan or micropolitan statistical area,562260,361874,275842,86032,22639,63393,200386,171134,29252
ACSSF,2012e5,wv,000,0036,0000005,040,54,   ,040C0US54,West Virginia -- In metropolitan statistical area,416767,265069,202416,62653,16841,45812,151698,129137,22561
ACSSF,2012e5,wv,000,0036,0000006,040,54,   ,040C1US54,West Virginia -- In metropolitan statistical area -- in principal city,102387,54586,37967,16619,3951,12668,47801,40642,7159
ACSSF,2012e5,wv,000,0036,0000007,040,54,   ,040C2US54,West Virginia -- In metropolitan statistical area -- not in principal city,314380,210483,164449,46034,12890,33144,103897,88495,15402
ACSSF,2012e5,wv,000,0036,0000008,040,54,   ,040E0US54,West Virginia -- In micropolitan statistical area,145493,96805,73426,23379,5798,17581,48688,41997,6691
ACSSF,2012e5,wv,000,0036,0000009,040,54,   ,040E1US54,West Virginia -- In micropolitan statistical area -- in principal city,31686,18566,12994,5572,1116,4456,13120,11165,1955
ACSSF,2012e5,wv,000,0036,0000010,040,54,   ,040E2US54,West Virginia -- In micropolitan statistical area -- not in principal city,113807,78239,60432,17807,4682,13125,35568,30832,4736
ACSSF,2012e5,wv,000,0036,0000011,040,54,   ,040G0US54,West Virginia -- Not in metropolitan or micropolitan statistical area,180414,122657,96186,26471,8342,18129,57757,50529,7228
ACSSF,2012e5,wv,000,0036,0000012,040,54,   ,040H0US54,West Virginia -- Not in metropolitan statistical area,325907,219462,169612,49850,14140,35710,106445,92526,13919
ACSSF,2012e5,wv,000,0036,0000013,050,54,001,05000US54001,"Barbour County, West Virginia",6206,4365,3469,896,278,618,1841,1703,138
ACSSF,2012e5,wv,000,0036,0000014,050,54,003,05000US54003,"Berkeley County, West Virginia",39992,28044,20803,7241,2175,5066,11948,10025,1923
ACSSF,2012e5,wv,000,0036,0000015,050,54,005,05000US54005,"Boone County, West Virginia",9755,7017,5521,1496,455,1041,2738,2443,295
ACSSF,2012e5,wv,000,0036,0000016,050,54,007,05000US54007,"Braxton County, West Virginia",6009,3823,3127,696,280,416,2186,1849,337
ACSSF,2012e5,wv,000,0036,0000017,050,54,009,05000US54009,"Brooke County, West Virginia",9911,6592,4846,1746,619,1127,3319,2926,393
ACSSF,2012e5,wv,000,0036,0000018,050,54,011,05000US54011,"Cabell County, West Virginia",40484,24544,17552,6992,1620,5372,15940,13196,2744
ACSSF,2012e5,wv,000,0036,0000019,050,54,013,05000US54013,"Calhoun County, West Virginia",3182,2136,1552,584,274,310,1046,946,100
ACSSF,2012e5,wv,000,0036,0000020,050,54,015,05000US54015,"Clay County, West Virginia",3441,2442,2036,406,132,274,999,895,104
ACSSF,2012e5,wv,000,0036,0000021,050,54,017,05000US54017,"Doddridge County, West Virginia",2773,1958,1405,553,196,357,815,715,100
ACSSF,2012e5,wv,000,0036,0000022,050,54,019,05000US54019,"Fayette County, West Virginia",17733,11917,8678,3239,819,2420,5816,5057,759
ACSSF,2012e5,wv,000,0036,0000023,050,54,021,05000US54021,"Gilmer County, West Virginia",2539,1567,1205,362,92,270,972,784,188
ACSSF,2012e5,wv,000,0036,0000024,050,54,023,05000US54023,"Grant County, West Virginia",4673,3242,2686,556,196,360,1431,1260,171
ACSSF,2012e5,wv,000,0036,0000025,050,54,025,05000US54025,"Greenbrier County, West Virginia",15397,10077,7484,2593,761,1832,5320,4513,807
ACSSF,2012e5,wv,000,0036,0000026,050,54,027,05000US54027,"Hampshire County, West Virginia",10563,5017,3824,1193,218,975,5546,5159,387
ACSSF,2012e5,wv,000,0036,0000027,050,54,029,05000US54029,"Hancock County, West Virginia",12989,8706,6482,2224,703,1521,4283,3851,432
ACSSF,2012e5,wv,000,0036,0000028,050,54,031,05000US54031,"Hardy County, West Virginia",4764,2856,2332,524,260,264,1908,1725,183
ACSSF,2012e5,wv,000,0036,0000029,050,54,033,05000US54033,"Harrison County, West Virginia",27761,18789,14052,4737,976,3761,8972,7893,1079
ACSSF,2012e5,wv,000,0036,0000030,050,54,035,05000US54035,"Jackson County, West Virginia",11399,7796,6153,1643,436,1207,3603,2975,628
ACSSF,2012e5,wv,000,0036,0000031,050,54,037,05000US54037,"Jefferson County, West Virginia",19824,13939,11136,2803,795,2008,5885,4486,1399
ACSSF,2012e5,wv,000,0036,0000032,050,54,039,05000US54039,"Kanawha County, West Virginia",82961,50690,37207,13483,3317,10166,32271,27777,4494
ACSSF,2012e5,wv,000,0036,0000033,050,54,041,05000US54041,"Lewis County, West Virginia",6570,4294,3421,873,247,626,2276,1929,347
ACSSF,2012e5,wv,000,0036,0000034,050,54,043,05000US54043,"Lincoln County, West Virginia",8500,6269,4682,1587,446,1141,2231,2051,180
ACSSF,2012e5,wv,000,0036,0000035,050,54,045,05000US54045,"Logan County, West Virginia",14802,10532,7887,2645,837,1808,4270,3561,709
ACSSF,2012e5,wv,000,0036,0000036,050,54,047,05000US54047,"McDowell County, West Virginia",8348,5504,4012,1492,445,1047,2844,2473,371
ACSSF,2012e5,wv,000,0036,0000037,050,54,049,05000US54049,"Marion County, West Virginia",22761,14940,11175,3765,983,2782,7821,6513,1308
ACSSF,2012e5,wv,000,0036,0000038,050,54,051,05000US54051,"Marshall County, West Virginia",14068,9468,7392,2076,723,1353,4600,3996,604
ACSSF,2012e5,wv,000,0036,0000039,050,54,053,05000US54053,"Mason County, West Virginia",10381,7088,5485,1603,292,1311,3293,2764,529
ACSSF,2012e5,wv,000,0036,0000040,050,54,055,05000US54055,"Mercer County, West Virginia",25784,16394,12877,3517,894,2623,9390,8114,1276
ACSSF,2012e5,wv,000,0036,0000041,050,54,057,05000US54057,"Mineral County, West Virginia",11183,6499,5104,1395,319,1076,4684,4402,282
ACSSF,2012e5,wv,000,0036,0000042,050,54,059,05000US54059,"Mingo County, West Virginia",10873,7378,5450,1928,539,1389,3495,3140,355
ACSSF,2012e5,wv,000,0036,0000043,050,54,061,05000US54061,"Monongalia County, West Virginia",35777,18516,14787,3729,1165,2564,17261,13255,4006
ACSSF,2012e5,wv,000,0036,0000044,050,54,063,05000US54063,"Monroe County, West Virginia",5614,3933,3183,750,213,537,1681,1406,275
ACSSF,2012e5,wv,000,0036,0000045,050,54,065,05000US54065,"Morgan County, West Virginia",7306,3695,2967,728,173,555,3611,3345,266
ACSSF,2012e5,wv,000,0036,0000046,050,54,067,05000US54067,"Nicholas County, West Virginia",10366,7645,6121,1524,607,917,2721,2434,287
ACSSF,2012e5,wv,000,0036,0000047,050,54,069,05000US54069,"Ohio County, West Virginia",18508,10798,8210,2588,516,2072,7710,6883,827
ACSSF,2012e5,wv,000,0036,0000048,050,54,071,05000US54071,"Pendleton County, West Virginia",3355,2107,1738,369,110,259,1248,1102,146
ACSSF,2012e5,wv,000,0036,0000049,050,54,073,05000US54073,"Pleasants County, West Virginia",2726,1842,1547,295,68,227,884,761,123
ACSSF,2012e5,wv,000,0036,0000050,050,54,075,05000US54075,"Pocahontas County, West Virginia",3783,2545,2110,435,173,262,1238,1072,166
ACSSF,2012e5,wv,000,0036,0000051,050,54,077,05000US54077,"Preston County, West Virginia",12780,8891,7262,1629,593,1036,3889,3215,674
ACSSF,2012e5,wv,000,0036,0000052,050,54,079,05000US54079,"Putnam County, West Virginia",21130,15814,12867,2947,759,2188,5316,4496,820
ACSSF,2012e5,wv,000,0036,0000053,050,54,081,05000US54081,"Raleigh County, West Virginia",31500,20767,15927,4840,1382,3458,10733,9318,1415
ACSSF,2012e5,wv,000,0036,0000054,050,54,083,05000US54083,"Randolph County, West Virginia",11238,7576,6024,1552,479,1073,3662,3455,207
ACSSF,2012e5,wv,000,0036,0000055,050,54,085,05000US54085,"Ritchie County, West Virginia",4120,2702,2082,620,189,431,1418,1315,103
ACSSF,2012e5,wv,000,0036,0000056,050,54,087,05000US54087,"Roane County, West Virginia",5817,3746,3042,704,134,570,2071,1777,294
ACSSF,2012e5,wv,000,0036,0000057,050,54,089,05000US54089,"Summers County, West Virginia",5270,3490,2763,727,305,422,1780,1653,127
ACSSF,2012e5,wv,000,0036,0000058,050,54,091,05000US54091,"Taylor County, West Virginia",6800,4952,3827,1125,256,869,1848,1623,225
ACSSF,2012e5,wv,000,0036,0000059,050,54,093,05000US54093,"Tucker County, West Virginia",3129,2156,1788,368,130,238,973,874,99
ACSSF,2012e5,wv,000,0036,0000060,050,54,095,05000US54095,"Tyler County, West Virginia",3635,2553,2065,488,166,322,1082,957,125
ACSSF,2012e5,wv,000,0036,0000061,050,54,097,05000US54097,"Upshur County, West Virginia",9084,6320,5076,1244,376,868,2764,2355,409
ACSSF,2012e5,wv,000,0036,0000062,050,54,099,05000US54099,"Wayne County, West Virginia",16783,11153,8590,2563,594,1969,5630,4931,699
ACSSF,2012e5,wv,000,0036,0000063,050,54,101,05000US54101,"Webster County, West Virginia",4115,2904,2302,602,203,399,1211,1024,187
ACSSF,2012e5,wv,000,0036,0000064,050,54,103,05000US54103,"Wetzel County, West Virginia",6980,4727,3809,918,200,718,2253,2040,213
ACSSF,2012e5,wv,000,0036,0000065,050,54,105,05000US54105,"Wirt County, West Virginia",2303,1559,1282,277,42,235,744,548,196
ACSSF,2012e5,wv,000,0036,0000066,050,54,107,05000US54107,"Wood County, West Virginia",35783,23574,18319,5255,1409,3846,12209,10496,1713
ACSSF,2012e5,wv,000,0036,0000067,050,54,109,05000US54109,"Wyoming County, West Virginia",9146,6683,5305,1378,412,966,2463,2207,256
ACSSF,2012e5,wv,000,0036,0000068,060,54,001,06000US5400192328,"North district, Barbour County, West Virginia",2545,1689,1427,262,31,231,856,827,29
ACSSF,2012e5,wv,000,0036,0000069,060,54,001,06000US5400192892,"South district, Barbour County, West Virginia",2209,1613,1204,409,148,261,596,545,51
ACSSF,2012e5,wv,000,0036,0000070,060,54,001,06000US5400193588,"West district, Barbour County, West Virginia",1452,1063,838,225,99,126,389,331,58
ACSSF,2012e5,wv,000,0036,0000071,060,54,003,06000US5400390006,"Adam Stephens district, Berkeley County, West Virginia",6335,3611,2390,1221,430,791,2724,2431,293
ACSSF,2012e5,wv,000,0036,0000072,060,54,003,06000US5400392322,"Norborne district, Berkeley County, West Virginia",3881,3055,2407,648,165,483,826,593,233
ACSSF,2012e5,wv,000,0036,0000073,060,54,003,06000US5400392526,"Potomac district, Berkeley County, West Virginia",6493,4647,3607,1040,373,667,1846,1612,234
ACSSF,2012e5,wv,000,0036,0000074,060,54,003,06000US5400392754,"Shenandoah district, Berkeley County, West Virginia",7775,5507,4144,1363,428,935,2268,1914,354
ACSSF,2012e5,wv,000,0036,0000075,060,54,003,06000US5400393171,"Tuscarora district, Berkeley County, West Virginia",7512,5398,3805,1593,398,1195,2114,1710,404
ACSSF,2012e5,wv,000,0036,0000076,060,54,003,06000US5400393388,"Valley district, Berkeley County, West Virginia",7996,5826,4450,1376,381,995,2170,1765,405
ACSSF,2012e5,wv,000,0036,0000077,060,54,005,06000US5400590762,"District 1, Boone County, West Virginia",3339,2482,1931,551,161,390,857,779,78
ACSSF,2012e5,wv,000,0036,0000078,060,54,005,06000US5400590796,"District 2, Boone County, West Virginia",2614,1917,1487,430,151,279,697,655,42
ACSSF,2012e5,wv,000,0036,0000079,060,54,005,06000US5400590832,"District 3, Boone County, West Virginia",3802,2618,2103,515,143,372,1184,1009,175
ACSSF,2012e5,wv,000,0036,0000080,060,54,007,06000US5400790968,"Eastern district, Braxton County, West Virginia",1341,786,662,124,32,92,555,427,128
ACSSF,2012e5,wv,000,0036,0000081,060,54,007,06000US5400792346,"Northern district, Braxton County, West Virginia",1511,950,774,176,39,137,561,467,94
ACSSF,2012e5,wv,000,0036,0000082,060,54,007,06000US5400792922,"Southern district, Braxton County, West Virginia",1606,1140,859,281,151,130,466,401,65
ACSSF,2012e5,wv,000,0036,0000083,060,54,007,06000US5400793597,"Western district, Braxton County, West Virginia",1551,947,832,115,58,57,604,554,50
ACSSF,2012e5,wv,000,0036,0000084,060,54,009,06000US5400991104,"Follansbee district, Brooke County, West Virginia",3467,2217,1673,544,160,384,1250,1067,183
ACSSF,2012e5,wv,000,0036,0000085,060,54,009,06000US5400993552,"Weirton district, Brooke County, West Virginia",3369,2182,1499,683,283,400,1187,1063,124
ACSSF,2012e5,wv,000,0036,0000086,060,54,009,06000US5400993564,"Wellsburg district, Brooke County, West Virginia",3075,2193,1674,519,176,343,882,796,86
ACSSF,2012e5,wv,000,0036,0000087,060,54,011,06000US5401190764,"District 1, Cabell County, West Virginia",7567,4509,3257,1252,360,892,3058,2569,489
ACSSF,2012e5,wv,000,0036,0000088,060,54,011,06000US5401190798,"District 2, Cabell County, West Virginia",7410,3041,1723,1318,313,1005,4369,3627,742
ACSSF,2012e5,wv,000,0036,0000089,060,54,011,06000US5401190834,"District 3, Cabell County, West Virginia",7582,4400,2757,1643,331,1312,3182,2477,705
ACSSF,2012e5,wv,000,0036,0000090,060,54,011,06000US5401190870,"District 4, Cabell County, West Virginia",9771,6628,5204,1424,352,1072,3143,2767,376
ACSSF,2012e5,wv,000,0036,0000091,060,54,011,06000US5401190882,"District 5, Cabell County, West Virginia",8154,5966,4611,1355,264,1091,2188,1756,432
ACSSF,2012e5,wv,000,0036,0000092,060,54,013,06000US5401390766,"District 1, Calhoun County, West Virginia",559,332,256,76,25,51,227,220,7
ACSSF,2012e5,wv,000,0036,0000093,060,54,013,06000US5401390800,"District 2, Calhoun County, West Virginia",720,479,286,193,107,86,241,192,49
ACSSF,2012e5,wv,000,0036,0000094,060,54,013,06000US5401390836,"District 3, Calhoun County, West Virginia",500,315,180,135,57,78,185,167,18
ACSSF,2012e5,wv,000,0036,0000095,060,54,013,06000US5401390873,"District 4, Calhoun County, West Virginia",753,521,422,99,46,53,232,206,26
ACSSF,2012e5,wv,000,0036,0000096,060,54,013,06000US5401390885,"District 5, Calhoun County, West Virginia",650,489,408,81,39,42,161,161,0
ACSSF,2012e5,wv,000,0036,0000097,060,54,015,06000US5401590891,"District A, Clay County, West Virginia",1261,901,712,189,62,127,360,339,21
ACSSF,2012e5,wv,000,0036,0000098,060,54,015,06000US5401590893,"District B, Clay County, West Virginia",1062,745,636,109,35,74,317,281,36
ACSSF,2012e5,wv,000,0036,0000099,060,54,015,06000US5401590895,"District C, Clay County, West Virginia",1118,796,688,108,35,73,322,275,47
ACSSF,2012e5,wv,000,0036,0000100,060,54,017,06000US5401790138,"Beech district, Doddridge County, West Virginia",759,580,389,191,85,106,179,169,10
ACSSF,2012e5,wv,000,0036,0000101,060,54,017,06000US5401792094,"Maple district, Doddridge County, West Virginia",556,373,261,112,9,103,183,128,55
ACSSF,2012e5,wv,000,0036,0000102,060,54,017,06000US5401792374,"Oak district, Doddridge County, West Virginia",681,518,461,57,19,38,163,156,7
ACSSF,2012e5,wv,000,0036,0000103,060,54,017,06000US5401792466,"Pine district, Doddridge County, West Virginia",777,487,294,193,83,110,290,262,28
ACSSF,2012e5,wv,000,0036,0000104,060,54,019,06000US5401992280,"New Haven district, Fayette County, West Virginia",6163,4063,3176,887,267,620,2100,1743,357
ACSSF,2012e5,wv,000,0036,0000105,060,54,019,06000US5401992472,"Plateau district, Fayette County, West Virginia",6320,4255,2963,1292,249,1043,2065,1783,282
ACSSF,2012e5,wv,000,0036,0000106,060,54,019,06000US5401993396,"Valley district, Fayette County, West Virginia",5250,3599,2539,1060,303,757,1651,1531,120
ACSSF,2012e5,wv,000,0036,0000107,060,54,021,06000US5402190408,"Center district, Gilmer County, West Virginia",642,423,361,62,0,62,219,192,27
ACSSF,2012e5,wv,000,0036,0000108,060,54,021,06000US5402190534,"City district, Gilmer County, West Virginia",606,307,152,155,19,136,299,210,89
ACSSF,2012e5,wv,000,0036,0000109,060,54,021,06000US5402190758,"De Kalb-Troy district, Gilmer County, West Virginia",670,416,358,58,45,13,254,206,48
ACSSF,2012e5,wv,000,0036,0000110,060,54,021,06000US5402191236,"Glenville district, Gilmer County, West Virginia",621,421,334,87,28,59,200,176,24
ACSSF,2012e5,wv,000,0036,0000111,060,54,023,06000US5402391296,"Grant district, Grant County, West Virginia",1626,1182,1036,146,47,99,444,401,43
ACSSF,2012e5,wv,000,0036,0000112,060,54,023,06000US5402392208,"Milroy district, Grant County, West Virginia",1756,1087,812,275,92,183,669,604,65
ACSSF,2012e5,wv,000,0036,0000113,060,54,023,06000US5402393216,"Union district, Grant County, West Virginia",1291,973,838,135,57,78,318,255,63
ACSSF,2012e5,wv,000,0036,0000114,060,54,025,06000US5402590449,"Central district, Greenbrier County, West Virginia",5702,3596,2835,761,148,613,2106,1722,384
ACSSF,2012e5,wv,000,0036,0000115,060,54,025,06000US5402590972,"Eastern district, Greenbrier County, West Virginia",5116,3242,2258,984,304,680,1874,1612,262
ACSSF,2012e5,wv,000,0036,0000116,060,54,025,06000US5402593601,"Western district, Greenbrier County, West Virginia",4579,3239,2391,848,309,539,1340,1179,161
ACSSF,2012e5,wv,000,0036,0000117,060,54,027,06000US5402790204,"Bloomery district, Hampshire County, West Virginia",1535,794,717,77,53,24,741,705,36
ACSSF,2012e5,wv,000,0036,0000118,060,54,027,06000US5402790360,"Capon district, Hampshire County, West Virginia",1317,497,382,115,12,103,820,785,35
ACSSF,2012e5,wv,000,0036,0000119,060,54,027,06000US5402791248,"Gore district, Hampshire County, West Virginia",1956,879,690,189,54,135,1077,1042,35
ACSSF,2012e5,wv,000,0036,0000120,060,54,027,06000US5402792184,"Mill Creek district, Hampshire County, West Virginia",543,272,238,34,0,34,271,251,20
ACSSF,2012e5,wv,000,0036,0000121,060,54,027,06000US5402792676,"Romney district, Hampshire County, West Virginia",1703,812,562,250,43,207,891,839,52
ACSSF,2012e5,wv,000,0036,0000122,060,54,027,06000US5402792820,"Sherman district, Hampshire County, West Virginia",2187,1074,751,323,22,301,1113,952,161
ACSSF,2012e5,wv,000,0036,0000123,060,54,027,06000US5402792988,"Springfield district, Hampshire County, West Virginia",1322,689,484,205,34,171,633,585,48
ACSSF,2012e5,wv,000,0036,0000124,060,54,029,06000US5402990312,"Butler district, Hancock County, West Virginia",4396,2886,2262,624,156,468,1510,1397,113
ACSSF,2012e5,wv,000,0036,0000125,060,54,029,06000US5402990540,"Clay district, Hancock County, West Virginia",4357,2834,1866,968,299,669,1523,1343,180
ACSSF,2012e5,wv,000,0036,0000126,060,54,029,06000US5402991308,"Grant district, Hancock County, West Virginia",4236,2986,2354,632,248,384,1250,1111,139
ACSSF,2012e5,wv,000,0036,0000127,060,54,031,06000US5403190372,"Capon district, Hardy County, West Virginia",1022,576,495,81,30,51,446,362,84
ACSSF,2012e5,wv,000,0036,0000128,060,54,031,06000US5403191968,"Lost River district, Hardy County, West Virginia",964,620,475,145,112,33,344,314,30
ACSSF,2012e5,wv,000,0036,0000129,060,54,031,06000US5403192232,"Moorefield district, Hardy County, West Virginia",760,350,242,108,26,82,410,382,28
ACSSF,2012e5,wv,000,0036,0000130,060,54,031,06000US5403192382,"Old Fields district, Hardy County, West Virginia",1075,633,521,112,30,82,442,431,11
ACSSF,2012e5,wv,000,0036,0000131,060,54,031,06000US5403192928,"South Fork district, Hardy County, West Virginia",943,677,599,78,62,16,266,236,30
ACSSF,2012e5,wv,000,0036,0000132,060,54,033,06000US5403390975,"Eastern district, Harrison County, West Virginia",4951,3554,2699,855,174,681,1397,1327,70
ACSSF,2012e5,wv,000,0036,0000133,060,54,033,06000US5403392352,"Northern district, Harrison County, West Virginia",4529,3154,2356,798,191,607,1375,1215,160
ACSSF,2012e5,wv,000,0036,0000134,060,54,033,06000US5403392368,"North Urban district, Harrison County, West Virginia",4397,2675,1816,859,180,679,1722,1458,264
ACSSF,2012e5,wv,000,0036,0000135,060,54,033,06000US5403392923,"Southern district, Harrison County, West Virginia",5213,3674,2829,845,167,678,1539,1340,199
ACSSF,2012e5,wv,000,0036,0000136,060,54,033,06000US5403392932,"South Urban district, Harrison County, West Virginia",4579,2844,1990,854,135,719,1735,1530,205
ACSSF,2012e5,wv,000,0036,0000137,060,54,033,06000US5403392952,"Southwest district, Harrison County, West Virginia",4092,2888,2362,526,129,397,1204,1023,181
ACSSF,2012e5,wv,000,0036,0000138,060,54,035,06000US5403590976,"Eastern district, Jackson County, West Virginia",3830,2579,2050,529,116,413,1251,983,268
ACSSF,2012e5,wv,000,0036,0000139,060,54,035,06000US5403592353,"Northern district, Jackson County, West Virginia",3474,2263,1785,478,122,356,1211,1029,182
ACSSF,2012e5,wv,000,0036,0000140,060,54,035,06000US5403593605,"Western district, Jackson County, West Virginia",4095,2954,2318,636,198,438,1141,963,178
ACSSF,2012e5,wv,000,0036,0000141,060,54,037,06000US5403790504,"Charles Town district, Jefferson County, West Virginia",4515,2753,2030,723,131,592,1762,1379,383
ACSSF,2012e5,wv,000,0036,0000142,060,54,037,06000US5403791548,"Harpers Ferry district, Jefferson County, West Virginia",3699,2665,2078,587,146,441,1034,769,265
ACSSF,2012e5,wv,000,0036,0000143,060,54,037,06000US5403791740,"Kabletown district, Jefferson County, West Virginia",4424,3468,2978,490,137,353,956,790,166
ACSSF,2012e5,wv,000,0036,0000144,060,54,037,06000US5403792160,"Middleway district, Jefferson County, West Virginia",3765,2785,2103,682,203,479,980,785,195
ACSSF,2012e5,wv,000,0036,0000145,060,54,037,06000US5403792760,"Shepherdstown district, Jefferson County, West Virginia",3421,2268,1947,321,178,143,1153,763,390
ACSSF,2012e5,wv,000,0036,0000146,060,54,039,06000US5403990768,"District 1, Kanawha County, West Virginia",19439,10911,7548,3363,774,2589,8528,7393,1135
ACSSF,2012e5,wv,000,0036,0000147,060,54,039,06000US5403990804,"District 2, Kanawha County, West Virginia",22397,13695,10050,3645,826,2819,8702,7637,1065
ACSSF,2012e5,wv,000,0036,0000148,060,54,039,06000US5403990840,"District 3, Kanawha County, West Virginia",20510,13168,9983,3185,909,2276,7342,6187,1155
ACSSF,2012e5,wv,000,0036,0000149,060,54,039,06000US5403990876,"District 4, Kanawha County, West Virginia",20615,12916,9626,3290,808,2482,7699,6560,1139
ACSSF,2012e5,wv,000,0036,0000150,060,54,041,06000US5404190676,"Courthouse-Collins Settlement district, Lewis County, West Virginia",2112,1363,1078,285,80,205,749,610,139
ACSSF,2012e5,wv,000,0036,0000151,060,54,041,06000US5404191176,"Freemans Creek district, Lewis County, West Virginia",2073,1325,1072,253,90,163,748,639,109
ACSSF,2012e5,wv,000,0036,0000152,060,54,041,06000US5404191480,"Hackers Creek-Skin Creek district, Lewis County, West Virginia",2385,1606,1271,335,77,258,779,680,99
ACSSF,2012e5,wv,000,0036,0000153,060,54,043,06000US5404390384,"Carroll district, Lincoln County, West Virginia",1487,1102,867,235,41,194,385,368,17
ACSSF,2012e5,wv,000,0036,0000154,060,54,043,06000US5404390960,"Duval district, Lincoln County, West Virginia",1567,1374,1150,224,9,215,193,181,12
ACSSF,2012e5,wv,000,0036,0000155,060,54,043,06000US5404391572,"Harts Creek district, Lincoln County, West Virginia",1421,1024,799,225,52,173,397,368,29
ACSSF,2012e5,wv,000,0036,0000156,060,54,043,06000US5404391812,"Laurel Hill district, Lincoln County, West Virginia",781,548,377,171,65,106,233,189,44
ACSSF,2012e5,wv,000,0036,0000157,060,54,043,06000US5404392784,"Sheridan district, Lincoln County, West Virginia",2017,1390,898,492,194,298,627,581,46
ACSSF,2012e5,wv,000,0036,0000158,060,54,043,06000US5404393516,"Washington district, Lincoln County, West Virginia",1227,831,591,240,85,155,396,364,32
ACSSF,2012e5,wv,000,0036,0000159,060,54,045,06000US5404590453,"Central district, Logan County, West Virginia",4610,3127,2262,865,346,519,1483,1268,215
ACSSF,2012e5,wv,000,0036,0000160,060,54,045,06000US5404590979,"Eastern district, Logan County, West Virginia",5619,4084,3085,999,258,741,1535,1293,242
ACSSF,2012e5,wv,000,0036,0000161,060,54,045,06000US5404593608,"Western district, Logan County, West Virginia",4573,3321,2540,781,233,548,1252,1000,252
ACSSF,2012e5,wv,000,0036,0000162,060,54,047,06000US5404790168,"Big Creek district, McDowell County, West Virginia",2285,1484,1080,404,112,292,801,674,127
ACSSF,2012e5,wv,000,0036,0000163,060,54,047,06000US5404790240,"Browns Creek district, McDowell County, West Virginia",2061,1318,936,382,137,245,743,637,106
ACSSF,2012e5,wv,000,0036,0000164,060,54,047,06000US5404792345,"North Elkin district, McDowell County, West Virginia",1890,1274,878,396,84,312,616,551,65
ACSSF,2012e5,wv,000,0036,0000165,060,54,047,06000US5404792712,"Sandy River district, McDowell County, West Virginia",2112,1428,1118,310,112,198,684,611,73
ACSSF,2012e5,wv,000,0036,0000166,060,54,049,06000US5404992154,"Middletown district, Marion County, West Virginia",7113,3978,2873,1105,229,876,3135,2405,730
ACSSF,2012e5,wv,000,0036,0000167,060,54,049,06000US5404992418,"Palatine district, Marion County, West Virginia",9022,6178,4632,1546,353,1193,2844,2544,300
ACSSF,2012e5,wv,000,0036,0000168,060,54,049,06000US5404993594,"West Augusta district, Marion County, West Virginia",6626,4784,3670,1114,401,713,1842,1564,278
ACSSF,2012e5,wv,000,0036,0000169,060,54,051,06000US5405190780,"District 1, Marshall County, West Virginia",4480,3092,2496,596,144,452,1388,1225,163
ACSSF,2012e5,wv,000,0036,0000170,060,54,051,06000US5405190816,"District 2, Marshall County, West Virginia",4752,2841,1966,875,312,563,1911,1671,240
ACSSF,2012e5,wv,000,0036,0000171,060,54,051,06000US5405190852,"District 3, Marshall County, West Virginia",4836,3535,2930,605,267,338,1301,1100,201
ACSSF,2012e5,wv,000,0036,0000172,060,54,053,06000US5405390048,"Arbuckle district, Mason County, West Virginia",377,340,245,95,50,45,37,37,0
ACSSF,2012e5,wv,000,0036,0000173,060,54,053,06000US5405390612,"Clendenin district, Mason County, West Virginia",1526,1044,830,214,67,147,482,354,128
ACSSF,2012e5,wv,000,0036,0000174,060,54,053,06000US5405390648,"Cologne district, Mason County, West Virginia",688,451,307,144,42,102,237,214,23
ACSSF,2012e5,wv,000,0036,0000175,060,54,053,06000US5405390660,"Cooper district, Mason County, West Virginia",734,565,462,103,10,93,169,120,49
ACSSF,2012e5,wv,000,0036,0000176,060,54,053,06000US5405391260,"Graham district, Mason County, West Virginia",1175,829,637,192,54,138,346,319,27
ACSSF,2012e5,wv,000,0036,0000177,060,54,053,06000US5405391512,"Hannan district, Mason County, West Virginia",928,586,506,80,0,80,342,305,37
ACSSF,2012e5,wv,000,0036,0000178,060,54,053,06000US5405391860,"Lewis district, Mason County, West Virginia",2298,1521,1210,311,32,279,777,690,87
ACSSF,2012e5,wv,000,0036,0000179,060,54,053,06000US5405392652,"Robinson district, Mason County, West Virginia",1168,675,521,154,0,154,493,382,111
ACSSF,2012e5,wv,000,0036,0000180,060,54,053,06000US5405393264,"Union district, Mason County, West Virginia",446,374,324,50,0,50,72,64,8
ACSSF,2012e5,wv,000,0036,0000181,060,54,053,06000US5405393432,"Waggener district, Mason County, West Virginia",1041,703,443,260,37,223,338,279,59
ACSSF,2012e5,wv,000,0036,0000182,060,54,055,06000US5405590900,"District I, Mercer County, West Virginia",8052,5025,3851,1174,251,923,3027,2610,417
ACSSF,2012e5,wv,000,0036,0000183,060,54,055,06000US5405590912,"District II, Mercer County, West Virginia",9939,6043,4597,1446,426,1020,3896,3497,399
ACSSF,2012e5,wv,000,0036,0000184,060,54,055,06000US5405590924,"District III, Mercer County, West Virginia",7793,5326,4429,897,217,680,2467,2007,460
ACSSF,2012e5,wv,000,0036,0000185,060,54,057,06000US5405790784,"District 1, Mineral County, West Virginia",3541,2214,1828,386,126,260,1327,1216,111
ACSSF,2012e5,wv,000,0036,0000186,060,54,057,06000US5405790820,"District 2, Mineral County, West Virginia",4114,1987,1400,587,83,504,2127,2076,51
ACSSF,2012e5,wv,000,0036,0000187,060,54,057,06000US5405790856,"District 3, Mineral County, West Virginia",3528,2298,1876,422,110,312,1230,1110,120
ACSSF,2012e5,wv,000,0036,0000188,060,54,059,06000US5405990141,"Beech Ben Mate district, Mingo County, West Virginia",1458,957,695,262,46,216,501,403,98
ACSSF,2012e5,wv,000,0036,0000189,060,54,059,06000US5405991770,"Kermit Harvey district, Mingo County, West Virginia",1601,1064,729,335,152,183,537,521,16
ACSSF,2012e5,wv,000,0036,0000190,060,54,059,06000US5405991848,"Lee district, Mingo County, West Virginia",1562,1148,920,228,64,164,414,378,36
ACSSF,2012e5,wv,000,0036,0000191,060,54,059,06000US5405992064,"Magnolia district, Mingo County, West Virginia",1231,804,582,222,56,166,427,386,41
ACSSF,2012e5,wv,000,0036,0000192,060,54,059,06000US5405993012,"Stafford district, Mingo County, West Virginia",1724,1209,998,211,61,150,515,509,6
ACSSF,2012e5,wv,000,0036,0000193,060,54,059,06000US5405993162,"Tug Hardee district, Mingo County, West Virginia",1600,1149,896,253,103,150,451,357,94
ACSSF,2012e5,wv,000,0036,0000194,060,54,059,06000US5405993696,"Williamson district, Mingo County, West Virginia",1697,1047,630,417,57,360,650,586,64
ACSSF,2012e5,wv,000,0036,0000195,060,54,061,06000US5406190456,"Central district, Monongalia County, West Virginia",10418,3875,2837,1038,299,739,6543,4924,1619
ACSSF,2012e5,wv,000,0036,0000196,060,54,061,06000US5406190983,"Eastern district, Monongalia County, West Virginia",15191,7765,6260,1505,520,985,7426,5562,1864
ACSSF,2012e5,wv,000,0036,0000197,060,54,061,06000US5406193612,"Western district, Monongalia County, West Virginia",10168,6876,5690,1186,346,840,3292,2769,523
ACSSF,2012e5,wv,000,0036,0000198,060,54,063,06000US5406390457,"Central district, Monroe County, West Virginia",1959,1345,1073,272,92,180,614,474,140
ACSSF,2012e5,wv,000,0036,0000199,060,54,063,06000US5406390984,"Eastern district, Monroe County, West Virginia",1803,1292,1042,250,77,173,511,459,52
ACSSF,2012e5,wv,000,0036,0000200,060,54,063,06000US5406393613,"Western district, Monroe County, West Virginia",1852,1296,1068,228,44,184,556,473,83
ACSSF,2012e5,wv,000,0036,0000201,060,54,065,06000US5406590786,"District 1, Morgan County, West Virginia",2298,1073,808,265,27,238,1225,1127,98
ACSSF,2012e5,wv,000,0036,0000202,060,54,065,06000US5406590822,"District 2, Morgan County, West Virginia",2548,1169,929,240,48,192,1379,1239,140
ACSSF,2012e5,wv,000,0036,0000203,060,54,065,06000US5406590858,"District 3, Morgan County, West Virginia",2460,1453,1230,223,98,125,1007,979,28
ACSSF,2012e5,wv,000,0036,0000204,060,54,067,06000US5406790132,"Beaver district, Nicholas County, West Virginia",3128,2210,1648,562,176,386,918,853,65
ACSSF,2012e5,wv,000,0036,0000205,060,54,067,06000US5406791344,"Grant district, Nicholas County, West Virginia",688,627,389,238,146,92,61,61,0
ACSSF,2012e5,wv,000,0036,0000206,060,54,067,06000US5406791500,"Hamilton district, Nicholas County, West Virginia",1061,869,775,94,82,12,192,157,35
ACSSF,2012e5,wv,000,0036,0000207,060,54,067,06000US5406791716,"Jefferson district, Nicholas County, West Virginia",512,411,334,77,37,40,101,101,0
ACSSF,2012e5,wv,000,0036,0000208,060,54,067,06000US5406791752,"Kentucky district, Nicholas County, West Virginia",1694,1259,1062,197,78,119,435,339,96
ACSSF,2012e5,wv,000,0036,0000209,060,54,067,06000US5406793072,"Summersville district, Nicholas County, West Virginia",2185,1477,1253,224,41,183,708,654,54
ACSSF,2012e5,wv,000,0036,0000210,060,54,067,06000US5406793660,"Wilderness district, Nicholas County, West Virginia",1098,792,660,132,47,85,306,269,37
ACSSF,2012e5,wv,000,0036,0000211,060,54,069,06000US5406990788,"District 1, Ohio County, West Virginia",6237,4222,3501,721,168,553,2015,1731,284
ACSSF,2012e5,wv,000,0036,0000212,060,54,069,06000US5406990824,"District 2, Ohio County, West Virginia",5898,2879,1863,1016,233,783,3019,2752,267
ACSSF,2012e5,wv,000,0036,0000213,060,54,069,06000US5406990862,"District 3, Ohio County, West Virginia",6373,3697,2846,851,115,736,2676,2400,276
ACSSF,2012e5,wv,000,0036,0000214,060,54,071,06000US5407190462,"Central district, Pendleton County, West Virginia",1057,696,567,129,28,101,361,296,65
ACSSF,2012e5,wv,000,0036,0000215,060,54,071,06000US5407190987,"Eastern district, Pendleton County, West Virginia",1118,665,519,146,52,94,453,394,59
ACSSF,2012e5,wv,000,0036,0000216,060,54,071,06000US5407193615,"Western district, Pendleton County, West Virginia",1180,746,652,94,30,64,434,412,22
ACSSF,2012e5,wv,000,0036,0000217,060,54,073,06000US5407390892,"District A, Pleasants County, West Virginia",720,445,392,53,7,46,275,214,61
ACSSF,2012e5,wv,000,0036,0000218,060,54,073,06000US5407390894,"District B, Pleasants County, West Virginia",666,470,418,52,30,22,196,184,12
ACSSF,2012e5,wv,000,0036,0000219,060,54,073,06000US5407390896,"District C, Pleasants County, West Virginia",755,498,372,126,21,105,257,235,22
ACSSF,2012e5,wv,000,0036,0000220,060,54,073,06000US5407390898,"District D, Pleasants County, West Virginia",585,429,365,64,10,54,156,128,28
ACSSF,2012e5,wv,000,0036,0000221,060,54,075,06000US5407590996,"Edray district, Pocahontas County, West Virginia",1413,946,715,231,89,142,467,397,70
ACSSF,2012e5,wv,000,0036,0000222,060,54,075,06000US5407591416,"Greenbank district, Pocahontas County, West Virginia",1119,781,704,77,38,39,338,297,41
ACSSF,2012e5,wv,000,0036,0000223,060,54,075,06000US5407591656,"Huntersville district, Pocahontas County, West Virginia",536,351,296,55,19,36,185,160,25
ACSSF,2012e5,wv,000,0036,0000224,060,54,075,06000US5407591944,"Little Levels district, Pocahontas County, West Virginia",715,467,395,72,27,45,248,218,30
ACSSF,2012e5,wv,000,0036,0000225,060,54,077,06000US5407791096,"Fifth district, Preston County, West Virginia",2341,1745,1499,246,65,181,596,485,111
ACSSF,2012e5,wv,000,0036,0000226,060,54,077,06000US5407791100,"First district, Preston County, West Virginia",2710,1981,1600,381,117,264,729,561,168
ACSSF,2012e5,wv,000,0036,0000227,060,54,077,06000US5407791134,"Fourth district, Preston County, West Virginia",2398,1497,1243,254,50,204,901,793,108
ACSSF,2012e5,wv,000,0036,0000228,060,54,077,06000US5407792742,"Second district, Preston County, West Virginia",2550,1691,1450,241,128,113,859,697,162
ACSSF,2012e5,wv,000,0036,0000229,060,54,077,06000US5407793102,"Third district, Preston County, West Virginia",2781,1977,1470,507,233,274,804,679,125
ACSSF,2012e5,wv,000,0036,0000230,060,54,079,06000US5407990292,"Buffalo-Union district, Putnam County, West Virginia",4152,3311,2565,746,219,527,841,615,226
ACSSF,2012e5,wv,000,0036,0000231,060,54,079,06000US5407990720,"Curry district, Putnam County, West Virginia",3581,2709,2144,565,95,470,872,775,97
ACSSF,2012e5,wv,000,0036,0000232,060,54,079,06000US5407992508,"Pocatalico district, Putnam County, West Virginia",3378,2206,1551,655,207,448,1172,1034,138
ACSSF,2012e5,wv,000,0036,0000233,060,54,079,06000US5407992736,"Scott district, Putnam County, West Virginia",4324,3257,2721,536,112,424,1067,884,183
ACSSF,2012e5,wv,000,0036,0000234,060,54,079,06000US5407993090,"Teays district, Putnam County, West Virginia",5695,4331,3886,445,126,319,1364,1188,176
ACSSF,2012e5,wv,000,0036,0000235,060,54,081,06000US5408190792,"District 1, Raleigh County, West Virginia",9978,6940,5434,1506,468,1038,3038,2600,438
ACSSF,2012e5,wv,000,0036,0000236,060,54,081,06000US5408190828,"District 2, Raleigh County, West Virginia",10322,6632,4977,1655,392,1263,3690,3133,557
ACSSF,2012e5,wv,000,0036,0000237,060,54,081,06000US5408190864,"District 3, Raleigh County, West Virginia",11200,7195,5516,1679,522,1157,4005,3585,420
ACSSF,2012e5,wv,000,0036,0000238,060,54,083,06000US5408390156,"Beverly district, Randolph County, West Virginia",1933,1261,917,344,138,206,672,632,40
ACSSF,2012e5,wv,000,0036,0000239,060,54,083,06000US5408390936,"Dry Fork district, Randolph County, West Virginia",720,495,417,78,0,78,225,212,13
ACSSF,2012e5,wv,000,0036,0000240,060,54,083,06000US5408391668,"Huttonsville district, Randolph County, West Virginia",921,620,549,71,33,38,301,281,20
ACSSF,2012e5,wv,000,0036,0000241,060,54,083,06000US5408391824,"Leadsville district, Randolph County, West Virginia",5142,3266,2531,735,205,530,1876,1771,105
ACSSF,2012e5,wv,000,0036,0000242,060,54,083,06000US5408392148,"Middle Fork district, Randolph County, West Virginia",285,232,202,30,9,21,53,34,19
ACSSF,2012e5,wv,000,0036,0000243,060,54,083,06000US5408392220,"Mingo district, Randolph County, West Virginia",433,338,273,65,23,42,95,87,8
ACSSF,2012e5,wv,000,0036,0000244,060,54,083,06000US5408392292,"New Interest district, Randolph County, West Virginia",489,377,306,71,51,20,112,110,2
ACSSF,2012e5,wv,000,0036,0000245,060,54,083,06000US5408392640,"Roaring Creek district, Randolph County, West Virginia",746,566,469,97,20,77,180,180,0
ACSSF,2012e5,wv,000,0036,0000246,060,54,083,06000US5408393420,"Valley Bend district, Randolph County, West Virginia",569,421,360,61,0,61,148,148,0
ACSSF,2012e5,wv,000,0036,0000247,060,54,085,06000US5408590552,"Clay district, Ritchie County, West Virginia",1489,1026,835,191,58,133,463,447,16
ACSSF,2012e5,wv,000,0036,0000248,060,54,085,06000US5408591380,"Grant district, Ritchie County, West Virginia",762,482,354,128,47,81,280,254,26
ACSSF,2012e5,wv,000,0036,0000249,060,54,085,06000US5408592244,"Murphy district, Ritchie County, West Virginia",452,291,239,52,8,44,161,144,17
ACSSF,2012e5,wv,000,0036,0000250,060,54,085,06000US5408593336,"Union district, Ritchie County, West Virginia",1417,903,654,249,76,173,514,470,44
ACSSF,2012e5,wv,000,0036,0000251,060,54,087,06000US5408790793,"District I, Roane County, West Virginia",1953,1242,1054,188,58,130,711,590,121
ACSSF,2012e5,wv,000,0036,0000252,060,54,087,06000US5408790829,"District II, Roane County, West Virginia",1805,1005,771,234,18,216,800,679,121
ACSSF,2012e5,wv,000,0036,0000253,060,54,087,06000US5408790865,"District III, Roane County, West Virginia",2059,1499,1217,282,58,224,560,508,52
ACSSF,2012e5,wv,000,0036,0000254,060,54,089,06000US5408990216,"Bluestone River district, Summers County, West Virginia",1911,1271,1024,247,80,167,640,612,28
ACSSF,2012e5,wv,000,0036,0000255,060,54,089,06000US5408991440,"Greenbrier River district, Summers County, West Virginia",1852,1189,969,220,146,74,663,618,45
ACSSF,2012e5,wv,000,0036,0000256,060,54,089,06000US5408992316,"New River district, Summers County, West Virginia",1507,1030,770,260,79,181,477,423,54
ACSSF,2012e5,wv,000,0036,0000257,060,54,091,06000US5409190993,"Eastern district, Taylor County, West Virginia",2339,1663,1302,361,49,312,676,588,88
ACSSF,2012e5,wv,000,0036,0000258,060,54,091,06000US5409193175,"Tygart district, Taylor County, West Virginia",1628,1109,791,318,96,222,519,484,35
ACSSF,2012e5,wv,000,0036,0000259,060,54,091,06000US5409193621,"Western district, Taylor County, West Virginia",2833,2180,1734,446,111,335,653,551,102
ACSSF,2012e5,wv,000,0036,0000260,060,54,093,06000US5409390192,"Black Fork district, Tucker County, West Virginia",1559,1093,897,196,88,108,466,396,70
ACSSF,2012e5,wv,000,0036,0000261,060,54,093,06000US5409390624,"Clover district, Tucker County, West Virginia",186,148,126,22,0,22,38,38,0
ACSSF,2012e5,wv,000,0036,0000262,060,54,093,06000US5409390744,"Davis district, Tucker County, West Virginia",306,183,163,20,0,20,123,121,2
ACSSF,2012e5,wv,000,0036,0000263,060,54,093,06000US5409390948,"Dry Fork district, Tucker County, West Virginia",320,241,241,0,0,0,79,54,25
ACSSF,2012e5,wv,000,0036,0000264,060,54,093,06000US5409391056,"Fairfax district, Tucker County, West Virginia",339,201,165,36,7,29,138,136,2
ACSSF,2012e5,wv,000,0036,0000265,060,54,093,06000US5409391896,"Licking district, Tucker County, West Virginia",37,32,11,21,0,21,5,5,0
ACSSF,2012e5,wv,000,0036,0000266,060,54,093,06000US5409392688,"St. George district, Tucker County, West Virginia",382,258,185,73,35,38,124,124,0
ACSSF,2012e5,wv,000,0036,0000267,060,54,095,06000US5409590469,"Central district, Tyler County, West Virginia",935,621,530,91,14,77,314,297,17
ACSSF,2012e5,wv,000,0036,0000268,060,54,095,06000US5409592334,"North district, Tyler County, West Virginia",874,613,529,84,49,35,261,210,51
ACSSF,2012e5,wv,000,0036,0000269,060,54,095,06000US5409592898,"South district, Tyler County, West Virginia",959,733,567,166,64,102,226,208,18
ACSSF,2012e5,wv,000,0036,0000270,060,54,095,06000US5409593592,"West district, Tyler County, West Virginia",867,586,439,147,39,108,281,242,39
ACSSF,2012e5,wv,000,0036,0000271,060,54,097,06000US5409791102,"First district, Upshur County, West Virginia",2897,1787,1303,484,103,381,1110,969,141
ACSSF,2012e5,wv,000,0036,0000272,060,54,097,06000US5409792745,"Second district, Upshur County, West Virginia",2926,2252,1945,307,91,216,674,629,45
ACSSF,2012e5,wv,000,0036,0000273,060,54,097,06000US5409793105,"Third district, Upshur County, West Virginia",3261,2281,1828,453,182,271,980,757,223
ACSSF,2012e5,wv,000,0036,0000274,060,54,099,06000US5409990324,"Butler district, Wayne County, West Virginia",3713,2426,1926,500,114,386,1287,1188,99
ACSSF,2012e5,wv,000,0036,0000275,060,54,099,06000US5409990492,"Ceredo district, Wayne County, West Virginia",3047,1844,1329,515,182,333,1203,1003,200
ACSSF,2012e5,wv,000,0036,0000276,060,54,099,06000US5409993036,"Stonewall district, Wayne County, West Virginia",2946,2078,1607,471,129,342,868,731,137
ACSSF,2012e5,wv,000,0036,0000277,060,54,099,06000US5409993372,"Union district, Wayne County, West Virginia",3656,2630,2091,539,76,463,1026,895,131
ACSSF,2012e5,wv,000,0036,0000278,060,54,099,06000US5409993624,"Westmoreland district, Wayne County, West Virginia",3421,2175,1637,538,93,445,1246,1114,132
ACSSF,2012e5,wv,000,0036,0000279,060,54,101,06000US5410190471,"Central district, Webster County, West Virginia",1342,973,684,289,109,180,369,302,67
ACSSF,2012e5,wv,000,0036,0000280,060,54,101,06000US5410192360,"Northern district, Webster County, West Virginia",1176,864,744,120,47,73,312,268,44
ACSSF,2012e5,wv,000,0036,0000281,060,54,101,06000US5410192925,"Southern district, Webster County, West Virginia",1597,1067,874,193,47,146,530,454,76
ACSSF,2012e5,wv,000,0036,0000282,060,54,103,06000US5410390794,"District 1, Wetzel County, West Virginia",2458,1707,1412,295,103,192,751,727,24
ACSSF,2012e5,wv,000,0036,0000283,060,54,103,06000US5410390830,"District 2, Wetzel County, West Virginia",2264,1634,1276,358,92,266,630,541,89
ACSSF,2012e5,wv,000,0036,0000284,060,54,103,06000US5410390867,"District 3, Wetzel County, West Virginia",2258,1386,1121,265,5,260,872,772,100
ACSSF,2012e5,wv,000,0036,0000285,060,54,105,06000US5410590473,"Central district, Wirt County, West Virginia",769,532,411,121,30,91,237,190,47
ACSSF,2012e5,wv,000,0036,0000286,060,54,105,06000US5410592344,"Northeast district, Wirt County, West Virginia",670,394,298,96,0,96,276,175,101
ACSSF,2012e5,wv,000,0036,0000287,060,54,105,06000US5410592958,"Southwest district, Wirt County, West Virginia",864,633,573,60,12,48,231,183,48
ACSSF,2012e5,wv,000,0036,0000288,060,54,107,06000US5410790588,"Clay district, Wood County, West Virginia",2571,1803,1598,205,16,189,768,629,139
ACSSF,2012e5,wv,000,0036,0000289,060,54,107,06000US5410791560,"Harris district, Wood County, West Virginia",632,396,365,31,9,22,236,177,59
ACSSF,2012e5,wv,000,0036,0000290,060,54,107,06000US5410791980,"Lubeck district, Wood County, West Virginia",4214,3183,2491,692,256,436,1031,906,125
ACSSF,2012e5,wv,000,0036,0000291,060,54,107,06000US5410792424,"Parkersburg district, Wood County, West Virginia",12687,7052,5063,1989,457,1532,5635,4833,802
ACSSF,2012e5,wv,000,0036,0000292,060,54,107,06000US5410792856,"Slate district, Wood County, West Virginia",1653,1186,1043,143,90,53,467,373,94
ACSSF,2012e5,wv,000,0036,0000293,060,54,107,06000US5410793024,"Steele district, Wood County, West Virginia",504,451,397,54,0,54,53,53,0
ACSSF,2012e5,wv,000,0036,0000294,060,54,107,06000US5410793180,"Tygart district, Wood County, West Virginia",5785,3842,2579,1263,321,942,1943,1640,303
ACSSF,2012e5,wv,000,0036,0000295,060,54,107,06000US5410793384,"Union district, Wood County, West Virginia",1766,1396,1224,172,44,128,370,287,83
ACSSF,2012e5,wv,000,0036,0000296,060,54,107,06000US5410793444,"Walker district, Wood County, West Virginia",439,354,238,116,33,83,85,85,0
ACSSF,2012e5,wv,000,0036,0000297,060,54,107,06000US5410793672,"Williams district, Wood County, West Virginia",5532,3911,3321,590,183,407,1621,1513,108
ACSSF,2012e5,wv,000,0036,0000298,060,54,109,06000US5410990795,"District 1, Wyoming County, West Virginia",2883,2082,1608,474,146,328,801,746,55
ACSSF,2012e5,wv,000,0036,0000299,060,54,109,06000US5410990831,"District 2, Wyoming County, West Virginia",2893,2062,1702,360,140,220,831,696,135
ACSSF,2012e5,wv,000,0036,0000300,060,54,109,06000US5410990868,"District 3, Wyoming County, West Virginia",3370,2539,1995,544,126,418,831,765,66
ACSSF,2012e5,wv,000,0036,0000301,070,54,001,07000US540019232863292,"Philippi city (part), North district, Barbour County, West Virginia",788,439,294,145,31,114,349,320,29
ACSSF,2012e5,wv,000,0036,0000302,070,54,001,07000US540019232899999,"Remainder of North district, North district, Barbour County, West Virginia",1757,1250,1133,117,0,117,507,507,0
ACSSF,2012e5,wv,000,0036,0000303,070,54,001,07000US540019289205788,"Belington town, South district, Barbour County, West Virginia",752,587,401,186,40,146,165,125,40
ACSSF,2012e5,wv,000,0036,0000304,070,54,001,07000US540019289242244,"Junior town, South district, Barbour County, West Virginia",184,121,65,56,41,15,63,63,0
ACSSF,2012e5,wv,000,0036,0000305,070,54,001,07000US540019289299999,"Remainder of South district, South district, Barbour County, West Virginia",1273,905,738,167,67,100,368,357,11
ACSSF,2012e5,wv,000,0036,0000306,070,54,001,07000US540019358814212,"Century CDP, West district, Barbour County, West Virginia",28,22,13,9,0,9,6,6,0
ACSSF,2012e5,wv,000,0036,0000307,070,54,001,07000US540019358829740,"Galloway CDP, West district, Barbour County, West Virginia",43,43,43,0,0,0,0,0,0
ACSSF,2012e5,wv,000,0036,0000308,070,54,001,07000US540019358863292,"Philippi city (part), West district, Barbour County, West Virginia",341,205,141,64,25,39,136,105,31
ACSSF,2012e5,wv,000,0036,0000309,070,54,001,07000US540019358899999,"Remainder of West district, West district, Barbour County, West Virginia",1040,793,641,152,74,78,247,220,27
ACSSF,2012e5,wv,000,0036,0000310,070,54,003,07000US540039000652060,"Martinsburg city (part), Adam Stephens district, Berkeley County, West Virginia",5994,3338,2199,1139,360,779,2656,2363,293
ACSSF,2012e5,wv,000,0036,0000311,070,54,003,07000US540039000699999,"Remainder of Adam Stephens district, Adam Stephens district, Berkeley County, West Virginia",341,273,191,82,70,12,68,68,0
ACSSF,2012e5,wv,000,0036,0000312,070,54,003,07000US540039232236220,"Hedgesville town (part), Norborne district, Berkeley County, West Virginia",116,65,52,13,2,11,51,44,7
ACSSF,2012e5,wv,000,0036,0000313,070,54,003,07000US540039232252060,"Martinsburg city (part), Norborne district, Berkeley County, West Virginia",939,747,468,279,60,219,192,138,54
ACSSF,2012e5,wv,000,0036,0000314,070,54,003,07000US540039232299999,"Remainder of Norborne district, Norborne district, Berkeley County, West Virginia",2826,2243,1887,356,103,253,583,411,172
ACSSF,2012e5,wv,000,0036,0000315,070,54,003,07000US540039252626716,"Falling Waters CDP, Potomac district, Berkeley County, West Virginia",298,231,184,47,10,37,67,67,0
ACSSF,2012e5,wv,000,0036,0000316,070,54,003,07000US540039252652060,"Martinsburg city (part), Potomac district, Berkeley County, West Virginia",0,0,0,0,0,0,0,0,0
ACSSF,2012e5,wv,000,0036,0000317,070,54,003,07000US540039252699999,"Remainder of Potomac district, Potomac district, Berkeley County, West Virginia",6195,4416,3423,993,363,630,1779,1545,234
ACSSF,2012e5,wv,000,0036,0000318,070,54,003,07000US540039275440204,"Inwood CDP, Shenandoah district, Berkeley County, West Virginia",920,644,414,230,109,121,276,242,34
ACSSF,2012e5,wv,000,0036,0000319,070,54,003,07000US540039275499999,"Remainder of Shenandoah district, Shenandoah district, Berkeley County, West Virginia",6855,4863,3730,1133,319,814,1992,1672,320
ACSSF,2012e5,wv,000,0036,0000320,070,54,003,07000US540039317152060,"Martinsburg city (part), Tuscarora district, Berkeley County, West Virginia",487,289,167,122,38,84,198,137,61
ACSSF,2012e5,wv,000,0036,0000321,070,54,003,07000US540039317199999,"Remainder of Tuscarora district, Tuscarora district, Berkeley County, West Virginia",7025,5109,3638,1471,360,1111,1916,1573,343
ACSSF,2012e5,wv,000,0036,0000322,070,54,003,07000US540039338836220,"Hedgesville town (part), Valley district, Berkeley County, West Virginia",0,0,0,0,0,0,0,0,0
ACSSF,2012e5,wv,000,0036,0000323,070,54,003,07000US540039338899999,"Remainder of Valley district, Valley district, Berkeley County, West Virginia",7996,5826,4450,1376,381,995,2170,1765,405
ACSSF,2012e5,wv,000,0036,0000324,070,54,005,07000US540059076217380,"Comfort CDP, District 1, Boone County, West Virginia",117,117,117,0,0,0,0,0,0
ACSSF,2012e5,wv,000,0036,0000325,070,54,005,07000US540059076266484,"Racine CDP, District 1, Boone County, West Virginia",115,54,54,0,0,0,61,61,0
ACSSF,2012e5,wv,000,0036,0000326,070,54,005,07000US540059076278964,"Sylvester town, District 1, Boone County, West Virginia",149,119,114,5,0,5,30,26,4
ACSSF,2012e5,wv,000,0036,0000327,070,54,005,07000US540059076286836,"Whitesville town, District 1, Boone County, West Virginia",248,144,114,30,5,25,104,73,31
ACSSF,2012e5,wv,000,0036,0000328,070,54,005,07000US540059076299999,"District Remainder of 1, District 1, Boone County, West Virginia",2710,2048,1532,516,156,360,662,619,43
ACSSF,2012e5,wv,000,0036,0000329,070,54,005,07000US540059079633580,"Greenview CDP, District 2, Boone County, West Virginia",133,83,28,55,10,45,50,50,0
ACSSF,2012e5,wv,000,0036,0000330,070,54,005,07000US540059079650524,"Madison city (part), District 2, Boone County, West Virginia",179,129,70,59,50,9,50,50,0
ACSSF,2012e5,wv,000,0036,0000331,070,54,005,07000US540059079681484,"Twilight CDP, District 2, Boone County, West Virginia",28,28,28,0,0,0,0,0,0
ACSSF,2012e5,wv,000,0036,0000332,070,54,005,07000US540059079682852,"Van CDP, District 2, Boone County, West Virginia",50,30,22,8,8,0,20,20,0
ACSSF,2012e5,wv,000,0036,0000333,070,54,005,07000US540059079699999,"District Remainder of 2, District 2, Boone County, West Virginia",2224,1647,1339,308,83,225,577,535,42
ACSSF,2012e5,wv,000,0036,0000334,070,54,005,07000US540059083220212,"Danville town, District 3, Boone County, West Virginia",432,221,171,50,2,48,211,194,17
ACSSF,2012e5,wv,000,0036,0000335,070,54,005,07000US540059083250524,"Madison city (part), District 3, Boone County, West Virginia",1201,781,577,204,47,157,420,377,43
ACSSF,2012e5,wv,000,0036,0000336,070,54,005,07000US540059083299999,"District Remainder of 3, District 3, Boone County, West Virginia",2169,1616,1355,261,94,167,553,438,115
ACSSF,2012e5,wv,000,0036,0000337,070,54,007,07000US540079096827868,"Flatwoods town (part), Eastern district, Braxton County, West Virginia",61,29,21,8,3,5,32,30,2
ACSSF,2012e5,wv,000,0036,0000338,070,54,007,07000US540079096878580,"Sutton town (part), Eastern district, Braxton County, West Virginia",404,243,174,69,4,65,161,149,12
ACSSF,2012e5,wv,000,0036,0000339,070,54,007,07000US540079096899999,"Remainder of Eastern district, Eastern district, Braxton County, West Virginia",876,514,467,47,25,22,362,248,114
ACSSF,2012e5,wv,000,0036,0000340,070,54,007,07000US540079234611716,"Burnsville town, Northern district, Braxton County, West Virginia",217,149,81,68,28,40,68,56,12
ACSSF,2012e5,wv,000,0036,0000341,070,54,007,07000US540079234627868,"Flatwoods town (part), Northern district, Braxton County, West Virginia",111,75,67,8,0,8,36,19,17
ACSSF,2012e5,wv,000,0036,0000342,070,54,007,07000US540079234699999,"Remainder of Northern district, Northern district, Braxton County, West Virginia",1183,726,626,100,11,89,457,392,65
ACSSF,2012e5,wv,000,0036,0000343,070,54,007,07000US540079292299999,"Southern district, Southern district, Braxton County, West Virginia",1606,1140,859,281,151,130,466,401,65
ACSSF,2012e5,wv,000,0036,0000344,070,54,007,07000US540079359730220,"Gassaway town, Western district, Braxton County, West Virginia",389,218,161,57,16,41,171,148,23
ACSSF,2012e5,wv,000,0036,0000345,070,54,007,07000US540079359778580,"Sutton town (part), Western district, Braxton County, West Virginia",120,58,45,13,5,8,62,58,4
ACSSF,2012e5,wv,000,0036,0000346,070,54,007,07000US540079359799999,"Remainder of Western district, Western district, Braxton County, West Virginia",1042,671,626,45,37,8,371,348,23
ACSSF,2012e5,wv,000,0036,0000347,070,54,009,07000US540099110428204,"Follansbee city (part), Follansbee district, Brooke County, West Virginia",1413,761,499,262,92,170,652,491,161
ACSSF,2012e5,wv,000,0036,0000348,070,54,009,07000US540099110438476,"Hooverson Heights CDP (part), Follansbee district, Brooke County, West Virginia",919,645,508,137,21,116,274,263,11
ACSSF,2012e5,wv,000,0036,0000349,070,54,009,07000US540099110499999,"Remainder of Follansbee district, Follansbee district, Brooke County, West Virginia",1135,811,666,145,47,98,324,313,11
ACSSF,2012e5,wv,000,0036,0000350,070,54,009,07000US540099355228204,"Follansbee city (part), Weirton district, Brooke County, West Virginia",0,0,0,0,0,0,0,0,0
ACSSF,2012e5,wv,000,0036,0000351,070,54,009,07000US540099355238476,"Hooverson Heights CDP (part), Weirton district, Brooke County, West Virginia",264,153,109,44,44,0,111,85,26
ACSSF,2012e5,wv,000,0036,0000352,070,54,009,07000US540099355285156,"Weirton city (part), Weirton district, Brooke County, West Virginia",1800,991,615,376,157,219,809,726,83
ACSSF,2012e5,wv,000,0036,0000353,070,54,009,07000US540099355299999,"Remainder of Weirton district, Weirton district, Brooke County, West Virginia",1305,1038,775,263,82,181,267,252,15
ACSSF,2012e5,wv,000,0036,0000354,070,54,009,07000US540099356405452,"Beech Bottom village, Wellsburg district, Brooke County, West Virginia",218,130,78,52,25,27,88,78,10
ACSSF,2012e5,wv,000,0036,0000355,070,54,009,07000US540099356406844,"Bethany town, Wellsburg district, Brooke County, West Virginia",196,114,82,32,9,23,82,70,12
ACSSF,2012e5,wv,000,0036,0000356,070,54,009,07000US540099356485324,"Wellsburg city, Wellsburg district, Brooke County, West Virginia",1199,754,541,213,81,132,445,394,51
ACSSF,2012e5,wv,000,0036,0000357,070,54,009,07000US540099356487892,"Windsor Heights village, Wellsburg district, Brooke County, West Virginia",188,135,104,31,7,24,53,49,4
ACSSF,2012e5,wv,000,0036,0000358,070,54,009,07000US540099356499999,"Remainder of Wellsburg district, Wellsburg district, Brooke County, West Virginia",1274,1060,869,191,54,137,214,205,9
ACSSF,2012e5,wv,000,0036,0000359,070,54,011,07000US540119076439460,"Huntington city (part), District 1, Cabell County, West Virginia",5863,3351,2380,971,253,718,2512,2096,416
ACSSF,2012e5,wv,000,0036,0000360,070,54,011,07000US540119076499999,"District Remainder of 1, District 1, Cabell County, West Virginia",1704,1158,877,281,107,174,546,473,73
ACSSF,2012e5,wv,000,0036,0000361,070,54,011,07000US540119079839460,"Huntington city (part), District 2, Cabell County, West Virginia",7410,3041,1723,1318,313,1005,4369,3627,742
ACSSF,2012e5,wv,000,0036,0000362,070,54,011,07000US540119083404276,"Barboursville village (part), District 3, Cabell County, West Virginia",0,0,0,0,0,0,0,0,0
ACSSF,2012e5,wv,000,0036,0000363,070,54,011,07000US540119083439460,"Huntington city (part), District 3, Cabell County, West Virginia",6632,3710,2304,1406,266,1140,2922,2234,688
ACSSF,2012e5,wv,000,0036,0000364,070,54,011,07000US540119083446420,"Lesage CDP (part), District 3, Cabell County, West Virginia",209,158,120,38,0,38,51,51,0
ACSSF,2012e5,wv,000,0036,0000365,070,54,011,07000US540119083499999,"District Remainder of 3, District 3, Cabell County, West Virginia",741,532,333,199,65,134,209,192,17
ACSSF,2012e5,wv,000,0036,0000366,070,54,011,07000US540119087004276,"Barboursville village (part), District 4, Cabell County, West Virginia",1602,1019,817,202,62,140,583,495,88
ACSSF,2012e5,wv,000,0036,0000367,070,54,011,07000US540119087039460,"Huntington city (part), District 4, Cabell County, West Virginia",38,38,38,0,0,0,0,0,0
ACSSF,2012e5,wv,000,0036,0000368,070,54,011,07000US540119087062488,"Pea Ridge CDP, District 4, Cabell County, West Virginia",2908,1808,1448,360,108,252,1100,990,110
ACSSF,2012e5,wv,000,0036,0000369,070,54,011,07000US540119087071476,"Salt Rock CDP (part), District 4, Cabell County, West Virginia",28,10,0,10,10,0,18,18,0
ACSSF,2012e5,wv,000,0036,0000370,070,54,011,07000US540119087099999,"District Remainder of 4, District 4, Cabell County, West Virginia",5195,3753,2901,852,172,680,1442,1264,178
ACSSF,2012e5,wv,000,0036,0000371,070,54,011,07000US540119088204276,"Barboursville village (part), District 5, Cabell County, West Virginia",12,12,12,0,0,0,0,0,0
ACSSF,2012e5,wv,000,0036,0000372,070,54,011,07000US540119088219516,"Culloden CDP (part), District 5, Cabell County, West Virginia",1047,768,600,168,56,112,279,242,37
ACSSF,2012e5,wv,000,0036,0000373,070,54,011,07000US540119088246420,"Lesage CDP (part), District 5, Cabell County, West Virginia",454,309,252,57,7,50,145,128,17
ACSSF,2012e5,wv,000,0036,0000374,070,54,011,07000US540119088254484,"Milton town, District 5, Cabell County, West Virginia",1188,678,485,193,32,161,510,458,52
ACSSF,2012e5,wv,000,0036,0000375,070,54,011,07000US540119088271476,"Salt Rock CDP (part), District 5, Cabell County, West Virginia",163,154,106,48,0,48,9,9,0
ACSSF,2012e5,wv,000,0036,0000376,070,54,011,07000US540119088299999,"District Remainder of 5, District 5, Cabell County, West Virginia",5290,4045,3156,889,169,720,1245,919,326
ACSSF,2012e5,wv,000,0036,0000377,070,54,013,07000US540139076699999,"District 1, District 1, Calhoun County, West Virginia",559,332,256,76,25,51,227,220,7
ACSSF,2012e5,wv,000,0036,0000378,070,54,013,07000US540139080099999,"District 2, District 2, Calhoun County, West Virginia",720,479,286,193,107,86,241,192,49
ACSSF,2012e5,wv,000,0036,0000379,070,54,013,07000US540139083632884,"Grantsville town, District 3, Calhoun County, West Virginia",213,150,71,79,45,34,63,61,2
ACSSF,2012e5,wv,000,0036,0000380,070,54,013,07000US540139083699999,"District Remainder of 3, District 3, Calhoun County, West Virginia",287,165,109,56,12,44,122,106,16
ACSSF,2012e5,wv,000,0036,0000381,070,54,013,07000US540139087399999,"District 4, District 4, Calhoun County, West Virginia",753,521,422,99,46,53,232,206,26
ACSSF,2012e5,wv,000,0036,0000382,070,54,013,07000US540139088599999,"District 5, District 5, Calhoun County, West Virginia",650,489,408,81,39,42,161,161,0
ACSSF,2012e5,wv,000,0036,0000383,070,54,015,07000US540159089199999,"District A, District A, Clay County, West Virginia",1261,901,712,189,62,127,360,339,21
ACSSF,2012e5,wv,000,0036,0000384,070,54,015,07000US540159089315676,"Clay town, District B, Clay County, West Virginia",225,115,102,13,0,13,110,95,15
ACSSF,2012e5,wv,000,0036,0000385,070,54,015,07000US540159089399999,"District Remainder of B, District B, Clay County, West Virginia",837,630,534,96,35,61,207,186,21
ACSSF,2012e5,wv,000,0036,0000386,070,54,015,07000US540159089599999,"District C, District C, Clay County, West Virginia",1118,796,688,108,35,73,322,275,47
ACSSF,2012e5,wv,000,0036,0000387,070,54,017,07000US540179013899999,"Beech district, Beech district, Doddridge County, West Virginia",759,580,389,191,85,106,179,169,10
ACSSF,2012e5,wv,000,0036,0000388,070,54,017,07000US540179209486116,"West Union town (part), Maple district, Doddridge County, West Virginia",131,90,61,29,9,20,41,32,9
ACSSF,2012e5,wv,000,0036,0000389,070,54,017,07000US540179209499999,"Remainder of Maple district, Maple district, Doddridge County, West Virginia",425,283,200,83,0,83,142,96,46
ACSSF,2012e5,wv,000,0036,0000390,070,54,017,07000US540179237499999,"Oak district, Oak district, Doddridge County, West Virginia",681,518,461,57,19,38,163,156,7
ACSSF,2012e5,wv,000,0036,0000391,070,54,017,07000US540179246686116,"West Union town (part), Pine district, Doddridge County, West Virginia",218,138,102,36,12,24,80,69,11
ACSSF,2012e5,wv,000,0036,0000392,070,54,017,07000US540179246699999,"Remainder of Pine district, Pine district, Doddridge County, West Virginia",559,349,192,157,71,86,210,193,17
ACSSF,2012e5,wv,000,0036,0000393,070,54,019,07000US540199228001996,"Ansted town, New Haven district, Fayette County, West Virginia",667,464,372,92,15,77,203,198,5
ACSSF,2012e5,wv,000,0036,0000394,070,54,019,07000US540199228027028,"Fayetteville town (part), New Haven district, Fayette County, West Virginia",1190,727,523,204,89,115,463,422,41
ACSSF,2012e5,wv,000,0036,0000395,070,54,019,07000US540199228037036,"Hico CDP, New Haven district, Fayette County, West Virginia",66,66,42,24,0,24,0,0,0
ACSSF,2012e5,wv,000,0036,0000396,070,54,019,07000US540199228052780,"Meadow Bridge town, New Haven district, Fayette County, West Virginia",144,80,50,30,6,24,64,60,4
ACSSF,2012e5,wv,000,0036,0000397,070,54,019,07000US540199228060028,"Oak Hill city (part), New Haven district, Fayette County, West Virginia",0,0,0,0,0,0,0,0,0
ACSSF,2012e5,wv,000,0036,0000398,070,54,019,07000US540199228065668,"Prince CDP, New Haven district, Fayette County, West Virginia",78,64,12,52,0,52,14,14,0
ACSSF,2012e5,wv,000,0036,0000399,070,54,019,07000US540199228099999,"Remainder of New Haven district, New Haven district, Fayette County, West Virginia",4018,2662,2177,485,157,328,1356,1049,307
ACSSF,2012e5,wv,000,0036,0000400,070,54,019,07000US540199247231876,"Glen Jean CDP, Plateau district, Fayette County, West Virginia",100,100,63,37,0,37,0,0,0
ACSSF,2012e5,wv,000,0036,0000401,070,54,019,07000US540199247237444,"Hilltop CDP, Plateau district, Fayette County, West Virginia",164,152,65,87,0,87,12,12,0
ACSSF,2012e5,wv,000,0036,0000402,070,54,019,07000US540199247254508,"Minden CDP, Plateau district, Fayette County, West Virginia",117,91,45,46,0,46,26,26,0
ACSSF,2012e5,wv,000,0036,0000403,070,54,019,07000US540199247256404,"Mount Hope city (part), Plateau district, Fayette County, West Virginia",661,436,269,167,29,138,225,184,41
ACSSF,2012e5,wv,000,0036,0000404,070,54,019,07000US540199247260028,"Oak Hill city (part), Plateau district, Fayette County, West Virginia",3089,1955,1376,579,124,455,1134,982,152
ACSSF,2012e5,wv,000,0036,0000405,070,54,019,07000US540199247280284,"Thurmond town, Plateau district, Fayette County, West Virginia",2,2,2,0,0,0,0,0,0
ACSSF,2012e5,wv,000,0036,0000406,070,54,019,07000US540199247299999,"Remainder of Plateau district, Plateau district, Fayette County, West Virginia",2187,1519,1143,376,96,280,668,579,89
ACSSF,2012e5,wv,000,0036,0000407,070,54,019,07000US540199339605068,"Beards Fork CDP, Valley district, Fayette County, West Virginia",42,30,16,14,0,14,12,12,0
ACSSF,2012e5,wv,000,0036,0000408,070,54,019,07000US540199339609100,"Boomer CDP, Valley district, Fayette County, West Virginia",382,305,190,115,67,48,77,77,0
ACSSF,2012e5,wv,000,0036,0000409,070,54,019,07000US540199339614630,"Charlton Heights CDP, Valley district, Fayette County, West Virginia",131,98,82,16,0,16,33,19,14
ACSSF,2012e5,wv,000,0036,0000410,070,54,019,07000US540199339620764,"Deep Water CDP, Valley district, Fayette County, West Virginia",97,50,12,38,0,38,47,47,0
ACSSF,2012e5,wv,000,0036,0000411,070,54,019,07000US540199339621628,"Dixie CDP (part), Valley district, Fayette County, West Virginia",23,23,23,0,0,0,0,0,0
ACSSF,2012e5,wv,000,0036,0000412,070,54,019,07000US540199339626812,"Falls View CDP, Valley district, Fayette County, West Virginia",52,24,24,0,0,0,28,28,0
ACSSF,2012e5,wv,000,0036,0000413,070,54,019,07000US540199339627028,"Fayetteville town (part), Valley district, Fayette County, West Virginia",0,0,0,0,0,0,0,0,0
ACSSF,2012e5,wv,000,0036,0000414,070,54,019,07000US540199339630364,"Gauley Bridge town, Valley district, Fayette County, West Virginia",271,202,119,83,13,70,69,65,4
ACSSF,2012e5,wv,000,0036,0000415,070,54,019,07000US540199339631732,"Glen Ferris CDP, Valley district, Fayette County, West Virginia",48,38,38,0,0,0,10,10,0
ACSSF,2012e5,wv,000,0036,0000416,070,54,019,07000US540199339643828,"Kimberly CDP, Valley district, Fayette County, West Virginia",90,78,51,27,15,12,12,12,0
ACSSF,2012e5,wv,000,0036,0000417,070,54,019,07000US540199339643852,"Kincaid CDP, Valley district, Fayette County, West Virginia",93,82,54,28,0,28,11,11,0
ACSSF,2012e5,wv,000,0036,0000418,070,54,019,07000US540199339655468,"Montgomery city (part), Valley district, Fayette County, West Virginia",505,236,141,95,12,83,269,238,31
ACSSF,2012e5,wv,000,0036,0000419,070,54,019,07000US540199339656212,"Mount Carbon CDP, Valley district, Fayette County, West Virginia",147,113,100,13,0,13,34,34,0
ACSSF,2012e5,wv,000,0036,0000420,070,54,019,07000US540199339656404,"Mount Hope city (part), Valley district, Fayette County, West Virginia",44,44,44,0,0,0,0,0,0
ACSSF,2012e5,wv,000,0036,0000421,070,54,019,07000US540199339660028,"Oak Hill city (part), Valley district, Fayette County, West Virginia",29,15,15,0,0,0,14,14,0
ACSSF,2012e5,wv,000,0036,0000422,070,54,019,07000US540199339661660,"Page CDP, Valley district, Fayette County, West Virginia",62,41,41,0,0,0,21,5,16
ACSSF,2012e5,wv,000,0036,0000423,070,54,019,07000US540199339662356,"Pax town, Valley district, Fayette County, West Virginia",115,64,43,21,0,21,51,51,0
ACSSF,2012e5,wv,000,0036,0000424,070,54,019,07000US540199339665284,"Powellton CDP, Valley district, Fayette County, West Virginia",192,139,108,31,15,16,53,53,0
ACSSF,2012e5,wv,000,0036,0000425,070,54,019,07000US540199339672292,"Scarbro CDP, Valley district, Fayette County, West Virginia",185,138,102,36,0,36,47,39,8
ACSSF,2012e5,wv,000,0036,0000426,070,54,019,07000US540199339674740,"Smithers city (part), Valley district, Fayette County, West Virginia",406,217,79,138,23,115,189,178,11
ACSSF,2012e5,wv,000,0036,0000427,070,54,019,07000US540199339699999,"Remainder of Valley district, Valley district, Fayette County, West Virginia",2336,1662,1257,405,158,247,674,638,36
ACSSF,2012e5,wv,000,0036,0000428,070,54,021,07000US540219040899999,"Center district, Center district, Gilmer County, West Virginia",642,423,361,62,0,62,219,192,27
ACSSF,2012e5,wv,000,0036,0000429,070,54,021,07000US540219053432044,"Glenville town, City district, Gilmer County, West Virginia",573,274,124,150,19,131,299,210,89
ACSSF,2012e5,wv,000,0036,0000430,070,54,021,07000US540219053499999,"Remainder of City district, City district, Gilmer County, West Virginia",33,33,28,5,0,5,0,0,0
ACSSF,2012e5,wv,000,0036,0000431,070,54,021,07000US540219075899999,"De Kalb-Troy district, De Kalb-Troy district, Gilmer County, West Virginia",670,416,358,58,45,13,254,206,48
ACSSF,2012e5,wv,000,0036,0000432,070,54,021,07000US540219123671620,"Sand Fork town, Glenville district, Gilmer County, West Virginia",99,85,56,29,11,18,14,14,0
ACSSF,2012e5,wv,000,0036,0000433,070,54,021,07000US540219123699999,"Remainder of Glenville district, Glenville district, Gilmer County, West Virginia",522,336,278,58,17,41,186,162,24
ACSSF,2012e5,wv,000,0036,0000434,070,54,023,07000US540239129662956,"Petersburg city (part), Grant district, Grant County, West Virginia",0,0,0,0,0,0,0,0,0
ACSSF,2012e5,wv,000,0036,0000435,070,54,023,07000US540239129699999,"Remainder of Grant district, Grant district, Grant County, West Virginia",1626,1182,1036,146,47,99,444,401,43
ACSSF,2012e5,wv,000,0036,0000436,070,54,023,07000US540239220862956,"Petersburg city (part), Milroy district, Grant County, West Virginia",1150,660,497,163,32,131,490,432,58
ACSSF,2012e5,wv,000,0036,0000437,070,54,023,07000US540239220899999,"Remainder of Milroy district, Milroy district, Grant County, West Virginia",606,427,315,112,60,52,179,172,7
ACSSF,2012e5,wv,000,0036,0000438,070,54,023,07000US540239321604924,"Bayard town, Union district, Grant County, West Virginia",168,125,106,19,7,12,43,39,4
ACSSF,2012e5,wv,000,0036,0000439,070,54,023,07000US540239321699999,"Remainder of Union district, Union district, Grant County, West Virginia",1123,848,732,116,50,66,275,216,59
ACSSF,2012e5,wv,000,0036,0000440,070,54,025,07000US540259044926428,"Fairlea CDP, Central district, Greenbrier County, West Virginia",809,511,320,191,60,131,298,241,57
ACSSF,2012e5,wv,000,0036,0000441,070,54,025,07000US540259044946636,"Lewisburg city, Central district, Greenbrier County, West Virginia",1887,959,815,144,50,94,928,798,130
ACSSF,2012e5,wv,000,0036,0000442,070,54,025,07000US540259044970156,"Ronceverte city (part), Central district, Greenbrier County, West Virginia",391,227,182,45,10,35,164,157,7
ACSSF,2012e5,wv,000,0036,0000443,070,54,025,07000US540259044999999,"Remainder of Central district, Central district, Greenbrier County, West Virginia",2615,1899,1518,381,28,353,716,526,190
ACSSF,2012e5,wv,000,0036,0000444,070,54,025,07000US540259097200772,"Alderson town (part), Eastern district, Greenbrier County, West Virginia",420,260,202,58,20,38,160,140,20
ACSSF,2012e5,wv,000,0036,0000445,070,54,025,07000US540259097226692,"Falling Spring town, Eastern district, Greenbrier County, West Virginia",129,63,49,14,5,9,66,61,5
ACSSF,2012e5,wv,000,0036,0000446,070,54,025,07000US540259097270156,"Ronceverte city (part), Eastern district, Greenbrier County, West Virginia",501,250,185,65,14,51,251,217,34
ACSSF,2012e5,wv,000,0036,0000447,070,54,025,07000US540259097286812,"White Sulphur Springs city, Eastern district, Greenbrier County, West Virginia",1231,763,444,319,121,198,468,436,32
ACSSF,2012e5,wv,000,0036,0000448,070,54,025,07000US540259097299999,"Remainder of Eastern district, Eastern district, Greenbrier County, West Virginia",2835,1906,1378,528,144,384,929,758,171
ACSSF,2012e5,wv,000,0036,0000449,070,54,025,07000US540259360166412,"Quinwood town, Western district, Greenbrier County, West Virginia",154,95,57,38,32,6,59,54,5
ACSSF,2012e5,wv,000,0036,0000450,070,54,025,07000US540259360166652,"Rainelle town, Western district, Greenbrier County, West Virginia",648,379,260,119,25,94,269,234,35
ACSSF,2012e5,wv,000,0036,0000451,070,54,025,07000US540259360170828,"Rupert town, Western district, Greenbrier County, West Virginia",487,332,197,135,40,95,155,112,43
ACSSF,2012e5,wv,000,0036,0000452,070,54,025,07000US540259360199999,"Remainder of Western district, Western district, Greenbrier County, West Virginia",3290,2433,1877,556,212,344,857,779,78
ACSSF,2012e5,wv,000,0036,0000453,070,54,027,07000US540279020413108,"Capon Bridge town (part), Bloomery district, Hampshire County, West Virginia",53,16,12,4,0,4,37,35,2
ACSSF,2012e5,wv,000,0036,0000454,070,54,027,07000US540279020499999,"Remainder of Bloomery district, Bloomery district, Hampshire County, West Virginia",1482,778,705,73,53,20,704,670,34
ACSSF,2012e5,wv,000,0036,0000455,070,54,027,07000US540279036013108,"Capon Bridge town (part), Capon district, Hampshire County, West Virginia",154,77,39,38,0,38,77,64,13
ACSSF,2012e5,wv,000,0036,0000456,070,54,027,07000US540279036099999,"Remainder of Capon district, Capon district, Hampshire County, West Virginia",1163,420,343,77,12,65,743,721,22
ACSSF,2012e5,wv,000,0036,0000457,070,54,027,07000US540279124899999,"Gore district, Gore district, Hampshire County, West Virginia",1956,879,690,189,54,135,1077,1042,35
ACSSF,2012e5,wv,000,0036,0000458,070,54,027,07000US540279218499999,"Mill Creek district, Mill Creek district, Hampshire County, West Virginia",543,272,238,34,0,34,271,251,20
ACSSF,2012e5,wv,000,0036,0000459,070,54,027,07000US540279267670084,"Romney city, Romney district, Hampshire County, West Virginia",976,415,288,127,26,101,561,534,27
ACSSF,2012e5,wv,000,0036,0000460,070,54,027,07000US540279267699999,"Remainder of Romney district, Romney district, Hampshire County, West Virginia",727,397,274,123,17,106,330,305,25
ACSSF,2012e5,wv,000,0036,0000461,070,54,027,07000US540279282099999,"Sherman district, Sherman district, Hampshire County, West Virginia",2187,1074,751,323,22,301,1113,952,161
ACSSF,2012e5,wv,000,0036,0000462,070,54,027,07000US540279298833436,"Green Spring CDP, Springfield district, Hampshire County, West Virginia",93,19,19,0,0,0,74,68,6
ACSSF,2012e5,wv,000,0036,0000463,070,54,027,07000US540279298876084,"Springfield CDP, Springfield district, Hampshire County, West Virginia",188,118,102,16,0,16,70,70,0
ACSSF,2012e5,wv,000,0036,0000464,070,54,027,07000US540279298899999,"Remainder of Springfield district, Springfield district, Hampshire County, West Virginia",1041,552,363,189,34,155,489,447,42
ACSSF,2012e5,wv,000,0036,0000465,070,54,029,07000US540299031285156,"Weirton city (part), Butler district, Hancock County, West Virginia",4396,2886,2262,624,156,468,1510,1397,113
ACSSF,2012e5,wv,000,0036,0000466,070,54,029,07000US540299054058372,"New Cumberland city, Clay district, Hancock County, West Virginia",568,359,208,151,81,70,209,187,22
ACSSF,2012e5,wv,000,0036,0000467,070,54,029,07000US540299054085156,"Weirton city (part), Clay district, Hancock County, West Virginia",2462,1448,835,613,132,481,1014,905,109
ACSSF,2012e5,wv,000,0036,0000468,070,54,029,07000US540299054099999,"Remainder of Clay district, Clay district, Hancock County, West Virginia",1327,1027,823,204,86,118,300,251,49
ACSSF,2012e5,wv,000,0036,0000469,070,54,029,07000US540299130815076,"Chester city, Grant district, Hancock County, West Virginia",1194,691,570,121,42,79,503,464,39
ACSSF,2012e5,wv,000,0036,0000470,070,54,029,07000US540299130858420,"Newell CDP, Grant district, Hancock County, West Virginia",390,281,150,131,89,42,109,91,18
ACSSF,2012e5,wv,000,0036,0000471,070,54,029,07000US540299130899999,"Remainder of Grant district, Grant district, Hancock County, West Virginia",2652,2014,1634,380,117,263,638,556,82
ACSSF,2012e5,wv,000,0036,0000472,070,54,031,07000US540319037284580,"Wardensville town, Capon district, Hardy County, West Virginia",161,67,64,3,3,0,94,56,38
ACSSF,2012e5,wv,000,0036,0000473,070,54,031,07000US540319037299999,"Remainder of Capon district, Capon district, Hardy County, West Virginia",861,509,431,78,27,51,352,306,46
ACSSF,2012e5,wv,000,0036,0000474,070,54,031,07000US540319196899999,"Lost River district, Lost River district, Hardy County, West Virginia",964,620,475,145,112,33,344,314,30
ACSSF,2012e5,wv,000,0036,0000475,070,54,031,07000US540319223255588,"Moorefield town (part), Moorefield district, Hardy County, West Virginia",624,305,204,101,19,82,319,303,16
ACSSF,2012e5,wv,000,0036,0000476,070,54,031,07000US540319223299999,"Remainder of Moorefield district, Moorefield district, Hardy County, West Virginia",136,45,38,7,7,0,91,79,12
ACSSF,2012e5,wv,000,0036,0000477,070,54,031,07000US540319238255588,"Moorefield town (part), Old Fields district, Hardy County, West Virginia",401,153,102,51,18,33,248,237,11
ACSSF,2012e5,wv,000,0036,0000478,070,54,031,07000US540319238299999,"Remainder of Old Fields district, Old Fields district, Hardy County, West Virginia",674,480,419,61,12,49,194,194,0
ACSSF,2012e5,wv,000,0036,0000479,070,54,031,07000US540319292855588,"Moorefield town (part), South Fork district, Hardy County, West Virginia",0,0,0,0,0,0,0,0,0
ACSSF,2012e5,wv,000,0036,0000480,070,54,031,07000US540319292899999,"Remainder of South Fork district, South Fork district, Hardy County, West Virginia",943,677,599,78,62,16,266,236,30
ACSSF,2012e5,wv,000,0036,0000481,070,54,033,07000US540339097501900,"Anmoore town (part), Eastern district, Harrison County, West Virginia",44,35,15,20,0,20,9,3,6
ACSSF,2012e5,wv,000,0036,0000482,070,54,033,07000US540339097510180,"Bridgeport city (part), Eastern district, Harrison County, West Virginia",3098,2249,1885,364,76,288,849,819,30
ACSSF,2012e5,wv,000,0036,0000483,070,54,033,07000US540339097515628,"Clarksburg city (part), Eastern district, Harrison County, West Virginia",15,8,8,0,0,0,7,7,0
ACSSF,2012e5,wv,000,0036,0000484,070,54,033,07000US540339097521316,"Despard CDP (part), Eastern district, Harrison County, West Virginia",290,195,145,50,0,50,95,95,0
ACSSF,2012e5,wv,000,0036,0000485,070,54,033,07000US540339097536628,"Hepzibah CDP, Eastern district, Harrison County, West Virginia",185,146,120,26,0,26,39,39,0
ACSSF,2012e5,wv,000,0036,0000486,070,54,033,07000US540339097575796,"Spelter CDP, Eastern district, Harrison County, West Virginia",178,106,58,48,23,25,72,72,0
ACSSF,2012e5,wv,000,0036,0000487,070,54,033,07000US540339097599999,"Remainder of Eastern district, Eastern district, Harrison County, West Virginia",1141,815,468,347,75,272,326,292,34
ACSSF,2012e5,wv,000,0036,0000488,070,54,033,07000US540339235210180,"Bridgeport city (part), Northern district, Harrison County, West Virginia",0,0,0,0,0,0,0,0,0
ACSSF,2012e5,wv,000,0036,0000489,070,54,033,07000US540339235225516,"Enterprise CDP, Northern district, Harrison County, West Virginia",358,286,208,78,16,62,72,44,28
ACSSF,2012e5,wv,000,0036,0000490,070,54,033,07000US540339235234180,"Gypsy CDP, Northern district, Harrison County, West Virginia",130,37,15,22,17,5,93,77,16
ACSSF,2012e5,wv,000,0036,0000491,070,54,033,07000US540339235249252,"Lumberport town (part), Northern district, Harrison County, West Virginia",433,320,242,78,15,63,113,113,0
ACSSF,2012e5,wv,000,0036,0000492,070,54,033,07000US540339235273636,"Shinnston city, Northern district, Harrison County, West Virginia",1119,761,506,255,62,193,358,346,12
ACSSF,2012e5,wv,000,0036,0000493,070,54,033,07000US540339235299999,"Remainder of Northern district, Northern district, Harrison County, West Virginia",2489,1750,1385,365,81,284,739,635,104
ACSSF,2012e5,wv,000,0036,0000494,070,54,033,07000US540339236815628,"Clarksburg city (part), North Urban district, Harrison County, West Virginia",3063,1679,1114,565,73,492,1384,1158,226
ACSSF,2012e5,wv,000,0036,0000495,070,54,033,07000US540339236821316,"Despard CDP (part), North Urban district, Harrison County, West Virginia",53,34,34,0,0,0,19,19,0
ACSSF,2012e5,wv,000,0036,0000496,070,54,033,07000US540339236849252,"Lumberport town (part), North Urban district, Harrison County, West Virginia",83,72,12,60,32,28,11,2,9
ACSSF,2012e5,wv,000,0036,0000497,070,54,033,07000US540339236899999,"Remainder of North Urban district, North Urban district, Harrison County, West Virginia",1198,890,656,234,75,159,308,279,29
ACSSF,2012e5,wv,000,0036,0000498,070,54,033,07000US540339292301900,"Anmoore town (part), Southern district, Harrison County, West Virginia",323,227,97,130,17,113,96,81,15
ACSSF,2012e5,wv,000,0036,0000499,070,54,033,07000US540339292310180,"Bridgeport city (part), Southern district, Harrison County, West Virginia",180,171,135,36,0,36,9,9,0
ACSSF,2012e5,wv,000,0036,0000500,070,54,033,07000US540339292315628,"Clarksburg city (part), Southern district, Harrison County, West Virginia",323,279,201,78,0,78,44,44,0
ACSSF,2012e5,wv,000,0036,0000501,070,54,033,07000US540339292348748,"Lost Creek town, Southern district, Harrison County, West Virginia",130,106,63,43,4,39,24,22,2
ACSSF,2012e5,wv,000,0036,0000502,070,54,033,07000US540339292359836,"Nutter Fort town (part), Southern district, Harrison County, West Virginia",689,375,287,88,14,74,314,285,29
ACSSF,2012e5,wv,000,0036,0000503,070,54,033,07000US540339292377188,"Stonewood city, Southern district, Harrison County, West Virginia",915,520,391,129,7,122,395,360,35
ACSSF,2012e5,wv,000,0036,0000504,070,54,033,07000US540339292399999,"Remainder of Southern district, Southern district, Harrison County, West Virginia",2653,1996,1655,341,125,216,657,539,118
ACSSF,2012e5,wv,000,0036,0000505,070,54,033,07000US540339293215628,"Clarksburg city (part), South Urban district, Harrison County, West Virginia",3307,2056,1412,644,135,509,1251,1083,168
ACSSF,2012e5,wv,000,0036,0000506,070,54,033,07000US540339293259836,"Nutter Fort town (part), South Urban district, Harrison County, West Virginia",0,0,0,0,0,0,0,0,0
ACSSF,2012e5,wv,000,0036,0000507,070,54,033,07000US540339293299999,"Remainder of South Urban district, South Urban district, Harrison County, West Virginia",1272,788,578,210,0,210,484,447,37
ACSSF,2012e5,wv,000,0036,0000508,070,54,033,07000US540339295271380,"Salem city, Southwest district, Harrison County, West Virginia",700,421,289,132,36,96,279,234,45
ACSSF,2012e5,wv,000,0036,0000509,070,54,033,07000US540339295285924,"West Milford town, Southwest district, Harrison County, West Virginia",341,273,189,84,9,75,68,61,7
ACSSF,2012e5,wv,000,0036,0000510,070,54,033,07000US540339295288276,"Wolf Summit CDP, Southwest district, Harrison County, West Virginia",50,50,42,8,8,0,0,0,0
ACSSF,2012e5,wv,000,0036,0000511,070,54,033,07000US540339295299999,"Remainder of Southwest district, Southwest district, Harrison County, West Virginia",3001,2144,1842,302,76,226,857,728,129
ACSSF,2012e5,wv,000,0036,0000512,070,54,035,07000US540359097668596,"Ripley city (part), Eastern district, Jackson County, West Virginia",1300,719,623,96,40,56,581,463,118
ACSSF,2012e5,wv,000,0036,0000513,070,54,035,07000US540359097699999,"Remainder of Eastern district, Eastern district, Jackson County, West Virginia",2530,1860,1427,433,76,357,670,520,150
ACSSF,2012e5,wv,000,0036,0000514,070,54,035,07000US540359235367108,"Ravenswood city, Northern district, Jackson County, West Virginia",1701,906,604,302,63,239,795,690,105
ACSSF,2012e5,wv,000,0036,0000515,070,54,035,07000US540359235399999,"Remainder of Northern district, Northern district, Jackson County, West Virginia",1773,1357,1181,176,59,117,416,339,77
ACSSF,2012e5,wv,000,0036,0000516,070,54,035,07000US540359360568596,"Ripley city (part), Western district, Jackson County, West Virginia",82,75,17,58,58,0,7,7,0
ACSSF,2012e5,wv,000,0036,0000517,070,54,035,07000US540359360599999,"Remainder of Western district, Western district, Jackson County, West Virginia",4013,2879,2301,578,140,438,1134,956,178
ACSSF,2012e5,wv,000,0036,0000518,070,54,037,07000US540379050414610,"Charles Town city (part), Charles Town district, Jefferson County, West Virginia",1695,1026,819,207,11,196,669,597,72
ACSSF,2012e5,wv,000,0036,0000519,070,54,037,07000US540379050466988,"Ranson corporation (part), Charles Town district, Jefferson County, West Virginia",1420,817,486,331,72,259,603,450,153
ACSSF,2012e5,wv,000,0036,0000520,070,54,037,07000US540379050499999,"Remainder of Charles Town district, Charles Town district, Jefferson County, West Virginia",1400,910,725,185,48,137,490,332,158
ACSSF,2012e5,wv,000,0036,0000521,070,54,037,07000US540379154808932,"Bolivar town, Harpers Ferry district, Jefferson County, West Virginia",470,253,172,81,34,47,217,200,17
ACSSF,2012e5,wv,000,0036,0000522,070,54,037,07000US540379154814610,"Charles Town city (part), Harpers Ferry district, Jefferson County, West Virginia",18,18,18,0,0,0,0,0,0
ACSSF,2012e5,wv,000,0036,0000523,070,54,037,07000US540379154835284,"Harpers Ferry town, Harpers Ferry district, Jefferson County, West Virginia",121,62,62,0,0,0,59,49,10
ACSSF,2012e5,wv,000,0036,0000524,070,54,037,07000US540379154866988,"Ranson corporation (part), Harpers Ferry district, Jefferson County, West Virginia",282,217,101,116,24,92,65,41,24
ACSSF,2012e5,wv,000,0036,0000525,070,54,037,07000US540379154873444,"Shenandoah Junction CDP (part), Harpers Ferry district, Jefferson County, West Virginia",183,183,88,95,23,72,0,0,0
ACSSF,2012e5,wv,000,0036,0000526,070,54,037,07000US540379154899999,"Remainder of Harpers Ferry district, Harpers Ferry district, Jefferson County, West Virginia",2625,1932,1637,295,65,230,693,479,214
ACSSF,2012e5,wv,000,0036,0000527,070,54,037,07000US540379174014610,"Charles Town city (part), Kabletown district, Jefferson County, West Virginia",308,300,263,37,21,16,8,0,8
ACSSF,2012e5,wv,000,0036,0000528,070,54,037,07000US540379174073252,"Shannondale CDP, Kabletown district, Jefferson County, West Virginia",1133,785,636,149,36,113,348,287,61
ACSSF,2012e5,wv,000,0036,0000529,070,54,037,07000US540379174099999,"Remainder of Kabletown district, Kabletown district, Jefferson County, West Virginia",2983,2383,2079,304,80,224,600,503,97
ACSSF,2012e5,wv,000,0036,0000530,070,54,037,07000US540379216014610,"Charles Town city (part), Middleway district, Jefferson County, West Virginia",0,0,0,0,0,0,0,0,0
ACSSF,2012e5,wv,000,0036,0000531,070,54,037,07000US540379216053692,"Middleway CDP, Middleway district, Jefferson County, West Virginia",131,103,83,20,0,20,28,20,8
ACSSF,2012e5,wv,000,0036,0000532,070,54,037,07000US540379216066988,"Ranson corporation (part), Middleway district, Jefferson County, West Virginia",105,81,47,34,0,34,24,24,0
ACSSF,2012e5,wv,000,0036,0000533,070,54,037,07000US540379216073444,"Shenandoah Junction CDP (part), Middleway district, Jefferson County, West Virginia",0,0,0,0,0,0,0,0,0
ACSSF,2012e5,wv,000,0036,0000534,070,54,037,07000US540379216099999,"Remainder of Middleway district, Middleway district, Jefferson County, West Virginia",3529,2601,1973,628,203,425,928,741,187
ACSSF,2012e5,wv,000,0036,0000535,070,54,037,07000US540379276073444,"Shenandoah Junction CDP (part), Shepherdstown district, Jefferson County, West Virginia",0,0,0,0,0,0,0,0,0
ACSSF,2012e5,wv,000,0036,0000536,070,54,037,07000US540379276073468,"Shepherdstown town, Shepherdstown district, Jefferson County, West Virginia",420,239,158,81,18,63,181,91,90
ACSSF,2012e5,wv,000,0036,0000537,070,54,037,07000US540379276099999,"Remainder of Shepherdstown district, Shepherdstown district, Jefferson County, West Virginia",3001,2029,1789,240,160,80,972,672,300
ACSSF,2012e5,wv,000,0036,0000538,070,54,039,07000US540399076805836,"Belle town, District 1, Kanawha County, West Virginia",617,385,233,152,44,108,232,221,11
ACSSF,2012e5,wv,000,0036,0000539,070,54,039,07000US540399076813924,"Cedar Grove town, District 1, Kanawha County, West Virginia",381,270,165,105,32,73,111,87,24
ACSSF,2012e5,wv,000,0036,0000540,070,54,039,07000US540399076814600,"Charleston city (part), District 1, Kanawha County, West Virginia",8256,3571,2386,1185,232,953,4685,4263,422
ACSSF,2012e5,wv,000,0036,0000541,070,54,039,07000US540399076814812,"Chelyan CDP, District 1, Kanawha County, West Virginia",412,146,72,74,36,38,266,211,55
ACSSF,2012e5,wv,000,0036,0000542,070,54,039,07000US540399076815028,"Chesapeake town, District 1, Kanawha County, West Virginia",748,438,269,169,43,126,310,258,52
ACSSF,2012e5,wv,000,0036,0000543,070,54,039,07000US540399076816612,"Coal Fork CDP (part), District 1, Kanawha County, West Virginia",572,361,310,51,0,51,211,154,57
ACSSF,2012e5,wv,000,0036,0000544,070,54,039,07000US540399076823092,"East Bank town, District 1, Kanawha County, West Virginia",442,337,225,112,25,87,105,95,10
ACSSF,2012e5,wv,000,0036,0000545,070,54,039,07000US540399076831324,"Glasgow town, District 1, Kanawha County, West Virginia",254,202,150,52,26,26,52,52,0
ACSSF,2012e5,wv,000,0036,0000546,070,54,039,07000US540399076834756,"Handley town, District 1, Kanawha County, West Virginia",130,76,60,16,10,6,54,45,9
ACSSF,2012e5,wv,000,0036,0000547,070,54,039,07000US540399076851724,"Marmet city, District 1, Kanawha County, West Virginia",679,432,282,150,25,125,247,216,31
ACSSF,2012e5,wv,000,0036,0000548,070,54,039,07000US540399076855468,"Montgomery city (part), District 1, Kanawha County, West Virginia",307,180,113,67,16,51,127,102,25
ACSSF,2012e5,wv,000,0036,0000549,070,54,039,07000US540399076865356,"Pratt town, District 1, Kanawha County, West Virginia",184,144,95,49,14,35,40,28,12
ACSSF,2012e5,wv,000,0036,0000550,070,54,039,07000US540399076866892,"Rand CDP, District 1, Kanawha County, West Virginia",556,262,133,129,40,89,294,246,48
ACSSF,2012e5,wv,000,0036,0000551,070,54,039,07000US540399076873876,"Shrewsbury CDP, District 1, Kanawha County, West Virginia",245,186,127,59,0,59,59,48,11
ACSSF,2012e5,wv,000,0036,0000552,070,54,039,07000US540399076874740,"Smithers city (part), District 1, Kanawha County, West Virginia",0,0,0,0,0,0,0,0,0
ACSSF,2012e5,wv,000,0036,0000553,070,54,039,07000US540399076899999,"District Remainder of 1, District 1, Kanawha County, West Virginia",5656,3921,2928,993,231,762,1735,1367,368
ACSSF,2012e5,wv,000,0036,0000554,070,54,039,07000US540399080401396,"Alum Creek CDP (part), District 2, Kanawha County, West Virginia",262,88,70,18,0,18,174,133,41
ACSSF,2012e5,wv,000,0036,0000555,070,54,039,07000US540399080414600,"Charleston city (part), District 2, Kanawha County, West Virginia",8605,5398,4212,1186,328,858,3207,2814,393
ACSSF,2012e5,wv,000,0036,0000556,070,54,039,07000US540399080422564,"Dunbar city (part), District 2, Kanawha County, West Virginia",3487,2057,1180,877,169,708,1430,1216,214
ACSSF,2012e5,wv,000,0036,0000557,070,54,039,07000US540399080441010,"Jefferson CDP (part), District 2, Kanawha County, West Virginia",238,147,85,62,32,30,91,85,6
ACSSF,2012e5,wv,000,0036,0000558,070,54,039,07000US540399080471212,"St. Albans city (part), District 2, Kanawha County, West Virginia",65,38,38,0,0,0,27,27,0
ACSSF,2012e5,wv,000,0036,0000559,070,54,039,07000US540399080475292,"South Charleston city, District 2, Kanawha County, West Virginia",6308,3645,2533,1112,172,940,2663,2514,149
ACSSF,2012e5,wv,000,0036,0000560,070,54,039,07000US540399080499999,"District Remainder of 2, District 2, Kanawha County, West Virginia",3432,2322,1932,390,125,265,1110,848,262
ACSSF,2012e5,wv,000,0036,0000561,070,54,039,07000US540399084019108,"Cross Lanes CDP, District 3, Kanawha County, West Virginia",4051,2335,1804,531,106,425,1716,1350,366
ACSSF,2012e5,wv,000,0036,0000562,070,54,039,07000US540399084022564,"Dunbar city (part), District 3, Kanawha County, West Virginia",20,20,3,17,17,0,0,0,0
ACSSF,2012e5,wv,000,0036,0000563,070,54,039,07000US540399084041010,"Jefferson CDP (part), District 3, Kanawha County, West Virginia",0,0,0,0,0,0,0,0,0
ACSSF,2012e5,wv,000,0036,0000564,070,54,039,07000US540399084059068,"Nitro city (part), District 3, Kanawha County, West Virginia",2493,1596,1163,433,174,259,897,695,202
ACSSF,2012e5,wv,000,0036,0000565,070,54,039,07000US540399084071212,"St. Albans city (part), District 3, Kanawha County, West Virginia",4706,2944,2170,774,284,490,1762,1570,192
ACSSF,2012e5,wv,000,0036,0000566,070,54,039,07000US540399084074356,"Sissonville CDP (part), District 3, Kanawha County, West Virginia",346,257,205,52,0,52,89,89,0
ACSSF,2012e5,wv,000,0036,0000567,070,54,039,07000US540399084082180,"Upper Falls CDP, District 3, Kanawha County, West Virginia",1525,1068,881,187,12,175,457,429,28
ACSSF,2012e5,wv,000,0036,0000568,070,54,039,07000US540399084099999,"District Remainder of 3, District 3, Kanawha County, West Virginia",7369,4948,3757,1191,316,875,2421,2054,367
ACSSF,2012e5,wv,000,0036,0000569,070,54,039,07000US540399087607204,"Big Chimney CDP, District 4, Kanawha County, West Virginia",226,109,109,0,0,0,117,117,0
ACSSF,2012e5,wv,000,0036,0000570,070,54,039,07000US540399087614600,"Charleston city (part), District 4, Kanawha County, West Virginia",6622,3296,2014,1282,279,1003,3326,2756,570
ACSSF,2012e5,wv,000,0036,0000571,070,54,039,07000US540399087616012,"Clendenin town, District 4, Kanawha County, West Virginia",467,348,260,88,11,77,119,105,14
ACSSF,2012e5,wv,000,0036,0000572,070,54,039,07000US540399087616612,"Coal Fork CDP (part), District 4, Kanawha County, West Virginia",4,0,0,0,0,0,4,4,0
ACSSF,2012e5,wv,000,0036,0000573,070,54,039,07000US540399087624748,"Elkview CDP, District 4, Kanawha County, West Virginia",513,353,261,92,20,72,160,131,29
ACSSF,2012e5,wv,000,0036,0000574,070,54,039,07000US540399087663772,"Pinch CDP, District 4, Kanawha County, West Virginia",1215,860,687,173,11,162,355,259,96
ACSSF,2012e5,wv,000,0036,0000575,070,54,039,07000US540399087674356,"Sissonville CDP (part), District 4, Kanawha County, West Virginia",1864,1339,1104,235,15,220,525,458,67
ACSSF,2012e5,wv,000,0036,0000576,070,54,039,07000US540399087699999,"District Remainder of 4, District 4, Kanawha County, West Virginia",9704,6611,5191,1420,472,948,3093,2730,363
ACSSF,2012e5,wv,000,0036,0000577,070,54,041,07000US540419067685972,"Weston city (part), Courthouse-Collins Settlement district, Lewis County, West Virginia",818,530,359,171,36,135,288,270,18
ACSSF,2012e5,wv,000,0036,0000578,070,54,041,07000US540419067699999,"Remainder of Courthouse-Collins Settlement district, Courthouse-Collins Settlement district, Lewis County, West Virginia",1294,833,719,114,44,70,461,340,121
ACSSF,2012e5,wv,000,0036,0000579,070,54,041,07000US540419117685972,"Weston city (part), Freemans Creek district, Lewis County, West Virginia",522,248,197,51,18,33,274,232,42
ACSSF,2012e5,wv,000,0036,0000580,070,54,041,07000US540419117699999,"Remainder of Freemans Creek district, Freemans Creek district, Lewis County, West Virginia",1551,1077,875,202,72,130,474,407,67
ACSSF,2012e5,wv,000,0036,0000581,070,54,041,07000US540419148040828,"Jane Lew town, Hackers Creek-Skin Creek district, Lewis County, West Virginia",247,108,84,24,0,24,139,131,8
ACSSF,2012e5,wv,000,0036,0000582,070,54,041,07000US540419148085972,"Weston city (part), Hackers Creek-Skin Creek district, Lewis County, West Virginia",297,201,145,56,12,44,96,72,24
ACSSF,2012e5,wv,000,0036,0000583,070,54,041,07000US540419148099999,"Remainder of Hackers Creek-Skin Creek district, Hackers Creek-Skin Creek district, Lewis County, West Virginia",1841,1297,1042,255,65,190,544,477,67
ACSSF,2012e5,wv,000,0036,0000584,070,54,043,07000US540439038434516,"Hamlin town, Carroll district, Lincoln County, West Virginia",519,336,201,135,34,101,183,166,17
ACSSF,2012e5,wv,000,0036,0000585,070,54,043,07000US540439038499999,"Remainder of Carroll district, Carroll district, Lincoln County, West Virginia",968,766,666,100,7,93,202,202,0
ACSSF,2012e5,wv,000,0036,0000586,070,54,043,07000US540439096099999,"Duval district, Duval district, Lincoln County, West Virginia",1567,1374,1150,224,9,215,193,181,12
ACSSF,2012e5,wv,000,0036,0000587,070,54,043,07000US540439157235596,"Harts CDP, Harts Creek district, Lincoln County, West Virginia",278,205,117,88,13,75,73,73,0
ACSSF,2012e5,wv,000,0036,0000588,070,54,043,07000US540439157299999,"Remainder of Harts Creek district, Harts Creek district, Lincoln County, West Virginia",1143,819,682,137,39,98,324,295,29
ACSSF,2012e5,wv,000,0036,0000589,070,54,043,07000US540439181299999,"Laurel Hill district, Laurel Hill district, Lincoln County, West Virginia",781,548,377,171,65,106,233,189,44
ACSSF,2012e5,wv,000,0036,0000590,070,54,043,07000US540439278485804,"West Hamlin town, Sheridan district, Lincoln County, West Virginia",483,273,168,105,14,91,210,210,0
ACSSF,2012e5,wv,000,0036,0000591,070,54,043,07000US540439278499999,"Remainder of Sheridan district, Sheridan district, Lincoln County, West Virginia",1534,1117,730,387,180,207,417,371,46
ACSSF,2012e5,wv,000,0036,0000592,070,54,043,07000US540439351601396,"Alum Creek CDP (part), Washington district, Lincoln County, West Virginia",496,418,248,170,75,95,78,78,0
ACSSF,2012e5,wv,000,0036,0000593,070,54,043,07000US540439351699999,"Remainder of Washington district, Washington district, Lincoln County, West Virginia",731,413,343,70,10,60,318,286,32
ACSSF,2012e5,wv,000,0036,0000594,070,54,045,07000US540459045336484,"Henlawson CDP, Central district, Logan County, West Virginia",99,84,84,0,0,0,15,15,0
ACSSF,2012e5,wv,000,0036,0000595,070,54,045,07000US540459045348148,"Logan city, Central district, Logan County, West Virginia",983,540,343,197,37,160,443,355,88
ACSSF,2012e5,wv,000,0036,0000596,070,54,045,07000US540459045349732,"McConnell CDP, Central district, Logan County, West Virginia",223,188,188,0,0,0,35,35,0
ACSSF,2012e5,wv,000,0036,0000597,070,54,045,07000US540459045354892,"Mitchell Heights town, Central district, Logan County, West Virginia",170,119,104,15,2,13,51,51,0
ACSSF,2012e5,wv,000,0036,0000598,070,54,045,07000US540459045356342,"Mount Gay-Shamrock CDP (part), Central district, Logan County, West Virginia",643,447,342,105,46,59,196,137,59
ACSSF,2012e5,wv,000,0036,0000599,070,54,045,07000US540459045357916,"Neibert CDP, Central district, Logan County, West Virginia",47,47,33,14,0,14,0,0,0
ACSSF,2012e5,wv,000,0036,0000600,070,54,045,07000US540459045376996,"Stollings CDP, Central district, Logan County, West Virginia",186,158,131,27,0,27,28,28,0
ACSSF,2012e5,wv,000,0036,0000601,070,54,045,07000US540459045383332,"Verdunville CDP (part), Central district, Logan County, West Virginia",55,41,20,21,0,21,14,0,14
ACSSF,2012e5,wv,000,0036,0000602,070,54,045,07000US540459045385900,"West Logan town, Central district, Logan County, West Virginia",215,116,70,46,4,42,99,92,7
ACSSF,2012e5,wv,000,0036,0000603,070,54,045,07000US540459045399999,"Remainder of Central district, Central district, Logan County, West Virginia",1989,1387,947,440,257,183,602,555,47
ACSSF,2012e5,wv,000,0036,0000604,070,54,045,07000US540459097900196,"Accoville CDP, Eastern district, Logan County, West Virginia",184,146,139,7,7,0,38,38,0
ACSSF,2012e5,wv,000,0036,0000605,070,54,045,07000US540459097901660,"Amherstdale CDP, Eastern district, Logan County, West Virginia",105,50,37,13,0,13,55,55,0
ACSSF,2012e5,wv,000,0036,0000606,070,54,045,07000US540459097907228,"Big Creek CDP, Eastern district, Logan County, West Virginia",44,44,31,13,0,13,0,0,0
ACSSF,2012e5,wv,000,0036,0000607,070,54,045,07000US540459097910876,"Bruno CDP, Eastern district, Logan County, West Virginia",171,156,135,21,0,21,15,15,0
ACSSF,2012e5,wv,000,0036,0000608,070,54,045,07000US540459097914524,"Chapmanville town (part), Eastern district, Logan County, West Virginia",623,402,289,113,3,110,221,205,16
ACSSF,2012e5,wv,000,0036,0000609,070,54,045,07000US540459097944188,"Kistler CDP, Eastern district, Logan County, West Virginia",187,113,50,63,0,63,74,57,17
ACSSF,2012e5,wv,000,0036,0000610,070,54,045,07000US540459097950860,"Mallory CDP, Eastern district, Logan County, West Virginia",574,363,282,81,28,53,211,211,0
ACSSF,2012e5,wv,000,0036,0000611,070,54,045,07000US540459097950932,"Man town (part), Eastern district, Logan County, West Virginia",618,406,306,100,9,91,212,181,31
ACSSF,2012e5,wv,000,0036,0000612,070,54,045,07000US540459097969100,"Robinette CDP, Eastern district, Logan County, West Virginia",197,159,123,36,0,36,38,24,14
ACSSF,2012e5,wv,000,0036,0000613,070,54,045,07000US540459097999999,"Remainder of Eastern district, Eastern district, Logan County, West Virginia",2916,2245,1693,552,211,341,671,507,164
ACSSF,2012e5,wv,000,0036,0000614,070,54,045,07000US540459360814524,"Chapmanville town (part), Western district, Logan County, West Virginia",35,18,18,0,0,0,17,0,17
ACSSF,2012e5,wv,000,0036,0000615,070,54,045,07000US540459360814716,"Chauncey CDP, Western district, Logan County, West Virginia",86,86,64,22,0,22,0,0,0
ACSSF,2012e5,wv,000,0036,0000616,070,54,045,07000US540459360837948,"Holden CDP, Western district, Logan County, West Virginia",293,261,200,61,10,51,32,32,0
ACSSF,2012e5,wv,000,0036,0000617,070,54,045,07000US540459360850932,"Man town (part), Western district, Logan County, West Virginia",234,166,142,24,0,24,68,47,21
ACSSF,2012e5,wv,000,0036,0000618,070,54,045,07000US540459360855132,"Monaville CDP, Western district, Logan County, West Virginia",97,65,65,0,0,0,32,32,0
ACSSF,2012e5,wv,000,0036,0000619,070,54,045,07000US540459360856342,"Mount Gay-Shamrock CDP (part), Western district, Logan County, West Virginia",0,0,0,0,0,0,0,0,0
ACSSF,2012e5,wv,000,0036,0000620,070,54,045,07000US540459360860628,"Omar CDP, Western district, Logan County, West Virginia",298,236,156,80,12,68,62,62,0
ACSSF,2012e5,wv,000,0036,0000621,070,54,045,07000US540459360870468,"Rossmore CDP, Western district, Logan County, West Virginia",147,101,66,35,19,16,46,0,46
ACSSF,2012e5,wv,000,0036,0000622,070,54,045,07000US540459360872004,"Sarah Ann CDP, Western district, Logan County, West Virginia",47,13,13,0,0,0,34,23,11
ACSSF,2012e5,wv,000,0036,0000623,070,54,045,07000US540459360878796,"Switzer CDP, Western district, Logan County, West Virginia",276,177,159,18,18,0,99,99,0
ACSSF,2012e5,wv,000,0036,0000624,070,54,045,07000US540459360883332,"Verdunville CDP (part), Western district, Logan County, West Virginia",196,100,70,30,0,30,96,25,71
ACSSF,2012e5,wv,000,0036,0000625,070,54,045,07000US540459360899999,"Remainder of Western district, Western district, Logan County, West Virginia",2864,2098,1587,511,174,337,766,680,86
ACSSF,2012e5,wv,000,0036,0000626,070,54,047,07000US540479016804732,"Bartley CDP, Big Creek district, McDowell County, West Virginia",76,60,14,46,22,24,16,16,0
ACSSF,2012e5,wv,000,0036,0000627,070,54,047,07000US540479016806748,"Berwind CDP, Big Creek district, McDowell County, West Virginia",97,62,54,8,0,8,35,22,13
ACSSF,2012e5,wv,000,0036,0000628,070,54,047,07000US540479016819492,"Cucumber CDP, Big Creek district, McDowell County, West Virginia",0,0,0,0,0,0,0,0,0
ACSSF,2012e5,wv,000,0036,0000629,070,54,047,07000US540479016867228,"Raysal CDP (part), Big Creek district, McDowell County, West Virginia",24,24,24,0,0,0,0,0,0
ACSSF,2012e5,wv,000,0036,0000630,070,54,047,07000US540479016884484,"War city, Big Creek district, McDowell County, West Virginia",355,226,162,64,27,37,129,96,33
ACSSF,2012e5,wv,000,0036,0000631,070,54,047,07000US540479016899999,"Remainder of Big Creek district, Big Creek district, McDowell County, West Virginia",1733,1112,826,286,63,223,621,540,81
ACSSF,2012e5,wv,000,0036,0000632,070,54,047,07000US540479024007516,"Big Sandy CDP, Browns Creek district, McDowell County, West Virginia",33,33,33,0,0,0,0,0,0
ACSSF,2012e5,wv,000,0036,0000633,070,54,047,07000US540479024020500,"Davy town, Browns Creek district, McDowell County, West Virginia",118,83,73,10,2,8,35,31,4
ACSSF,2012e5,wv,000,0036,0000634,070,54,047,07000US540479024043780,"Kimball town, Browns Creek district, McDowell County, West Virginia",130,111,68,43,6,37,19,19,0
ACSSF,2012e5,wv,000,0036,0000635,070,54,047,07000US540479024069844,"Roderfield CDP (part), Browns Creek district, McDowell County, West Virginia",0,0,0,0,0,0,0,0,0
ACSSF,2012e5,wv,000,0036,0000636,070,54,047,07000US540479024083764,"Vivian CDP, Browns Creek district, McDowell County, West Virginia",0,0,0,0,0,0,0,0,0
ACSSF,2012e5,wv,000,0036,0000637,070,54,047,07000US540479024085228,"Welch city (part), Browns Creek district, McDowell County, West Virginia",875,524,353,171,38,133,351,325,26
ACSSF,2012e5,wv,000,0036,0000638,070,54,047,07000US540479024099999,"Remainder of Browns Creek district, Browns Creek district, McDowell County, West Virginia",905,567,409,158,91,67,338,262,76
ACSSF,2012e5,wv,000,0036,0000639,070,54,047,07000US540479234501780,"Anawalt town, North Elkin district, McDowell County, West Virginia",142,103,63,40,9,31,39,39,0
ACSSF,2012e5,wv,000,0036,0000640,070,54,047,07000US540479234519324,"Crumpler CDP, North Elkin district, McDowell County, West Virginia",100,90,63,27,16,11,10,10,0
ACSSF,2012e5,wv,000,0036,0000641,070,54,047,07000US540479234530196,"Gary city, North Elkin district, McDowell County, West Virginia",384,254,161,93,8,85,130,118,12
ACSSF,2012e5,wv,000,0036,0000642,070,54,047,07000US540479234543516,"Keystone city, North Elkin district, McDowell County, West Virginia",139,80,40,40,9,31,59,59,0
ACSSF,2012e5,wv,000,0036,0000643,070,54,047,07000US540479234552588,"Maybeury CDP, North Elkin district, McDowell County, West Virginia",77,28,13,15,6,9,49,42,7
ACSSF,2012e5,wv,000,0036,0000644,070,54,047,07000US540479234559428,"Northfork town, North Elkin district, McDowell County, West Virginia",262,133,88,45,6,39,129,111,18
ACSSF,2012e5,wv,000,0036,0000645,070,54,047,07000US540479234561684,"Pageton CDP, North Elkin district, McDowell County, West Virginia",42,18,13,5,0,5,24,24,0
ACSSF,2012e5,wv,000,0036,0000646,070,54,047,07000US540479234585228,"Welch city (part), North Elkin district, McDowell County, West Virginia",0,0,0,0,0,0,0,0,0
ACSSF,2012e5,wv,000,0036,0000647,070,54,047,07000US540479234599999,"Remainder of North Elkin district, North Elkin district, McDowell County, West Virginia",744,568,437,131,30,101,176,148,28
ACSSF,2012e5,wv,000,0036,0000648,070,54,047,07000US540479271209700,"Bradshaw town, Sandy River district, McDowell County, West Virginia",164,111,97,14,4,10,53,53,0
ACSSF,2012e5,wv,000,0036,0000649,070,54,047,07000US540479271239652,"Iaeger town, Sandy River district, McDowell County, West Virginia",131,84,73,11,2,9,47,46,1
ACSSF,2012e5,wv,000,0036,0000650,070,54,047,07000US540479271267228,"Raysal CDP (part), Sandy River district, McDowell County, West Virginia",95,65,55,10,0,10,30,30,0
ACSSF,2012e5,wv,000,0036,0000651,070,54,047,07000US540479271269844,"Roderfield CDP (part), Sandy River district, McDowell County, West Virginia",41,11,11,0,0,0,30,30,0
ACSSF,2012e5,wv,000,0036,0000652,070,54,047,07000US540479271299999,"Remainder of Sandy River district, Sandy River district, McDowell County, West Virginia",1681,1157,882,275,106,169,524,452,72
ACSSF,2012e5,wv,000,0036,0000653,070,54,049,07000US540499215404612,"Barrackville town, Middletown district, Marion County, West Virginia",543,362,287,75,16,59,181,164,17
ACSSF,2012e5,wv,000,0036,0000654,070,54,049,07000US540499215426452,"Fairmont city (part), Middletown district, Marion County, West Virginia",5541,2899,1988,911,213,698,2642,2002,640
ACSSF,2012e5,wv,000,0036,0000655,070,54,049,07000US540499215464228,"Pleasant Valley city (part), Middletown district, Marion County, West Virginia",0,0,0,0,0,0,0,0,0
ACSSF,2012e5,wv,000,0036,0000656,070,54,049,07000US540499215499999,"Remainder of Middletown district, Middletown district, Marion County, West Virginia",1029,717,598,119,0,119,312,239,73
ACSSF,2012e5,wv,000,0036,0000657,070,54,049,07000US540499241826452,"Fairmont city (part), Palatine district, Marion County, West Virginia",2367,1541,1085,456,128,328,826,744,82
ACSSF,2012e5,wv,000,0036,0000658,070,54,049,07000US540499241864228,"Pleasant Valley city (part), Palatine district, Marion County, West Virginia",1350,849,606,243,63,180,501,441,60
ACSSF,2012e5,wv,000,0036,0000659,070,54,049,07000US540499241886620,"White Hall town, Palatine district, Marion County, West Virginia",290,159,128,31,5,26,131,112,19
ACSSF,2012e5,wv,000,0036,0000660,070,54,049,07000US540499241888708,"Worthington town (part), Palatine district, Marion County, West Virginia",0,0,0,0,0,0,0,0,0
ACSSF,2012e5,wv,000,0036,0000661,070,54,049,07000US540499241899999,"Remainder of Palatine district, Palatine district, Marion County, West Virginia",5015,3629,2813,816,157,659,1386,1247,139
ACSSF,2012e5,wv,000,0036,0000662,070,54,049,07000US540499359413468,"Carolina CDP, West Augusta district, Marion County, West Virginia",158,148,125,23,23,0,10,10,0
ACSSF,2012e5,wv,000,0036,0000663,070,54,049,07000US540499359426524,"Fairview town, West Augusta district, Marion County, West Virginia",159,94,67,27,14,13,65,53,12
ACSSF,2012e5,wv,000,0036,0000664,070,54,049,07000US540499359426932,"Farmington town, West Augusta district, Marion County, West Virginia",203,137,98,39,13,26,66,49,17
ACSSF,2012e5,wv,000,0036,0000665,070,54,049,07000US540499359432908,"Grant Town town, West Augusta district, Marion County, West Virginia",222,143,109,34,8,26,79,77,2
ACSSF,2012e5,wv,000,0036,0000666,070,54,049,07000US540499359439676,"Idamay CDP, West Augusta district, Marion County, West Virginia",108,76,64,12,0,12,32,32,0
ACSSF,2012e5,wv,000,0036,0000667,070,54,049,07000US540499359451100,"Mannington city, West Augusta district, Marion County, West Virginia",770,557,379,178,82,96,213,180,33
ACSSF,2012e5,wv,000,0036,0000668,070,54,049,07000US540499359455276,"Monongah town, West Augusta district, Marion County, West Virginia",538,400,251,149,43,106,138,126,12
ACSSF,2012e5,wv,000,0036,0000669,070,54,049,07000US540499359466460,"Rachel CDP, West Augusta district, Marion County, West Virginia",109,109,92,17,17,0,0,0,0
ACSSF,2012e5,wv,000,0036,0000670,070,54,049,07000US540499359468908,"Rivesville town, West Augusta district, Marion County, West Virginia",498,326,246,80,22,58,172,165,7
ACSSF,2012e5,wv,000,0036,0000671,070,54,049,07000US540499359488708,"Worthington town (part), West Augusta district, Marion County, West Virginia",132,69,57,12,0,12,63,63,0
ACSSF,2012e5,wv,000,0036,0000672,070,54,049,07000US540499359499999,"Remainder of West Augusta district, West Augusta district, Marion County, West Virginia",3729,2725,2182,543,179,364,1004,809,195
ACSSF,2012e5,wv,000,0036,0000673,070,54,051,07000US540519078006340,"Benwood city, District 1, Marshall County, West Virginia",612,344,215,129,25,104,268,248,20
ACSSF,2012e5,wv,000,0036,0000674,070,54,051,07000US540519078050260,"McMechen city, District 1, Marshall County, West Virginia",777,415,310,105,46,59,362,355,7
ACSSF,2012e5,wv,000,0036,0000675,070,54,051,07000US540519078086452,"Wheeling city (part), District 1, Marshall County, West Virginia",152,128,95,33,8,25,24,24,0
ACSSF,2012e5,wv,000,0036,0000676,070,54,051,07000US540519078099999,"District Remainder of 1, District 1, Marshall County, West Virginia",2939,2205,1876,329,65,264,734,598,136
ACSSF,2012e5,wv,000,0036,0000677,070,54,051,07000US540519081656020,"Moundsville city, District 2, Marshall County, West Virginia",4461,2600,1725,875,312,563,1861,1635,226
ACSSF,2012e5,wv,000,0036,0000678,070,54,051,07000US540519081699999,"District Remainder of 2, District 2, Marshall County, West Virginia",291,241,241,0,0,0,50,36,14
ACSSF,2012e5,wv,000,0036,0000679,070,54,051,07000US540519085212484,"Cameron city, District 3, Marshall County, West Virginia",391,259,217,42,16,26,132,111,21
ACSSF,2012e5,wv,000,0036,0000680,070,54,051,07000US540519085231492,"Glen Dale city, District 3, Marshall County, West Virginia",700,491,369,122,48,74,209,191,18
ACSSF,2012e5,wv,000,0036,0000681,070,54,051,07000US540519085299999,"District Remainder of 3, District 3, Marshall County, West Virginia",3745,2785,2344,441,203,238,960,798,162
ACSSF,2012e5,wv,000,0036,0000682,070,54,053,07000US540539004899999,"Arbuckle district, Arbuckle district, Mason County, West Virginia",377,340,245,95,50,45,37,37,0
ACSSF,2012e5,wv,000,0036,0000683,070,54,053,07000US540539061202188,"Apple Grove CDP (part), Clendenin district, Mason County, West Virginia",64,26,26,0,0,0,38,38,0
ACSSF,2012e5,wv,000,0036,0000684,070,54,053,07000US540539061229716,"Gallipolis Ferry CDP, Clendenin district, Mason County, West Virginia",444,345,263,82,37,45,99,89,10
ACSSF,2012e5,wv,000,0036,0000685,070,54,053,07000US540539061236436,"Henderson town, Clendenin district, Mason County, West Virginia",84,51,41,10,2,8,33,30,3
ACSSF,2012e5,wv,000,0036,0000686,070,54,053,07000US540539061299999,"Remainder of Clendenin district, Clendenin district, Mason County, West Virginia",934,622,500,122,28,94,312,197,115
ACSSF,2012e5,wv,000,0036,0000687,070,54,053,07000US540539064846300,"Leon town, Cologne district, Mason County, West Virginia",55,41,35,6,2,4,14,11,3
ACSSF,2012e5,wv,000,0036,0000688,070,54,053,07000US540539064899999,"Remainder of Cologne district, Cologne district, Mason County, West Virginia",633,410,272,138,40,98,223,203,20
ACSSF,2012e5,wv,000,0036,0000689,070,54,053,07000US540539066099999,"Cooper district, Cooper district, Mason County, West Virginia",734,565,462,103,10,93,169,120,49
ACSSF,2012e5,wv,000,0036,0000690,070,54,053,07000US540539126035500,"Hartford City town (part), Graham district, Mason County, West Virginia",131,102,81,21,6,15,29,24,5
ACSSF,2012e5,wv,000,0036,0000691,070,54,053,07000US540539126058564,"New Haven town, Graham district, Mason County, West Virginia",706,462,343,119,19,100,244,235,9
ACSSF,2012e5,wv,000,0036,0000692,070,54,053,07000US540539126099999,"Remainder of Graham district, Graham district, Mason County, West Virginia",338,265,213,52,29,23,73,60,13
ACSSF,2012e5,wv,000,0036,0000693,070,54,053,07000US540539151202188,"Apple Grove CDP (part), Hannan district, Mason County, West Virginia",10,10,10,0,0,0,0,0,0
ACSSF,2012e5,wv,000,0036,0000694,070,54,053,07000US540539151299999,"Remainder of Hannan district, Hannan district, Mason County, West Virginia",918,576,496,80,0,80,342,305,37
ACSSF,2012e5,wv,000,0036,0000695,070,54,053,07000US540539186064708,"Point Pleasant city (part), Lewis district, Mason County, West Virginia",1669,1054,807,247,32,215,615,528,87
ACSSF,2012e5,wv,000,0036,0000696,070,54,053,07000US540539186099999,"Remainder of Lewis district, Lewis district, Mason County, West Virginia",629,467,403,64,0,64,162,162,0
ACSSF,2012e5,wv,000,0036,0000697,070,54,053,07000US540539265264708,"Point Pleasant city (part), Robinson district, Mason County, West Virginia",104,66,66,0,0,0,38,38,0
ACSSF,2012e5,wv,000,0036,0000698,070,54,053,07000US540539265299999,"Remainder of Robinson district, Robinson district, Mason County, West Virginia",1064,609,455,154,0,154,455,344,111
ACSSF,2012e5,wv,000,0036,0000699,070,54,053,07000US540539326499999,"Union district, Union district, Mason County, West Virginia",446,374,324,50,0,50,72,64,8
ACSSF,2012e5,wv,000,0036,0000700,070,54,053,07000US540539343235500,"Hartford City town (part), Waggener district, Mason County, West Virginia",126,96,51,45,12,33,30,25,5
ACSSF,2012e5,wv,000,0036,0000701,070,54,053,07000US540539343252180,"Mason town, Waggener district, Mason County, West Virginia",447,310,176,134,25,109,137,123,14
ACSSF,2012e5,wv,000,0036,0000702,070,54,053,07000US540539343299999,"Remainder of Waggener district, Waggener district, Mason County, West Virginia",468,297,216,81,0,81,171,131,40
ACSSF,2012e5,wv,000,0036,0000703,070,54,055,07000US540559090008524,"Bluefield city (part), District I, Mercer County, West Virginia",4746,2781,2130,651,110,541,1965,1799,166
ACSSF,2012e5,wv,000,0036,0000704,070,54,055,07000US540559090008764,"Bluewell CDP, District I, Mercer County, West Virginia",901,556,455,101,39,62,345,246,99
ACSSF,2012e5,wv,000,0036,0000705,070,54,055,07000US540559090009796,"Bramwell town, District I, Mercer County, West Virginia",189,154,99,55,13,42,35,35,0
ACSSF,2012e5,wv,000,0036,0000706,070,54,055,07000US540559090010948,"Brush Fork CDP, District I, Mercer County, West Virginia",429,287,150,137,38,99,142,94,48
ACSSF,2012e5,wv,000,0036,0000707,070,54,055,07000US540559090099999,"District Remainder of I, District I, Mercer County, West Virginia",1787,1247,1017,230,51,179,540,436,104
ACSSF,2012e5,wv,000,0036,0000708,070,54,055,07000US540559091265692,"Princeton city (part), District II, Mercer County, West Virginia",2856,1673,1195,478,165,313,1183,986,197
ACSSF,2012e5,wv,000,0036,0000709,070,54,055,07000US540559091299999,"District Remainder of II, District II, Mercer County, West Virginia",7083,4370,3402,968,261,707,2713,2511,202
ACSSF,2012e5,wv,000,0036,0000710,070,54,055,07000US540559092403292,"Athens town, District III, Mercer County, West Virginia",236,105,95,10,0,10,131,78,53
ACSSF,2012e5,wv,000,0036,0000711,070,54,055,07000US540559092408524,"Bluefield city (part), District III, Mercer County, West Virginia",0,0,0,0,0,0,0,0,0
ACSSF,2012e5,wv,000,0036,0000712,070,54,055,07000US540559092445292,"Lashmeet CDP, District III, Mercer County, West Virginia",100,94,70,24,0,24,6,6,0
ACSSF,2012e5,wv,000,0036,0000713,070,54,055,07000US540559092452420,"Matoaka town, District III, Mercer County, West Virginia",110,57,34,23,14,9,53,49,4
ACSSF,2012e5,wv,000,0036,0000714,070,54,055,07000US540559092455372,"Montcalm CDP, District III, Mercer County, West Virginia",201,91,79,12,0,12,110,110,0
ACSSF,2012e5,wv,000,0036,0000715,070,54,055,07000US540559092460196,"Oakvale town, District III, Mercer County, West Virginia",44,30,26,4,0,4,14,9,5
ACSSF,2012e5,wv,000,0036,0000716,070,54,055,07000US540559092465692,"Princeton city (part), District III, Mercer County, West Virginia",23,0,0,0,0,0,23,23,0
ACSSF,2012e5,wv,000,0036,0000717,070,54,055,07000US540559092499999,"District Remainder of III, District III, Mercer County, West Virginia",7079,4949,4125,824,203,621,2130,1732,398
ACSSF,2012e5,wv,000,0036,0000718,070,54,057,07000US540579078411620,"Burlington CDP, District 1, Mineral County, West Virginia",16,16,16,0,0,0,0,0,0
ACSSF,2012e5,wv,000,0036,0000719,070,54,057,07000US540579078424484,"Elk Garden town, District 1, Mineral County, West Virginia",102,50,38,12,2,10,52,50,2
ACSSF,2012e5,wv,000,0036,0000720,070,54,057,07000US540579078428444,"Fort Ashby CDP (part), District 1, Mineral County, West Virginia",457,295,231,64,0,64,162,147,15
ACSSF,2012e5,wv,000,0036,0000721,070,54,057,07000US540579078463604,"Piedmont town, District 1, Mineral County, West Virginia",317,179,93,86,29,57,138,134,4
ACSSF,2012e5,wv,000,0036,0000722,070,54,057,07000US540579078499999,"District Remainder of 1, District 1, Mineral County, West Virginia",2649,1674,1450,224,95,129,975,885,90
ACSSF,2012e5,wv,000,0036,0000723,070,54,057,07000US540579082043492,"Keyser city, District 2, Mineral County, West Virginia",2640,1126,748,378,34,344,1514,1477,37
ACSSF,2012e5,wv,000,0036,0000724,070,54,057,07000US540579082099999,"District Remainder of 2, District 2, Mineral County, West Virginia",1474,861,652,209,49,160,613,599,14
ACSSF,2012e5,wv,000,0036,0000725,070,54,057,07000US540579085613525,"Carpendale town, District 3, Mineral County, West Virginia",353,255,225,30,7,23,98,86,12
ACSSF,2012e5,wv,000,0036,0000726,070,54,057,07000US540579085628444,"Fort Ashby CDP (part), District 3, Mineral County, West Virginia",210,88,88,0,0,0,122,104,18
ACSSF,2012e5,wv,000,0036,0000727,070,54,057,07000US540579085668260,"Ridgeley town, District 3, Mineral County, West Virginia",290,143,90,53,13,40,147,136,11
ACSSF,2012e5,wv,000,0036,0000728,070,54,057,07000US540579085687316,"Wiley Ford CDP, District 3, Mineral County, West Virginia",386,203,143,60,28,32,183,166,17
ACSSF,2012e5,wv,000,0036,0000729,070,54,057,07000US540579085699999,"District Remainder of 3, District 3, Mineral County, West Virginia",2289,1609,1330,279,62,217,680,618,62
ACSSF,2012e5,wv,000,0036,0000730,070,54,059,07000US540599014167396,"Red Jacket CDP (part), Beech Ben Mate district, Mingo County, West Virginia",246,138,58,80,33,47,108,54,54
ACSSF,2012e5,wv,000,0036,0000731,070,54,059,07000US540599014199999,"Remainder of Beech Ben Mate district, Beech Ben Mate district, Mingo County, West Virginia",1212,819,637,182,13,169,393,349,44
ACSSF,2012e5,wv,000,0036,0000732,070,54,059,07000US540599177043300,"Kermit town, Kermit Harvey district, Mingo County, West Virginia",251,227,136,91,23,68,24,24,0
ACSSF,2012e5,wv,000,0036,0000733,070,54,059,07000US540599177099999,"Remainder of Kermit Harvey district, Kermit Harvey district, Mingo County, West Virginia",1350,837,593,244,129,115,513,497,16
ACSSF,2012e5,wv,000,0036,0000734,070,54,059,07000US540599184820980,"Delbarton town, Lee district, Mingo County, West Virginia",468,349,273,76,28,48,119,119,0
ACSSF,2012e5,wv,000,0036,0000735,070,54,059,07000US540599184899999,"Remainder of Lee district, Lee district, Mingo County, West Virginia",1094,799,647,152,36,116,295,259,36
ACSSF,2012e5,wv,000,0036,0000736,070,54,059,07000US540599206452324,"Matewan town, Magnolia district, Mingo County, West Virginia",406,182,106,76,25,51,224,206,18
ACSSF,2012e5,wv,000,0036,0000737,070,54,059,07000US540599206467396,"Red Jacket CDP (part), Magnolia district, Mingo County, West Virginia",23,10,10,0,0,0,13,13,0
ACSSF,2012e5,wv,000,0036,0000738,070,54,059,07000US540599206499999,"Remainder of Magnolia district, Magnolia district, Mingo County, West Virginia",802,612,466,146,31,115,190,167,23
ACSSF,2012e5,wv,000,0036,0000739,070,54,059,07000US540599301230772,"Gilbert town, Stafford district, Mingo County, West Virginia",309,217,135,82,39,43,92,86,6
ACSSF,2012e5,wv,000,0036,0000740,070,54,059,07000US540599301230777,"Gilbert Creek CDP, Stafford district, Mingo County, West Virginia",469,391,380,11,0,11,78,78,0
ACSSF,2012e5,wv,000,0036,0000741,070,54,059,07000US540599301242292,"Justice CDP, Stafford district, Mingo County, West Virginia",141,78,78,0,0,0,63,63,0
ACSSF,2012e5,wv,000,0036,0000742,070,54,059,07000US540599301299999,"Remainder of Stafford district, Stafford district, Mingo County, West Virginia",805,523,405,118,22,96,282,282,0
ACSSF,2012e5,wv,000,0036,0000743,070,54,059,07000US540599316214692,"Chattaroy CDP (part), Tug Hardee district, Mingo County, West Virginia",187,128,115,13,0,13,59,59,0
ACSSF,2012e5,wv,000,0036,0000744,070,54,059,07000US540599316299999,"Remainder of Tug Hardee district, Tug Hardee district, Mingo County, West Virginia",1413,1021,781,240,103,137,392,298,94
ACSSF,2012e5,wv,000,0036,0000745,070,54,059,07000US540599369614692,"Chattaroy CDP (part), Williamson district, Mingo County, West Virginia",98,86,58,28,0,28,12,12,0
ACSSF,2012e5,wv,000,0036,0000746,070,54,059,07000US540599369687508,"Williamson city, Williamson district, Mingo County, West Virginia",1389,823,487,336,29,307,566,502,64
ACSSF,2012e5,wv,000,0036,0000747,070,54,059,07000US540599369699999,"Remainder of Williamson district, Williamson district, Mingo County, West Virginia",210,138,85,53,28,25,72,72,0
ACSSF,2012e5,wv,000,0036,0000748,070,54,061,07000US540619045655756,"Morgantown city (part), Central district, Monongalia County, West Virginia",9486,3460,2596,864,256,608,6026,4517,1509
ACSSF,2012e5,wv,000,0036,0000749,070,54,061,07000US540619045676516,"Star City town (part), Central district, Monongalia County, West Virginia",849,369,238,131,43,88,480,379,101
ACSSF,2012e5,wv,000,0036,0000750,070,54,061,07000US540619045699999,"Remainder of Central district, Central district, Monongalia County, West Virginia",83,46,3,43,0,43,37,28,9
ACSSF,2012e5,wv,000,0036,0000751,070,54,061,07000US540619098310420,"Brookhaven CDP (part), Eastern district, Monongalia County, West Virginia",1841,1221,918,303,113,190,620,447,173
ACSSF,2012e5,wv,000,0036,0000752,070,54,061,07000US540619098314775,"Cheat Lake CDP, Eastern district, Monongalia County, West Virginia",2910,2054,1879,175,53,122,856,718,138
ACSSF,2012e5,wv,000,0036,0000753,070,54,061,07000US540619098355756,"Morgantown city (part), Eastern district, Monongalia County, West Virginia",714,203,175,28,0,28,511,390,121
ACSSF,2012e5,wv,000,0036,0000754,070,54,061,07000US540619098399999,"Remainder of Eastern district, Eastern district, Monongalia County, West Virginia",9726,4287,3288,999,354,645,5439,4007,1432
ACSSF,2012e5,wv,000,0036,0000755,070,54,061,07000US540619361208092,"Blacksville town, Western district, Monongalia County, West Virginia",46,27,17,10,8,2,19,16,3
ACSSF,2012e5,wv,000,0036,0000756,070,54,061,07000US540619361210420,"Brookhaven CDP (part), Western district, Monongalia County, West Virginia",37,14,14,0,0,0,23,23,0
ACSSF,2012e5,wv,000,0036,0000757,070,54,061,07000US540619361213756,"Cassville CDP, Western district, Monongalia County, West Virginia",256,178,178,0,0,0,78,78,0
ACSSF,2012e5,wv,000,0036,0000758,070,54,061,07000US540619361232932,"Granville town, Western district, Monongalia County, West Virginia",262,126,75,51,22,29,136,124,12
ACSSF,2012e5,wv,000,0036,0000759,070,54,061,07000US540619361255756,"Morgantown city (part), Western district, Monongalia County, West Virginia",15,15,15,0,0,0,0,0,0
ACSSF,2012e5,wv,000,0036,0000760,070,54,061,07000US540619361262788,"Pentress CDP, Western district, Monongalia County, West Virginia",65,65,65,0,0,0,0,0,0
ACSSF,2012e5,wv,000,0036,0000761,070,54,061,07000US540619361276516,"Star City town (part), Western district, Monongalia County, West Virginia",0,0,0,0,0,0,0,0,0
ACSSF,2012e5,wv,000,0036,0000762,070,54,061,07000US540619361285996,"Westover city, Western district, Monongalia County, West Virginia",1578,954,699,255,70,185,624,536,88
ACSSF,2012e5,wv,000,0036,0000763,070,54,061,07000US540619361299999,"Remainder of Western district, Western district, Monongalia County, West Virginia",7909,5497,4627,870,246,624,2412,1992,420
ACSSF,2012e5,wv,000,0036,0000764,070,54,063,07000US540639045781940,"Union town, Central district, Monroe County, West Virginia",268,152,75,77,26,51,116,98,18
ACSSF,2012e5,wv,000,0036,0000765,070,54,063,07000US540639045799999,"Remainder of Central district, Central district, Monroe County, West Virginia",1691,1193,998,195,66,129,498,376,122
ACSSF,2012e5,wv,000,0036,0000766,070,54,063,07000US540639098400772,"Alderson town (part), Eastern district, Monroe County, West Virginia",78,57,29,28,6,22,21,21,0
ACSSF,2012e5,wv,000,0036,0000767,070,54,063,07000US540639098499999,"Remainder of Eastern district, Eastern district, Monroe County, West Virginia",1725,1235,1013,222,71,151,490,438,52
ACSSF,2012e5,wv,000,0036,0000768,070,54,063,07000US540639361363052,"Peterstown town, Western district, Monroe County, West Virginia",278,154,140,14,6,8,124,121,3
ACSSF,2012e5,wv,000,0036,0000769,070,54,063,07000US540639361399999,"Remainder of Western district, Western district, Monroe County, West Virginia",1574,1142,928,214,38,176,432,352,80
ACSSF,2012e5,wv,000,0036,0000770,070,54,065,07000US540659078604876,"Bath (Berkeley Springs) town (part), District 1, Morgan County, West Virginia",14,2,2,0,0,0,12,12,0
ACSSF,2012e5,wv,000,0036,0000771,070,54,065,07000US540659078633100,"Great Cacapon CDP, District 1, Morgan County, West Virginia",128,96,53,43,0,43,32,16,16
ACSSF,2012e5,wv,000,0036,0000772,070,54,065,07000US540659078662332,"Paw Paw town, District 1, Morgan County, West Virginia",205,102,64,38,2,36,103,94,9
ACSSF,2012e5,wv,000,0036,0000773,070,54,065,07000US540659078699999,"District Remainder of 1, District 1, Morgan County, West Virginia",1951,873,689,184,25,159,1078,1005,73
ACSSF,2012e5,wv,000,0036,0000774,070,54,065,07000US540659082204876,"Bath (Berkeley Springs) town (part), District 2, Morgan County, West Virginia",430,128,80,48,0,48,302,262,40
ACSSF,2012e5,wv,000,0036,0000775,070,54,065,07000US540659082299999,"District Remainder of 2, District 2, Morgan County, West Virginia",2118,1041,849,192,48,144,1077,977,100
ACSSF,2012e5,wv,000,0036,0000776,070,54,065,07000US540659085899999,"District 3, District 3, Morgan County, West Virginia",2460,1453,1230,223,98,125,1007,979,28
ACSSF,2012e5,wv,000,0036,0000777,070,54,067,07000US540679013218604,"Craigsville CDP, Beaver district, Nicholas County, West Virginia",933,679,514,165,38,127,254,254,0
ACSSF,2012e5,wv,000,0036,0000778,070,54,067,07000US540679013227196,"Fenwick CDP, Beaver district, Nicholas County, West Virginia",55,51,36,15,15,0,4,0,4
ACSSF,2012e5,wv,000,0036,0000779,070,54,067,07000US540679013268116,"Richwood city, Beaver district, Nicholas County, West Virginia",994,653,417,236,67,169,341,307,34
ACSSF,2012e5,wv,000,0036,0000780,070,54,067,07000US540679013280476,"Tioga CDP, Beaver district, Nicholas County, West Virginia",24,24,10,14,0,14,0,0,0
ACSSF,2012e5,wv,000,0036,0000781,070,54,067,07000US540679013299999,"Remainder of Beaver district, Beaver district, Nicholas County, West Virginia",1122,803,671,132,56,76,319,292,27
ACSSF,2012e5,wv,000,0036,0000782,070,54,067,07000US540679134499999,"Grant district, Grant district, Nicholas County, West Virginia",688,627,389,238,146,92,61,61,0
ACSSF,2012e5,wv,000,0036,0000783,070,54,067,07000US540679150007756,"Birch River CDP, Hamilton district, Nicholas County, West Virginia",43,43,43,0,0,0,0,0,0
ACSSF,2012e5,wv,000,0036,0000784,070,54,067,07000US540679150099999,"Remainder of Hamilton district, Hamilton district, Nicholas County, West Virginia",1018,826,732,94,82,12,192,157,35
ACSSF,2012e5,wv,000,0036,0000785,070,54,067,07000US540679171606052,"Belva CDP, Jefferson district, Nicholas County, West Virginia",33,33,22,11,0,11,0,0,0
ACSSF,2012e5,wv,000,0036,0000786,070,54,067,07000US540679171621628,"Dixie CDP (part), Jefferson district, Nicholas County, West Virginia",61,61,61,0,0,0,0,0,0
ACSSF,2012e5,wv,000,0036,0000787,070,54,067,07000US540679171699999,"Remainder of Jefferson district, Jefferson district, Nicholas County, West Virginia",418,317,251,66,37,29,101,101,0
ACSSF,2012e5,wv,000,0036,0000788,070,54,067,07000US540679175258180,"Nettie CDP, Kentucky district, Nicholas County, West Virginia",358,264,221,43,43,0,94,94,0
ACSSF,2012e5,wv,000,0036,0000789,070,54,067,07000US540679175299999,"Remainder of Kentucky district, Kentucky district, Nicholas County, West Virginia",1336,995,841,154,35,119,341,245,96
ACSSF,2012e5,wv,000,0036,0000790,070,54,067,07000US540679307277980,"Summersville town (part), Summersville district, Nicholas County, West Virginia",1578,1020,916,104,23,81,558,537,21
ACSSF,2012e5,wv,000,0036,0000791,070,54,067,07000US540679307299999,"Remainder of Summersville district, Summersville district, Nicholas County, West Virginia",607,457,337,120,18,102,150,117,33
ACSSF,2012e5,wv,000,0036,0000792,070,54,067,07000US540679366077980,"Summersville town (part), Wilderness district, Nicholas County, West Virginia",0,0,0,0,0,0,0,0,0
ACSSF,2012e5,wv,000,0036,0000793,070,54,067,07000US540679366099999,"Remainder of Wilderness district, Wilderness district, Nicholas County, West Virginia",1098,792,660,132,47,85,306,269,37
ACSSF,2012e5,wv,000,0036,0000794,070,54,069,07000US540699078815916,"Clearview village, District 1, Ohio County, West Virginia",230,177,164,13,0,13,53,48,5
ACSSF,2012e5,wv,000,0036,0000795,070,54,069,07000US540699078880932,"Triadelphia town, District 1, Ohio County, West Virginia",405,233,186,47,12,35,172,120,52
ACSSF,2012e5,wv,000,0036,0000796,070,54,069,07000US540699078882732,"Valley Grove village, District 1, Ohio County, West Virginia",212,167,154,13,3,10,45,33,12
ACSSF,2012e5,wv,000,0036,0000797,070,54,069,07000US540699078885876,"West Liberty town, District 1, Ohio County, West Virginia",206,87,62,25,4,21,119,49,70
ACSSF,2012e5,wv,000,0036,0000798,070,54,069,07000US540699078886452,"Wheeling city (part), District 1, Ohio County, West Virginia",1935,1275,982,293,55,238,660,600,60
ACSSF,2012e5,wv,000,0036,0000799,070,54,069,07000US540699078899999,"District Remainder of 1, District 1, Ohio County, West Virginia",3249,2283,1953,330,94,236,966,881,85
ACSSF,2012e5,wv,000,0036,0000800,070,54,069,07000US540699082486452,"Wheeling city (part), District 2, Ohio County, West Virginia",5706,2706,1748,958,233,725,3000,2733,267
ACSSF,2012e5,wv,000,0036,0000801,070,54,069,07000US540699082499999,"District Remainder of 2, District 2, Ohio County, West Virginia",192,173,115,58,0,58,19,19,0
ACSSF,2012e5,wv,000,0036,0000802,070,54,069,07000US540699086206940,"Bethlehem village, District 3, Ohio County, West Virginia",1032,693,590,103,29,74,339,315,24
ACSSF,2012e5,wv,000,0036,0000803,070,54,069,07000US540699086286452,"Wheeling city (part), District 3, Ohio County, West Virginia",4979,2706,1991,715,86,629,2273,2021,252
ACSSF,2012e5,wv,000,0036,0000804,070,54,069,07000US540699086299999,"District Remainder of 3, District 3, Ohio County, West Virginia",362,298,265,33,0,33,64,64,0
ACSSF,2012e5,wv,000,0036,0000805,070,54,071,07000US540719046229044,"Franklin town, Central district, Pendleton County, West Virginia",329,166,109,57,8,49,163,147,16
ACSSF,2012e5,wv,000,0036,0000806,070,54,071,07000US540719046299999,"Remainder of Central district, Central district, Pendleton County, West Virginia",728,530,458,72,20,52,198,149,49
ACSSF,2012e5,wv,000,0036,0000807,070,54,071,07000US540719098709868,"Brandywine CDP, Eastern district, Pendleton County, West Virginia",105,85,47,38,10,28,20,20,0
ACSSF,2012e5,wv,000,0036,0000808,070,54,071,07000US540719098799999,"Remainder of Eastern district, Eastern district, Pendleton County, West Virginia",1013,580,472,108,42,66,433,374,59
ACSSF,2012e5,wv,000,0036,0000809,070,54,071,07000US540719361599999,"Western district, Western district, Pendleton County, West Virginia",1180,746,652,94,30,64,434,412,22
ACSSF,2012e5,wv,000,0036,0000810,070,54,073,07000US540739089206004,"Belmont city, District A, Pleasants County, West Virginia",426,255,209,46,7,39,171,161,10
ACSSF,2012e5,wv,000,0036,0000811,070,54,073,07000US540739089299999,"District Remainder of A, District A, Pleasants County, West Virginia",294,190,183,7,0,7,104,53,51
ACSSF,2012e5,wv,000,0036,0000812,070,54,073,07000US540739089499999,"District B, District B, Pleasants County, West Virginia",666,470,418,52,30,22,196,184,12
ACSSF,2012e5,wv,000,0036,0000813,070,54,073,07000US540739089671356,"St. Marys city (part), District C, Pleasants County, West Virginia",704,453,336,117,21,96,251,229,22
ACSSF,2012e5,wv,000,0036,0000814,070,54,073,07000US540739089699999,"District Remainder of C, District C, Pleasants County, West Virginia",51,45,36,9,0,9,6,6,0
ACSSF,2012e5,wv,000,0036,0000815,070,54,073,07000US540739089871356,"St. Marys city (part), District D, Pleasants County, West Virginia",127,84,69,15,0,15,43,35,8
ACSSF,2012e5,wv,000,0036,0000816,070,54,073,07000US540739089899999,"District Remainder of D, District D, Pleasants County, West Virginia",458,345,296,49,10,39,113,93,20
ACSSF,2012e5,wv,000,0036,0000817,070,54,075,07000US540759099651676,"Marlinton town (part), Edray district, Pocahontas County, West Virginia",527,279,148,131,44,87,248,197,51
ACSSF,2012e5,wv,000,0036,0000818,070,54,075,07000US540759099699999,"Remainder of Edray district, Edray district, Pocahontas County, West Virginia",886,667,567,100,45,55,219,200,19
ACSSF,2012e5,wv,000,0036,0000819,070,54,075,07000US540759141604780,"Bartow CDP, Greenbank district, Pocahontas County, West Virginia",92,54,54,0,0,0,38,38,0
ACSSF,2012e5,wv,000,0036,0000820,070,54,075,07000US540759141613684,"Cass CDP, Greenbank district, Pocahontas County, West Virginia",0,0,0,0,0,0,0,0,0
ACSSF,2012e5,wv,000,0036,0000821,070,54,075,07000US540759141622852,"Durbin town, Greenbank district, Pocahontas County, West Virginia",133,86,66,20,5,15,47,37,10
ACSSF,2012e5,wv,000,0036,0000822,070,54,075,07000US540759141628948,"Frank CDP, Greenbank district, Pocahontas County, West Virginia",24,14,0,14,4,10,10,10,0
ACSSF,2012e5,wv,000,0036,0000823,070,54,075,07000US540759141633124,"Green Bank CDP, Greenbank district, Pocahontas County, West Virginia",60,60,60,0,0,0,0,0,0
ACSSF,2012e5,wv,000,0036,0000824,070,54,075,07000US540759141699999,"Remainder of Greenbank district, Greenbank district, Pocahontas County, West Virginia",810,567,524,43,29,14,243,212,31
ACSSF,2012e5,wv,000,0036,0000825,070,54,075,07000US540759165639412,"Huntersville CDP, Huntersville district, Pocahontas County, West Virginia",133,83,69,14,0,14,50,50,0
ACSSF,2012e5,wv,000,0036,0000826,070,54,075,07000US540759165651676,"Marlinton town (part), Huntersville district, Pocahontas County, West Virginia",14,11,8,3,0,3,3,3,0
ACSSF,2012e5,wv,000,0036,0000827,070,54,075,07000US540759165699999,"Remainder of Huntersville district, Huntersville district, Pocahontas County, West Virginia",389,257,219,38,19,19,132,107,25
ACSSF,2012e5,wv,000,0036,0000828,070,54,075,07000US540759194437372,"Hillsboro town, Little Levels district, Pocahontas County, West Virginia",101,54,36,18,7,11,47,44,3
ACSSF,2012e5,wv,000,0036,0000829,070,54,075,07000US540759194499999,"Remainder of Little Levels district, Little Levels district, Pocahontas County, West Virginia",614,413,359,54,20,34,201,174,27
ACSSF,2012e5,wv,000,0036,0000830,070,54,077,07000US540779109603460,"Aurora CDP, Fifth district, Preston County, West Virginia",110,78,78,0,0,0,32,18,14
ACSSF,2012e5,wv,000,0036,0000831,070,54,077,07000US540779109658300,"Newburg town (part), Fifth district, Preston County, West Virginia",111,90,77,13,0,13,21,21,0
ACSSF,2012e5,wv,000,0036,0000832,070,54,077,07000US540779109670588,"Rowlesburg town (part), Fifth district, Preston County, West Virginia",248,162,141,21,0,21,86,76,10
ACSSF,2012e5,wv,000,0036,0000833,070,54,077,07000US540779109681268,"Tunnelton town, Fifth district, Preston County, West Virginia",136,98,79,19,2,17,38,32,6
ACSSF,2012e5,wv,000,0036,0000834,070,54,077,07000US540779109699999,"Remainder of Fifth district, Fifth district, Preston County, West Virginia",1736,1317,1124,193,63,130,419,338,81
ACSSF,2012e5,wv,000,0036,0000835,070,54,077,07000US540779110010852,"Bruceton Mills town, First district, Preston County, West Virginia",34,28,13,15,7,8,6,6,0
ACSSF,2012e5,wv,000,0036,0000836,070,54,077,07000US540779110052228,"Masontown town, First district, Preston County, West Virginia",371,245,199,46,12,34,126,96,30
ACSSF,2012e5,wv,000,0036,0000837,070,54,077,07000US540779110067636,"Reedsville town, First district, Preston County, West Virginia",240,155,129,26,3,23,85,74,11
ACSSF,2012e5,wv,000,0036,0000838,070,54,077,07000US540779110099999,"Remainder of First district, First district, Preston County, West Virginia",2065,1553,1259,294,95,199,512,385,127
ACSSF,2012e5,wv,000,0036,0000839,070,54,077,07000US540779113400748,"Albright town, Fourth district, Preston County, West Virginia",114,95,85,10,5,5,19,19,0
ACSSF,2012e5,wv,000,0036,0000840,070,54,077,07000US540779113444044,"Kingwood city (part), Fourth district, Preston County, West Virginia",733,347,297,50,0,50,386,362,24
ACSSF,2012e5,wv,000,0036,0000841,070,54,077,07000US540779113470588,"Rowlesburg town (part), Fourth district, Preston County, West Virginia",83,64,55,9,7,2,19,7,12
ACSSF,2012e5,wv,000,0036,0000842,070,54,077,07000US540779113479708,"Terra Alta town (part), Fourth district, Preston County, West Virginia",514,369,280,89,34,55,145,118,27
ACSSF,2012e5,wv,000,0036,0000843,070,54,077,07000US540779113499999,"Remainder of Fourth district, Fourth district, Preston County, West Virginia",954,622,526,96,4,92,332,287,45
ACSSF,2012e5,wv,000,0036,0000844,070,54,077,07000US540779274209844,"Brandonville town, Second district, Preston County, West Virginia",71,59,50,9,1,8,12,12,0
ACSSF,2012e5,wv,000,0036,0000845,070,54,077,07000US540779274279708,"Terra Alta town (part), Second district, Preston County, West Virginia",230,157,81,76,37,39,73,61,12
ACSSF,2012e5,wv,000,0036,0000846,070,54,077,07000US540779274299999,"Remainder of Second district, Second district, Preston County, West Virginia",2249,1475,1319,156,90,66,774,624,150
ACSSF,2012e5,wv,000,0036,0000847,070,54,077,07000US540779310244044,"Kingwood city (part), Third district, Preston County, West Virginia",650,467,390,77,0,77,183,171,12
ACSSF,2012e5,wv,000,0036,0000848,070,54,077,07000US540779310258300,"Newburg town (part), Third district, Preston County, West Virginia",96,69,27,42,38,4,27,19,8
ACSSF,2012e5,wv,000,0036,0000849,070,54,077,07000US540779310299999,"Remainder of Third district, Third district, Preston County, West Virginia",2035,1441,1053,388,195,193,594,489,105
ACSSF,2012e5,wv,000,0036,0000850,070,54,079,07000US540799029211284,"Buffalo town, Buffalo-Union district, Putnam County, West Virginia",511,331,273,58,26,32,180,138,42
ACSSF,2012e5,wv,000,0036,0000851,070,54,079,07000US540799029224292,"Eleanor town, Buffalo-Union district, Putnam County, West Virginia",788,591,492,99,18,81,197,146,51
ACSSF,2012e5,wv,000,0036,0000852,070,54,079,07000US540799029238260,"Hometown CDP, Buffalo-Union district, Putnam County, West Virginia",215,184,135,49,0,49,31,31,0
ACSSF,2012e5,wv,000,0036,0000853,070,54,079,07000US540799029239532,"Hurricane city (part), Buffalo-Union district, Putnam County, West Virginia",61,49,41,8,8,0,12,12,0
ACSSF,2012e5,wv,000,0036,0000854,070,54,079,07000US540799029299999,"Remainder of Buffalo-Union district, Buffalo-Union district, Putnam County, West Virginia",2577,2156,1624,532,167,365,421,288,133
ACSSF,2012e5,wv,000,0036,0000855,070,54,079,07000US540799072019516,"Culloden CDP (part), Curry district, Putnam County, West Virginia",81,66,32,34,10,24,15,15,0
ACSSF,2012e5,wv,000,0036,0000856,070,54,079,07000US540799072039532,"Hurricane city (part), Curry district, Putnam County, West Virginia",1579,1224,915,309,59,250,355,336,19
ACSSF,2012e5,wv,000,0036,0000857,070,54,079,07000US540799072099999,"Remainder of Curry district, Curry district, Putnam County, West Virginia",1921,1419,1197,222,26,196,502,424,78
ACSSF,2012e5,wv,000,0036,0000858,070,54,079,07000US540799250804204,"Bancroft town, Pocatalico district, Putnam County, West Virginia",342,214,76,138,77,61,128,120,8
ACSSF,2012e5,wv,000,0036,0000859,070,54,079,07000US540799250859068,"Nitro city (part), Pocatalico district, Putnam County, West Virginia",481,325,242,83,22,61,156,105,51
ACSSF,2012e5,wv,000,0036,0000860,070,54,079,07000US540799250864516,"Poca town (part), Pocatalico district, Putnam County, West Virginia",531,415,306,109,42,67,116,101,15
ACSSF,2012e5,wv,000,0036,0000861,070,54,079,07000US540799250899999,"Remainder of Pocatalico district, Pocatalico district, Putnam County, West Virginia",2024,1252,927,325,66,259,772,708,64
ACSSF,2012e5,wv,000,0036,0000862,070,54,079,07000US540799273639532,"Hurricane city (part), Scott district, Putnam County, West Virginia",8,8,8,0,0,0,0,0,0
ACSSF,2012e5,wv,000,0036,0000863,070,54,079,07000US540799273659068,"Nitro city (part), Scott district, Putnam County, West Virginia",0,0,0,0,0,0,0,0,0
ACSSF,2012e5,wv,000,0036,0000864,070,54,079,07000US540799273664516,"Poca town (part), Scott district, Putnam County, West Virginia",0,0,0,0,0,0,0,0,0
ACSSF,2012e5,wv,000,0036,0000865,070,54,079,07000US540799273679545,"Teays Valley CDP (part), Scott district, Putnam County, West Virginia",915,724,628,96,14,82,191,133,58
ACSSF,2012e5,wv,000,0036,0000866,070,54,079,07000US540799273687988,"Winfield town, Scott district, Putnam County, West Virginia",1005,725,593,132,22,110,280,241,39
ACSSF,2012e5,wv,000,0036,0000867,070,54,079,07000US540799273699999,"Remainder of Scott district, Scott district, Putnam County, West Virginia",2396,1800,1492,308,76,232,596,510,86
ACSSF,2012e5,wv,000,0036,0000868,070,54,079,07000US540799309039532,"Hurricane city (part), Teays district, Putnam County, West Virginia",666,550,509,41,17,24,116,106,10
ACSSF,2012e5,wv,000,0036,0000869,070,54,079,07000US540799309079545,"Teays Valley CDP (part), Teays district, Putnam County, West Virginia",4368,3161,2853,308,77,231,1207,1041,166
ACSSF,2012e5,wv,000,0036,0000870,070,54,079,07000US540799309099999,"Remainder of Teays district, Teays district, Putnam County, West Virginia",661,620,524,96,32,64,41,41,0
ACSSF,2012e5,wv,000,0036,0000871,070,54,081,07000US540819079205332,"Beckley city (part), District 1, Raleigh County, West Virginia",0,0,0,0,0,0,0,0,0
ACSSF,2012e5,wv,000,0036,0000872,070,54,081,07000US540819079208956,"Bolt CDP, District 1, Raleigh County, West Virginia",167,125,125,0,0,0,42,34,8
ACSSF,2012e5,wv,000,0036,0000873,070,54,081,07000US540819079216516,"Coal City CDP, District 1, Raleigh County, West Virginia",623,452,413,39,0,39,171,154,17
ACSSF,2012e5,wv,000,0036,0000874,070,54,081,07000US540819079218508,"Crab Orchard CDP, District 1, Raleigh County, West Virginia",1201,836,724,112,42,70,365,310,55
ACSSF,2012e5,wv,000,0036,0000875,070,54,081,07000US540819079223644,"Eccles CDP, District 1, Raleigh County, West Virginia",108,15,15,0,0,0,93,44,49
ACSSF,2012e5,wv,000,0036,0000876,070,54,081,07000US540819079230724,"Ghent CDP, District 1, Raleigh County, West Virginia",209,154,116,38,0,38,55,35,20
ACSSF,2012e5,wv,000,0036,0000877,070,54,081,07000US540819079232068,"Glen White CDP, District 1, Raleigh County, West Virginia",230,122,122,0,0,0,108,108,0
ACSSF,2012e5,wv,000,0036,0000878,070,54,081,07000US540819079236292,"Helen CDP, District 1, Raleigh County, West Virginia",57,57,0,57,0,57,0,0,0
ACSSF,2012e5,wv,000,0036,0000879,070,54,081,07000US540819079246468,"Lester town, District 1, Raleigh County, West Virginia",139,98,56,42,2,40,41,40,1
ACSSF,2012e5,wv,000,0036,0000880,070,54,081,07000US540819079249492,"Mabscott town (part), District 1, Raleigh County, West Virginia",522,351,299,52,0,52,171,133,38
ACSSF,2012e5,wv,000,0036,0000881,070,54,081,07000US540819079249564,"MacArthur CDP (part), District 1, Raleigh County, West Virginia",757,455,270,185,110,75,302,282,20
ACSSF,2012e5,wv,000,0036,0000882,070,54,081,07000US540819079267996,"Rhodell town, District 1, Raleigh County, West Virginia",97,49,35,14,1,13,48,39,9
ACSSF,2012e5,wv,000,0036,0000883,070,54,081,07000US540819079275172,"Sophia town, District 1, Raleigh County, West Virginia",532,348,242,106,0,106,184,171,13
ACSSF,2012e5,wv,000,0036,0000884,070,54,081,07000US540819079299999,"District Remainder of 1, District 1, Raleigh County, West Virginia",5336,3878,3017,861,313,548,1458,1250,208
ACSSF,2012e5,wv,000,0036,0000885,070,54,081,07000US540819082805332,"Beckley city (part), District 2, Raleigh County, West Virginia",3516,1993,1399,594,97,497,1523,1339,184
ACSSF,2012e5,wv,000,0036,0000886,070,54,081,07000US540819082809676,"Bradley CDP, District 2, Raleigh County, West Virginia",629,432,368,64,0,64,197,115,82
ACSSF,2012e5,wv,000,0036,0000887,070,54,081,07000US540819082863988,"Piney View CDP, District 2, Raleigh County, West Virginia",446,308,279,29,0,29,138,127,11
ACSSF,2012e5,wv,000,0036,0000888,070,54,081,07000US540819082865836,"Prosperity CDP, District 2, Raleigh County, West Virginia",750,472,296,176,25,151,278,248,30
ACSSF,2012e5,wv,000,0036,0000889,070,54,081,07000US540819082876444,"Stanaford CDP (part), District 2, Raleigh County, West Virginia",254,173,136,37,37,0,81,75,6
ACSSF,2012e5,wv,000,0036,0000890,070,54,081,07000US540819082899999,"District Remainder of 2, District 2, Raleigh County, West Virginia",4727,3254,2499,755,233,522,1473,1229,244
ACSSF,2012e5,wv,000,0036,0000891,070,54,081,07000US540819086405260,"Beaver CDP, District 3, Raleigh County, West Virginia",630,402,318,84,18,66,228,228,0
ACSSF,2012e5,wv,000,0036,0000892,070,54,081,07000US540819086405332,"Beckley city (part), District 3, Raleigh County, West Virginia",3917,2240,1393,847,204,643,1677,1427,250
ACSSF,2012e5,wv,000,0036,0000893,070,54,081,07000US540819086420164,"Daniels CDP, District 3, Raleigh County, West Virginia",752,448,407,41,0,41,304,304,0
ACSSF,2012e5,wv,000,0036,0000894,070,54,081,07000US540819086449492,"Mabscott town (part), District 3, Raleigh County, West Virginia",0,0,0,0,0,0,0,0,0
ACSSF,2012e5,wv,000,0036,0000895,070,54,081,07000US540819086449564,"MacArthur CDP (part), District 3, Raleigh County, West Virginia",69,41,17,24,16,8,28,28,0
ACSSF,2012e5,wv,000,0036,0000896,070,54,081,07000US540819086473108,"Shady Spring CDP, District 3, Raleigh County, West Virginia",1255,852,646,206,112,94,403,386,17
ACSSF,2012e5,wv,000,0036,0000897,070,54,081,07000US540819086476444,"Stanaford CDP (part), District 3, Raleigh County, West Virginia",268,188,165,23,0,23,80,70,10
ACSSF,2012e5,wv,000,0036,0000898,070,54,081,07000US540819086499999,"District Remainder of 3, District 3, Raleigh County, West Virginia",4309,3024,2570,454,172,282,1285,1142,143
ACSSF,2012e5,wv,000,0036,0000899,070,54,083,07000US540839015606988,"Beverly town, Beverly district, Randolph County, West Virginia",348,241,136,105,39,66,107,103,4
ACSSF,2012e5,wv,000,0036,0000900,070,54,083,07000US540839015609364,"Bowden CDP, Beverly district, Randolph County, West Virginia",0,0,0,0,0,0,0,0,0
ACSSF,2012e5,wv,000,0036,0000901,070,54,083,07000US540839015624580,"Elkins city (part), Beverly district, Randolph County, West Virginia",40,40,40,0,0,0,0,0,0
ACSSF,2012e5,wv,000,0036,0000902,070,54,083,07000US540839015699999,"Remainder of Beverly district, Beverly district, Randolph County, West Virginia",1545,980,741,239,99,140,565,529,36
ACSSF,2012e5,wv,000,0036,0000903,070,54,083,07000US540839093635092,"Harman town, Dry Fork district, Randolph County, West Virginia",101,64,53,11,0,11,37,37,0
ACSSF,2012e5,wv,000,0036,0000904,070,54,083,07000US540839093686932,"Whitmer CDP, Dry Fork district, Randolph County, West Virginia",28,28,15,13,0,13,0,0,0
ACSSF,2012e5,wv,000,0036,0000905,070,54,083,07000US540839093699999,"Remainder of Dry Fork district, Dry Fork district, Randolph County, West Virginia",591,403,349,54,0,54,188,175,13
ACSSF,2012e5,wv,000,0036,0000906,070,54,083,07000US540839166839628,"Huttonsville town, Huttonsville district, Randolph County, West Virginia",96,54,49,5,2,3,42,31,11
ACSSF,2012e5,wv,000,0036,0000907,070,54,083,07000US540839166854100,"Mill Creek town, Huttonsville district, Randolph County, West Virginia",314,178,132,46,14,32,136,127,9
ACSSF,2012e5,wv,000,0036,0000908,070,54,083,07000US540839166899999,"Remainder of Huttonsville district, Huttonsville district, Randolph County, West Virginia",511,388,368,20,17,3,123,123,0
ACSSF,2012e5,wv,000,0036,0000909,070,54,083,07000US540839182424580,"Elkins city (part), Leadsville district, Randolph County, West Virginia",2914,1716,1189,527,126,401,1198,1093,105
ACSSF,2012e5,wv,000,0036,0000910,070,54,083,07000US540839182499999,"Remainder of Leadsville district, Leadsville district, Randolph County, West Virginia",2228,1550,1342,208,79,129,678,678,0
ACSSF,2012e5,wv,000,0036,0000911,070,54,083,07000US540839214836340,"Helvetia CDP, Middle Fork district, Randolph County, West Virginia",0,0,0,0,0,0,0,0,0
ACSSF,2012e5,wv,000,0036,0000912,070,54,083,07000US540839214863484,"Pickens CDP, Middle Fork district, Randolph County, West Virginia",22,13,0,13,0,13,9,9,0
ACSSF,2012e5,wv,000,0036,0000913,070,54,083,07000US540839214899999,"Remainder of Middle Fork district, Middle Fork district, Randolph County, West Virginia",263,219,202,17,9,8,44,25,19
ACSSF,2012e5,wv,000,0036,0000914,070,54,083,07000US540839222082756,"Valley Head CDP, Mingo district, Randolph County, West Virginia",139,94,46,48,15,33,45,45,0
ACSSF,2012e5,wv,000,0036,0000915,070,54,083,07000US540839222099999,"Remainder of Mingo district, Mingo district, Randolph County, West Virginia",294,244,227,17,8,9,50,42,8
ACSSF,2012e5,wv,000,0036,0000916,070,54,083,07000US540839229255540,"Montrose town, New Interest district, Randolph County, West Virginia",64,51,38,13,3,10,13,11,2
ACSSF,2012e5,wv,000,0036,0000917,070,54,083,07000US540839229299999,"Remainder of New Interest district, New Interest district, Randolph County, West Virginia",425,326,268,58,48,10,99,99,0
ACSSF,2012e5,wv,000,0036,0000918,070,54,083,07000US540839264088324,"Womelsdorf (Coalton) town, Roaring Creek district, Randolph County, West Virginia",119,77,63,14,4,10,42,42,0
ACSSF,2012e5,wv,000,0036,0000919,070,54,083,07000US540839264099999,"Remainder of Roaring Creek district, Roaring Creek district, Randolph County, West Virginia",627,489,406,83,16,67,138,138,0
ACSSF,2012e5,wv,000,0036,0000920,070,54,083,07000US540839342019948,"Dailey CDP, Valley Bend district, Randolph County, West Virginia",30,18,18,0,0,0,12,12,0
ACSSF,2012e5,wv,000,0036,0000921,070,54,083,07000US540839342023140,"East Dailey CDP, Valley Bend district, Randolph County, West Virginia",158,76,76,0,0,0,82,82,0
ACSSF,2012e5,wv,000,0036,0000922,070,54,083,07000US540839342082564,"Valley Bend CDP, Valley Bend district, Randolph County, West Virginia",154,129,108,21,0,21,25,25,0
ACSSF,2012e5,wv,000,0036,0000923,070,54,083,07000US540839342099999,"Remainder of Valley Bend district, Valley Bend district, Randolph County, West Virginia",227,198,158,40,0,40,29,29,0
ACSSF,2012e5,wv,000,0036,0000924,070,54,085,07000US540859055224844,"Ellenboro town, Clay district, Ritchie County, West Virginia",200,144,127,17,2,15,56,48,8
ACSSF,2012e5,wv,000,0036,0000925,070,54,085,07000US540859055235428,"Harrisville town (part), Clay district, Ritchie County, West Virginia",0,0,0,0,0,0,0,0,0
ACSSF,2012e5,wv,000,0036,0000926,070,54,085,07000US540859055262764,"Pennsboro city, Clay district, Ritchie County, West Virginia",503,319,195,124,33,91,184,176,8
ACSSF,2012e5,wv,000,0036,0000927,070,54,085,07000US540859055299999,"Remainder of Clay district, Clay district, Ritchie County, West Virginia",786,563,513,50,23,27,223,223,0
ACSSF,2012e5,wv,000,0036,0000928,070,54,085,07000US540859138012124,"Cairo town, Grant district, Ritchie County, West Virginia",143,100,62,38,20,18,43,36,7
ACSSF,2012e5,wv,000,0036,0000929,070,54,085,07000US540859138099999,"Remainder of Grant district, Grant district, Ritchie County, West Virginia",619,382,292,90,27,63,237,218,19
ACSSF,2012e5,wv,000,0036,0000930,070,54,085,07000US540859224499999,"Murphy district, Murphy district, Ritchie County, West Virginia",452,291,239,52,8,44,161,144,17
ACSSF,2012e5,wv,000,0036,0000931,070,54,085,07000US540859333603364,"Auburn town, Union district, Ritchie County, West Virginia",45,27,13,14,3,11,18,15,3
ACSSF,2012e5,wv,000,0036,0000932,070,54,085,07000US540859333635428,"Harrisville town (part), Union district, Ritchie County, West Virginia",856,554,388,166,38,128,302,281,21
ACSSF,2012e5,wv,000,0036,0000933,070,54,085,07000US540859333665956,"Pullman town, Union district, Ritchie County, West Virginia",87,56,46,10,2,8,31,31,0
ACSSF,2012e5,wv,000,0036,0000934,070,54,085,07000US540859333699999,"Remainder of Union district, Union district, Ritchie County, West Virginia",429,266,207,59,33,26,163,143,20
ACSSF,2012e5,wv,000,0036,0000935,070,54,087,07000US540879079367660,"Reedy town, District I, Roane County, West Virginia",49,37,32,5,0,5,12,11,1
ACSSF,2012e5,wv,000,0036,0000936,070,54,087,07000US540879079375820,"Spencer city (part), District I, Roane County, West Virginia",367,230,166,64,15,49,137,137,0
ACSSF,2012e5,wv,000,0036,0000937,070,54,087,07000US540879079399999,"District Remainder of I, District I, Roane County, West Virginia",1537,975,856,119,43,76,562,442,120
ACSSF,2012e5,wv,000,0036,0000938,070,54,087,07000US540879082975820,"Spencer city (part), District II, Roane County, West Virginia",710,319,233,86,3,83,391,368,23
ACSSF,2012e5,wv,000,0036,0000939,070,54,087,07000US540879082999999,"District Remainder of II, District II, Roane County, West Virginia",1095,686,538,148,15,133,409,311,98
ACSSF,2012e5,wv,000,0036,0000940,070,54,087,07000US540879086599999,"District III, District III, Roane County, West Virginia",2059,1499,1217,282,58,224,560,508,52
ACSSF,2012e5,wv,000,0036,0000941,070,54,089,07000US540899021637636,"Hinton city (part), Bluestone River district, Summers County, West Virginia",344,151,97,54,27,27,193,193,0
ACSSF,2012e5,wv,000,0036,0000942,070,54,089,07000US540899021699999,"Remainder of Bluestone River district, Bluestone River district, Summers County, West Virginia",1567,1120,927,193,53,140,447,419,28
ACSSF,2012e5,wv,000,0036,0000943,070,54,089,07000US540899144037636,"Hinton city (part), Greenbrier River district, Summers County, West Virginia",473,273,209,64,36,28,200,200,0
ACSSF,2012e5,wv,000,0036,0000944,070,54,089,07000US540899144099999,"Remainder of Greenbrier River district, Greenbrier River district, Summers County, West Virginia",1379,916,760,156,110,46,463,418,45
ACSSF,2012e5,wv,000,0036,0000945,070,54,089,07000US540899231637636,"Hinton city (part), New River district, Summers County, West Virginia",349,223,134,89,17,72,126,104,22
ACSSF,2012e5,wv,000,0036,0000946,070,54,089,07000US540899231699999,"Remainder of New River district, New River district, Summers County, West Virginia",1158,807,636,171,62,109,351,319,32
ACSSF,2012e5,wv,000,0036,0000947,070,54,091,07000US540919099332716,"Grafton city (part), Eastern district, Taylor County, West Virginia",940,603,347,256,13,243,337,282,55
ACSSF,2012e5,wv,000,0036,0000948,070,54,091,07000US540919099399999,"Remainder of Eastern district, Eastern district, Taylor County, West Virginia",1399,1060,955,105,36,69,339,306,33
ACSSF,2012e5,wv,000,0036,0000949,070,54,091,07000US540919317532716,"Grafton city (part), Tygart district, Taylor County, West Virginia",1242,761,517,244,81,163,481,455,26
ACSSF,2012e5,wv,000,0036,0000950,070,54,091,07000US540919317599999,"Remainder of Tygart district, Tygart district, Taylor County, West Virginia",386,348,274,74,15,59,38,29,9
ACSSF,2012e5,wv,000,0036,0000951,070,54,091,07000US540919362127940,"Flemington town, Western district, Taylor County, West Virginia",120,96,72,24,4,20,24,22,2
ACSSF,2012e5,wv,000,0036,0000952,070,54,091,07000US540919362199999,"Remainder of Western district, Western district, Taylor County, West Virginia",2713,2084,1662,422,107,315,629,529,100
ACSSF,2012e5,wv,000,0036,0000953,070,54,093,07000US540939019234492,"Hambleton town, Black Fork district, Tucker County, West Virginia",101,50,42,8,3,5,51,31,20
ACSSF,2012e5,wv,000,0036,0000954,070,54,093,07000US540939019236460,"Hendricks town, Black Fork district, Tucker County, West Virginia",144,102,80,22,6,16,42,41,1
ACSSF,2012e5,wv,000,0036,0000955,070,54,093,07000US540939019262284,"Parsons city, Black Fork district, Tucker County, West Virginia",657,462,358,104,29,75,195,167,28
ACSSF,2012e5,wv,000,0036,0000956,070,54,093,07000US540939019299999,"Remainder of Black Fork district, Black Fork district, Tucker County, West Virginia",657,479,417,62,50,12,178,157,21
ACSSF,2012e5,wv,000,0036,0000957,070,54,093,07000US540939062499999,"Clover district, Clover district, Tucker County, West Virginia",186,148,126,22,0,22,38,38,0
ACSSF,2012e5,wv,000,0036,0000958,070,54,093,07000US540939074420428,"Davis town, Davis district, Tucker County, West Virginia",276,167,155,12,0,12,109,107,2
ACSSF,2012e5,wv,000,0036,0000959,070,54,093,07000US540939074480020,"Thomas city (part), Davis district, Tucker County, West Virginia",0,0,0,0,0,0,0,0,0
ACSSF,2012e5,wv,000,0036,0000960,070,54,093,07000US540939074499999,"Remainder of Davis district, Davis district, Tucker County, West Virginia",30,16,8,8,0,8,14,14,0
ACSSF,2012e5,wv,000,0036,0000961,070,54,093,07000US540939094899999,"Dry Fork district, Dry Fork district, Tucker County, West Virginia",320,241,241,0,0,0,79,54,25
ACSSF,2012e5,wv,000,0036,0000962,070,54,093,07000US540939105680020,"Thomas city (part), Fairfax district, Tucker County, West Virginia",258,125,96,29,7,22,133,131,2
ACSSF,2012e5,wv,000,0036,0000963,070,54,093,07000US540939105699999,"Remainder of Fairfax district, Fairfax district, Tucker County, West Virginia",81,76,69,7,0,7,5,5,0
ACSSF,2012e5,wv,000,0036,0000964,070,54,093,07000US540939189699999,"Licking district, Licking district, Tucker County, West Virginia",37,32,11,21,0,21,5,5,0
ACSSF,2012e5,wv,000,0036,0000965,070,54,093,07000US540939268899999,"St. George district, St. George district, Tucker County, West Virginia",382,258,185,73,35,38,124,124,0
ACSSF,2012e5,wv,000,0036,0000966,070,54,095,07000US540959046929404,"Friendly town, Central district, Tyler County, West Virginia",43,28,26,2,0,2,15,15,0
ACSSF,2012e5,wv,000,0036,0000967,070,54,095,07000US540959046953572,"Middlebourne town, Central district, Tyler County, West Virginia",372,223,153,70,14,56,149,141,8
ACSSF,2012e5,wv,000,0036,0000968,070,54,095,07000US540959046999999,"Remainder of Central district, Central district, Tyler County, West Virginia",520,370,351,19,0,19,150,141,9
ACSSF,2012e5,wv,000,0036,0000969,070,54,095,07000US540959233461636,"Paden City city (part), North district, Tyler County, West Virginia",335,200,168,32,28,4,135,135,0
ACSSF,2012e5,wv,000,0036,0000970,070,54,095,07000US540959233499999,"Remainder of North district, North district, Tyler County, West Virginia",539,413,361,52,21,31,126,75,51
ACSSF,2012e5,wv,000,0036,0000971,070,54,095,07000US540959289899999,"South district, South district, Tyler County, West Virginia",959,733,567,166,64,102,226,208,18
ACSSF,2012e5,wv,000,0036,0000972,070,54,095,07000US540959359274380,"Sistersville city, West district, Tyler County, West Virginia",586,380,262,118,20,98,206,167,39
ACSSF,2012e5,wv,000,0036,0000973,070,54,095,07000US540959359299999,"Remainder of West district, West district, Tyler County, West Virginia",281,206,177,29,19,10,75,75,0
ACSSF,2012e5,wv,000,0036,0000974,070,54,097,07000US540979110211188,"Buckhannon city (part), First district, Upshur County, West Virginia",1827,1116,812,304,47,257,711,597,114
ACSSF,2012e5,wv,000,0036,0000975,070,54,097,07000US540979110299999,"Remainder of First district, First district, Upshur County, West Virginia",1070,671,491,180,56,124,399,372,27
ACSSF,2012e5,wv,000,0036,0000976,070,54,097,07000US540979274511188,"Buckhannon city (part), Second district, Upshur County, West Virginia",0,0,0,0,0,0,0,0,0
ACSSF,2012e5,wv,000,0036,0000977,070,54,097,07000US540979274599999,"Remainder of Second district, Second district, Upshur County, West Virginia",2926,2252,1945,307,91,216,674,629,45
ACSSF,2012e5,wv,000,0036,0000978,070,54,097,07000US540979310511188,"Buckhannon city (part), Third district, Upshur County, West Virginia",7,7,7,0,0,0,0,0,0
ACSSF,2012e5,wv,000,0036,0000979,070,54,097,07000US540979310599999,"Remainder of Third district, Third district, Upshur County, West Virginia",3254,2274,1821,453,182,271,980,757,223
ACSSF,2012e5,wv,000,0036,0000980,070,54,099,07000US540999032428516,"Fort Gay town, Butler district, Wayne County, West Virginia",408,243,156,87,23,64,165,158,7
ACSSF,2012e5,wv,000,0036,0000981,070,54,099,07000US540999032445580,"Lavalette CDP (part), Butler district, Wayne County, West Virginia",181,58,58,0,0,0,123,123,0
ACSSF,2012e5,wv,000,0036,0000982,070,54,099,07000US540999032465596,"Prichard CDP, Butler district, Wayne County, West Virginia",180,107,96,11,0,11,73,73,0
ACSSF,2012e5,wv,000,0036,0000983,070,54,099,07000US540999032499999,"Remainder of Butler district, Butler district, Wayne County, West Virginia",2944,2018,1616,402,91,311,926,834,92
ACSSF,2012e5,wv,000,0036,0000984,070,54,099,07000US540999049214308,"Ceredo city (part), Ceredo district, Wayne County, West Virginia",723,370,242,128,57,71,353,267,86
ACSSF,2012e5,wv,000,0036,0000985,070,54,099,07000US540999049243180,"Kenova city, Ceredo district, Wayne County, West Virginia",1436,771,474,297,96,201,665,637,28
ACSSF,2012e5,wv,000,0036,0000986,070,54,099,07000US540999049299999,"Remainder of Ceredo district, Ceredo district, Wayne County, West Virginia",888,703,613,90,29,61,185,99,86
ACSSF,2012e5,wv,000,0036,0000987,070,54,099,07000US540999303619300,"Crum CDP, Stonewall district, Wayne County, West Virginia",33,19,11,8,0,8,14,14,0
ACSSF,2012e5,wv,000,0036,0000988,070,54,099,07000US540999303699999,"Remainder of Stonewall district, Stonewall district, Wayne County, West Virginia",2913,2059,1596,463,129,334,854,717,137
ACSSF,2012e5,wv,000,0036,0000989,070,54,099,07000US540999337245580,"Lavalette CDP (part), Union district, Wayne County, West Virginia",261,199,182,17,0,17,62,62,0
ACSSF,2012e5,wv,000,0036,0000990,070,54,099,07000US540999337284940,"Wayne town, Union district, Wayne County, West Virginia",982,697,511,186,37,149,285,253,32
ACSSF,2012e5,wv,000,0036,0000991,070,54,099,07000US540999337299999,"Remainder of Union district, Union district, Wayne County, West Virginia",2413,1734,1398,336,39,297,679,580,99
ACSSF,2012e5,wv,000,0036,0000992,070,54,099,07000US540999362414308,"Ceredo city (part), Westmoreland district, Wayne County, West Virginia",19,3,3,0,0,0,16,11,5
ACSSF,2012e5,wv,000,0036,0000993,070,54,099,07000US540999362439460,"Huntington city (part), Westmoreland district, Wayne County, West Virginia",1639,981,713,268,66,202,658,586,72
ACSSF,2012e5,wv,000,0036,0000994,070,54,099,07000US540999362499999,"Remainder of Westmoreland district, Westmoreland district, Wayne County, West Virginia",1763,1191,921,270,27,243,572,517,55
ACSSF,2012e5,wv,000,0036,0000995,070,54,101,07000US541019047100364,"Addison (Webster Springs) town, Central district, Webster County, West Virginia",506,353,215,138,19,119,153,148,5
ACSSF,2012e5,wv,000,0036,0000996,070,54,101,07000US541019047199999,"Remainder of Central district, Central district, Webster County, West Virginia",836,620,469,151,90,61,216,154,62
ACSSF,2012e5,wv,000,0036,0000997,070,54,101,07000US541019236006436,"Bergoo CDP, Northern district, Webster County, West Virginia",13,13,4,9,0,9,0,0,0
ACSSF,2012e5,wv,000,0036,0000998,070,54,101,07000US541019236099999,"Remainder of Northern district, Northern district, Webster County, West Virginia",1163,851,740,111,47,64,312,268,44
ACSSF,2012e5,wv,000,0036,0000999,070,54,101,07000US541019292512436,"Camden-on-Gauley town, Southern district, Webster County, West Virginia",57,37,23,14,0,14,20,15,5
ACSSF,2012e5,wv,000,0036,0001000,070,54,101,07000US541019292518412,"Cowen town, Southern district, Webster County, West Virginia",242,157,115,42,16,26,85,85,0
ACSSF,2012e5,wv,000,0036,0001001,070,54,101,07000US541019292599999,"Remainder of Southern district, Southern district, Webster County, West Virginia",1298,873,736,137,31,106,425,354,71
ACSSF,2012e5,wv,000,0036,0001002,070,54,103,07000US541039079439340,"Hundred town, District 1, Wetzel County, West Virginia",120,76,65,11,2,9,44,30,14
ACSSF,2012e5,wv,000,0036,0001003,070,54,103,07000US541039079440636,"Jacksonburg CDP, District 1, Wetzel County, West Virginia",24,8,8,0,0,0,16,16,0
ACSSF,2012e5,wv,000,0036,0001004,070,54,103,07000US541039079447788,"Littleton CDP, District 1, Wetzel County, West Virginia",87,81,4,77,14,63,6,3,3
ACSSF,2012e5,wv,000,0036,0001005,070,54,103,07000US541039079463892,"Pine Grove town, District 1, Wetzel County, West Virginia",232,169,117,52,10,42,63,63,0
ACSSF,2012e5,wv,000,0036,0001006,070,54,103,07000US541039079467252,"Reader CDP, District 1, Wetzel County, West Virginia",219,140,112,28,15,13,79,79,0
ACSSF,2012e5,wv,000,0036,0001007,070,54,103,07000US541039079474788,"Smithfield town, District 1, Wetzel County, West Virginia",88,54,36,18,4,14,34,34,0
ACSSF,2012e5,wv,000,0036,0001008,070,54,103,07000US541039079499999,"District Remainder of 1, District 1, Wetzel County, West Virginia",1688,1179,1070,109,58,51,509,502,7
ACSSF,2012e5,wv,000,0036,0001009,070,54,103,07000US541039083061636,"Paden City city (part), District 2, Wetzel County, West Virginia",843,531,402,129,39,90,312,312,0
ACSSF,2012e5,wv,000,0036,0001010,070,54,103,07000US541039083099999,"District Remainder of 2, District 2, Wetzel County, West Virginia",1421,1103,874,229,53,176,318,229,89
ACSSF,2012e5,wv,000,0036,0001011,070,54,103,07000US541039086758684,"New Martinsville city, District 3, Wetzel County, West Virginia",2258,1386,1121,265,5,260,872,772,100
ACSSF,2012e5,wv,000,0036,0001012,070,54,103,07000US541039086799999,"District Remainder of 3, District 3, Wetzel County, West Virginia",0,0,0,0,0,0,0,0,0
ACSSF,2012e5,wv,000,0036,0001013,070,54,105,07000US541059047324364,"Elizabeth town, Central district, Wirt County, West Virginia",415,261,175,86,30,56,154,132,22
ACSSF,2012e5,wv,000,0036,0001014,070,54,105,07000US541059047399999,"Remainder of Central district, Central district, Wirt County, West Virginia",354,271,236,35,0,35,83,58,25
ACSSF,2012e5,wv,000,0036,0001015,070,54,105,07000US541059234499999,"Northeast district, Northeast district, Wirt County, West Virginia",670,394,298,96,0,96,276,175,101
ACSSF,2012e5,wv,000,0036,0001016,070,54,105,07000US541059295899999,"Southwest district, Southwest district, Wirt County, West Virginia",864,633,573,60,12,48,231,183,48
ACSSF,2012e5,wv,000,0036,0001017,070,54,107,07000US541079058899999,"Clay district, Clay district, Wood County, West Virginia",2571,1803,1598,205,16,189,768,629,139
ACSSF,2012e5,wv,000,0036,0001018,070,54,107,07000US541079156099999,"Harris district, Harris district, Wood County, West Virginia",632,396,365,31,9,22,236,177,59
ACSSF,2012e5,wv,000,0036,0001019,070,54,107,07000US541079198008308,"Blennerhassett CDP, Lubeck district, Wood County, West Virginia",1292,970,701,269,129,140,322,295,27
ACSSF,2012e5,wv,000,0036,0001020,070,54,107,07000US541079198049156,"Lubeck CDP, Lubeck district, Wood County, West Virginia",507,348,271,77,56,21,159,128,31
ACSSF,2012e5,wv,000,0036,0001021,070,54,107,07000US541079198062140,"Parkersburg city (part), Lubeck district, Wood County, West Virginia",439,310,259,51,19,32,129,123,6
ACSSF,2012e5,wv,000,0036,0001022,070,54,107,07000US541079198084724,"Washington CDP, Lubeck district, Wood County, West Virginia",525,435,379,56,9,47,90,81,9
ACSSF,2012e5,wv,000,0036,0001023,070,54,107,07000US541079198099999,"Remainder of Lubeck district, Lubeck district, Wood County, West Virginia",1451,1120,881,239,43,196,331,279,52
ACSSF,2012e5,wv,000,0036,0001024,070,54,107,07000US541079242459458,"North Hills town (part), Parkersburg district, Wood County, West Virginia",83,59,38,21,19,2,24,21,3
ACSSF,2012e5,wv,000,0036,0001025,070,54,107,07000US541079242462140,"Parkersburg city (part), Parkersburg district, Wood County, West Virginia",8978,4794,3382,1412,340,1072,4184,3601,583
ACSSF,2012e5,wv,000,0036,0001026,070,54,107,07000US541079242483500,"Vienna city (part), Parkersburg district, Wood County, West Virginia",2276,1524,1153,371,29,342,752,640,112
ACSSF,2012e5,wv,000,0036,0001027,070,54,107,07000US541079242499999,"Remainder of Parkersburg district, Parkersburg district, Wood County, West Virginia",1350,675,490,185,69,116,675,571,104
ACSSF,2012e5,wv,000,0036,0001028,070,54,107,07000US541079285654580,"Mineralwells CDP, Slate district, Wood County, West Virginia",504,397,337,60,31,29,107,91,16
ACSSF,2012e5,wv,000,0036,0001029,070,54,107,07000US541079285699999,"Remainder of Slate district, Slate district, Wood County, West Virginia",1149,789,706,83,59,24,360,282,78
ACSSF,2012e5,wv,000,0036,0001030,070,54,107,07000US541079302499999,"Steele district, Steele district, Wood County, West Virginia",504,451,397,54,0,54,53,53,0
ACSSF,2012e5,wv,000,0036,0001031,070,54,107,07000US541079318062140,"Parkersburg city (part), Tygart district, Wood County, West Virginia",4255,2776,1849,927,233,694,1479,1317,162
ACSSF,2012e5,wv,000,0036,0001032,070,54,107,07000US541079318099999,"Remainder of Tygart district, Tygart district, Wood County, West Virginia",1530,1066,730,336,88,248,464,323,141
ACSSF,2012e5,wv,000,0036,0001033,070,54,107,07000US541079338484916,"Waverly CDP, Union district, Wood County, West Virginia",166,141,141,0,0,0,25,21,4
ACSSF,2012e5,wv,000,0036,0001034,070,54,107,07000US541079338499999,"Remainder of Union district, Union district, Wood County, West Virginia",1600,1255,1083,172,44,128,345,266,79
ACSSF,2012e5,wv,000,0036,0001035,070,54,107,07000US541079344499999,"Walker district, Walker district, Wood County, West Virginia",439,354,238,116,33,83,85,85,0
ACSSF,2012e5,wv,000,0036,0001036,070,54,107,07000US541079367208836,"Boaz CDP, Williams district, Wood County, West Virginia",667,471,408,63,17,46,196,193,3
ACSSF,2012e5,wv,000,0036,0001037,070,54,107,07000US541079367259458,"North Hills town (part), Williams district, Wood County, West Virginia",237,194,158,36,18,18,43,38,5
ACSSF,2012e5,wv,000,0036,0001038,070,54,107,07000US541079367283500,"Vienna city (part), Williams district, Wood County, West Virginia",2309,1604,1406,198,52,146,705,634,71
ACSSF,2012e5,wv,000,0036,0001039,070,54,107,07000US541079367287556,"Williamstown city, Williams district, Wood County, West Virginia",1224,828,684,144,55,89,396,382,14
ACSSF,2012e5,wv,000,0036,0001040,070,54,107,07000US541079367299999,"Remainder of Williams district, Williams district, Wood County, West Virginia",1095,814,665,149,41,108,281,266,15
ACSSF,2012e5,wv,000,0036,0001041,070,54,109,07000US541099079511212,"Bud CDP, District 1, Wyoming County, West Virginia",126,118,33,85,66,19,8,8,0
ACSSF,2012e5,wv,000,0036,0001042,070,54,109,07000US541099079517836,"Corinne CDP, District 1, Wyoming County, West Virginia",93,54,19,35,0,35,39,39,0
ACSSF,2012e5,wv,000,0036,0001043,070,54,109,07000US541099079518388,"Covel CDP, District 1, Wyoming County, West Virginia",67,67,67,0,0,0,0,0,0
ACSSF,2012e5,wv,000,0036,0001044,070,54,109,07000US541099079531756,"Glen Fork CDP, District 1, Wyoming County, West Virginia",171,85,27,58,0,58,86,76,10
ACSSF,2012e5,wv,000,0036,0001045,070,54,109,07000US541099079540444,"Itmann CDP, District 1, Wyoming County, West Virginia",86,73,61,12,0,12,13,13,0
ACSSF,2012e5,wv,000,0036,0001046,070,54,109,07000US541099079557148,"Mullens city, District 1, Wyoming County, West Virginia",939,554,439,115,28,87,385,352,33
ACSSF,2012e5,wv,000,0036,0001047,070,54,109,07000US541099079599999,"District Remainder of 1, District 1, Wyoming County, West Virginia",1401,1131,962,169,52,117,270,258,12
ACSSF,2012e5,wv,000,0036,0001048,070,54,109,07000US541099083109964,"Brenton CDP, District 2, Wyoming County, West Virginia",79,54,54,0,0,0,25,25,0
ACSSF,2012e5,wv,000,0036,0001049,070,54,109,07000US541099083158756,"New Richmond CDP, District 2, Wyoming County, West Virginia",67,67,67,0,0,0,0,0,0
ACSSF,2012e5,wv,000,0036,0001050,070,54,109,07000US541099083163940,"Pineville town, District 2, Wyoming County, West Virginia",438,330,285,45,7,38,108,100,8
ACSSF,2012e5,wv,000,0036,0001051,070,54,109,07000US541099083199999,"District Remainder of 2, District 2, Wyoming County, West Virginia",2309,1611,1296,315,133,182,698,571,127
ACSSF,2012e5,wv,000,0036,0001052,070,54,109,07000US541099086844548,"Kopperston CDP, District 3, Wyoming County, West Virginia",77,77,65,12,0,12,0,0,0
ACSSF,2012e5,wv,000,0036,0001053,070,54,109,07000US541099086852372,"Matheny CDP, District 3, Wyoming County, West Virginia",200,154,126,28,0,28,46,25,21
ACSSF,2012e5,wv,000,0036,0001054,070,54,109,07000US541099086860364,"Oceana town, District 3, Wyoming County, West Virginia",733,550,415,135,49,86,183,156,27
ACSSF,2012e5,wv,000,0036,0001055,070,54,109,07000US541099086899999,"District Remainder of 3, District 3, Wyoming County, West Virginia",2360,1758,1389,369,77,292,602,584,18
ACSSF,2012e5,wv,000,0036,0001056,080,54,001,08000US540019232863292965600,"Census Tract 9656 (part), Philippi city (part), North district, Barbour County, West Virginia",734,385,268,117,31,86,349,320,29
ACSSF,2012e5,wv,000,0036,0001057,080,54,001,08000US540019232863292965700,"Census Tract 9657 (part), Philippi city (part), North district, Barbour County, West Virginia",54,54,26,28,0,28,0,0,0
ACSSF,2012e5,wv,000,0036,0001058,080,54,001,08000US540019232899999965600,"Census Tract 9656 (part), Remainder of North district, North district, Barbour County, West Virginia",180,142,116,26,0,26,38,38,0
ACSSF,2012e5,wv,000,0036,0001059,080,54,001,08000US540019232899999965700,"Census Tract 9657 (part), Remainder of North district, North district, Barbour County, West Virginia",1577,1108,1017,91,0,91,469,469,0
ACSSF,2012e5,wv,000,0036,0001060,080,54,001,08000US540019289205788965800,"Census Tract 9658 (part), Belington town, South district, Barbour County, West Virginia",752,587,401,186,40,146,165,125,40
ACSSF,2012e5,wv,000,0036,0001061,080,54,001,08000US540019289242244965800,"Census Tract 9658 (part), Junior town, South district, Barbour County, West Virginia",184,121,65,56,41,15,63,63,0
ACSSF,2012e5,wv,000,0036,0001062,080,54,001,08000US540019289299999965500,"Census Tract 9655 (part), Remainder of South district, South district, Barbour County, West Virginia",450,289,228,61,16,45,161,161,0
ACSSF,2012e5,wv,000,0036,0001063,080,54,001,08000US540019289299999965700,"Census Tract 9657 (part), Remainder of South district, South district, Barbour County, West Virginia",356,280,237,43,0,43,76,76,0
ACSSF,2012e5,wv,000,0036,0001064,080,54,001,08000US540019289299999965800,"Census Tract 9658 (part), Remainder of South district, South district, Barbour County, West Virginia",467,336,273,63,51,12,131,120,11
ACSSF,2012e5,wv,000,0036,0001065,080,54,001,08000US540019358814212965500,"Census Tract 9655 (part), Century CDP, West district, Barbour County, West Virginia",28,22,13,9,0,9,6,6,0
ACSSF,2012e5,wv,000,0036,0001066,080,54,001,08000US540019358829740965500,"Census Tract 9655 (part), Galloway CDP, West district, Barbour County, West Virginia",43,43,43,0,0,0,0,0,0
ACSSF,2012e5,wv,000,0036,0001067,080,54,001,08000US540019358863292965500,"Census Tract 9655 (part), Philippi city (part), West district, Barbour County, West Virginia",43,38,15,23,0,23,5,5,0
ACSSF,2012e5,wv,000,0036,0001068,080,54,001,08000US540019358863292965600,"Census Tract 9656 (part), Philippi city (part), West district, Barbour County, West Virginia",298,167,126,41,25,16,131,100,31
ACSSF,2012e5,wv,000,0036,0001069,080,54,001,08000US540019358899999965500,"Census Tract 9655 (part), Remainder of West district, West district, Barbour County, West Virginia",940,757,605,152,74,78,183,156,27
ACSSF,2012e5,wv,000,0036,0001070,080,54,001,08000US540019358899999965600,"Census Tract 9656 (part), Remainder of West district, West district, Barbour County, West Virginia",100,36,36,0,0,0,64,64,0
ACSSF,2012e5,wv,000,0036,0001071,080,54,003,08000US540039000652060971300,"Census Tract 9713 (part), Martinsburg city (part), Adam Stephens district, Berkeley County, West Virginia",90,35,22,13,13,0,55,55,0
ACSSF,2012e5,wv,000,0036,0001072,080,54,003,08000US540039000652060971400,"Census Tract 9714 (part), Martinsburg city (part), Adam Stephens district, Berkeley County, West Virginia",145,109,59,50,0,50,36,36,0
ACSSF,2012e5,wv,000,0036,0001073,080,54,003,08000US540039000652060971500,"Census Tract 9715 (part), Martinsburg city (part), Adam Stephens district, Berkeley County, West Virginia",1555,939,578,361,166,195,616,568,48
ACSSF,2012e5,wv,000,0036,0001074,080,54,003,08000US540039000652060971600,"Census Tract 9716 (part), Martinsburg city (part), Adam Stephens district, Berkeley County, West Virginia",1871,1057,887,170,22,148,814,740,74
ACSSF,2012e5,wv,000,0036,0001075,080,54,003,08000US540039000652060971700,"Census Tract 9717 (part), Martinsburg city (part), Adam Stephens district, Berkeley County, West Virginia",2321,1186,653,533,159,374,1135,964,171
ACSSF,2012e5,wv,000,0036,0001076,080,54,003,08000US540039000652060972000,"Census Tract 9720 (part), Martinsburg city (part), Adam Stephens district, Berkeley County, West Virginia",12,12,0,12,0,12,0,0,0
ACSSF,2012e5,wv,000,0036,0001077,080,54,003,08000US540039000699999971300,"Census Tract 9713 (part), Remainder of Adam Stephens district, Adam Stephens district, Berkeley County, West Virginia",0,0,0,0,0,0,0,0,0
ACSSF,2012e5,wv,000,0036,0001078,080,54,003,08000US540039000699999971400,"Census Tract 9714 (part), Remainder of Adam Stephens district, Adam Stephens district, Berkeley County, West Virginia",36,0,0,0,0,0,36,36,0
ACSSF,2012e5,wv,000,0036,0001079,080,54,003,08000US540039000699999971500,"Census Tract 9715 (part), Remainder of Adam Stephens district, Adam Stephens district, Berkeley County, West Virginia",67,67,67,0,0,0,0,0,0
ACSSF,2012e5,wv,000,0036,0001080,080,54,003,08000US540039000699999971600,"Census Tract 9716 (part), Remainder of Adam Stephens district, Adam Stephens district, Berkeley County, West Virginia",0,0,0,0,0,0,0,0,0
ACSSF,2012e5,wv,000,0036,0001081,080,54,003,08000US540039000699999971700,"Census Tract 9717 (part), Remainder of Adam Stephens district, Adam Stephens district, Berkeley County, West Virginia",77,77,77,0,0,0,0,0,0
ACSSF,2012e5,wv,000,0036,0001082,080,54,003,08000US540039000699999971900,"Census Tract 9719 (part), Remainder of Adam Stephens district, Adam Stephens district, Berkeley County, West Virginia",161,129,47,82,70,12,32,32,0
ACSSF,2012e5,wv,000,0036,0001083,080,54,003,08000US540039232236220971201,"Census Tract 9712.01 (part), Hedgesville town (part), Norborne district, Berkeley County, West Virginia",116,65,52,13,2,11,51,44,7
ACSSF,2012e5,wv,000,0036,0001084,080,54,003,08000US540039232252060971300,"Census Tract 9713 (part), Martinsburg city (part), Norborne district, Berkeley County, West Virginia",379,273,110,163,11,152,106,82,24
ACSSF,2012e5,wv,000,0036,0001085,080,54,003,08000US540039232252060971600,"Census Tract 9716 (part), Martinsburg city (part), Norborne district, Berkeley County, West Virginia",0,0,0,0,0,0,0,0,0
ACSSF,2012e5,wv,000,0036,0001086,080,54,003,08000US540039232252060971900,"Census Tract 9719 (part), Martinsburg city (part), Norborne district, Berkeley County, West Virginia",560,474,358,116,49,67,86,56,30
ACSSF,2012e5,wv,000,0036,0001087,080,54,003,08000US540039232299999971201,"Census Tract 9712.01 (part), Remainder of Norborne district, Norborne district, Berkeley County, West Virginia",2311,1845,1575,270,85,185,466,311,155
ACSSF,2012e5,wv,000,0036,0001088,080,54,003,08000US540039232299999971300,"Census Tract 9713 (part), Remainder of Norborne district, Norborne district, Berkeley County, West Virginia",321,227,175,52,5,47,94,77,17
ACSSF,2012e5,wv,000,0036,0001089,080,54,003,08000US540039232299999971600,"Census Tract 9716 (part), Remainder of Norborne district, Norborne district, Berkeley County, West Virginia",0,0,0,0,0,0,0,0,0
ACSSF,2012e5,wv,000,0036,0001090,080,54,003,08000US540039232299999971800,"Census Tract 9718 (part), Remainder of Norborne district, Norborne district, Berkeley County, West Virginia",0,0,0,0,0,0,0,0,0
ACSSF,2012e5,wv,000,0036,0001091,080,54,003,08000US540039232299999971900,"Census Tract 9719 (part), Remainder of Norborne district, Norborne district, Berkeley County, West Virginia",194,171,137,34,13,21,23,23,0
ACSSF,2012e5,wv,000,0036,0001092,080,54,003,08000US540039252626716971101,"Census Tract 9711.01 (part), Falling Waters CDP, Potomac district, Berkeley County, West Virginia",298,231,184,47,10,37,67,67,0
ACSSF,2012e5,wv,000,0036,0001093,080,54,003,08000US540039252652060971300,"Census Tract 9713 (part), Martinsburg city (part), Potomac district, Berkeley County, West Virginia",0,0,0,0,0,0,0,0,0
ACSSF,2012e5,wv,000,0036,0001094,080,54,003,08000US540039252699999971101,"Census Tract 9711.01 (part), Remainder of Potomac district, Potomac district, Berkeley County, West Virginia",1476,1041,868,173,13,160,435,390,45
ACSSF,2012e5,wv,000,0036,0001095,080,54,003,08000US540039252699999971102,"Census Tract 9711.02 (part), Remainder of Potomac district, Potomac district, Berkeley County, West Virginia",3362,2605,2041,564,269,295,757,600,157
ACSSF,2012e5,wv,000,0036,0001096,080,54,003,08000US540039252699999971300,"Census Tract 9713 (part), Remainder of Potomac district, Potomac district, Berkeley County, West Virginia",1357,770,514,256,81,175,587,555,32
ACSSF,2012e5,wv,000,0036,0001097,080,54,003,08000US540039275440204972101,"Census Tract 9721.01 (part), Inwood CDP, Shenandoah district, Berkeley County, West Virginia",0,0,0,0,0,0,0,0,0
ACSSF,2012e5,wv,000,0036,0001098,080,54,003,08000US540039275440204972102,"Census Tract 9721.02 (part), Inwood CDP, Shenandoah district, Berkeley County, West Virginia",920,644,414,230,109,121,276,242,34
ACSSF,2012e5,wv,000,0036,0001099,080,54,003,08000US540039275499999971900,"Census Tract 9719 (part), Remainder of Shenandoah district, Shenandoah district, Berkeley County, West Virginia",886,553,433,120,39,81,333,232,101
ACSSF,2012e5,wv,000,0036,0001100,080,54,003,08000US540039275499999972000,"Census Tract 9720 (part), Remainder of Shenandoah district, Shenandoah district, Berkeley County, West Virginia",1434,1145,940,205,52,153,289,215,74
ACSSF,2012e5,wv,000,0036,0001101,080,54,003,08000US540039275499999972101,"Census Tract 9721.01 (part), Remainder of Shenandoah district, Shenandoah district, Berkeley County, West Virginia",1849,1343,989,354,133,221,506,448,58
ACSSF,2012e5,wv,000,0036,0001102,080,54,003,08000US540039275499999972102,"Census Tract 9721.02 (part), Remainder of Shenandoah district, Shenandoah district, Berkeley County, West Virginia",2686,1822,1368,454,95,359,864,777,87
ACSSF,2012e5,wv,000,0036,0001103,080,54,003,08000US540039317152060971300,"Census Tract 9713 (part), Martinsburg city (part), Tuscarora district, Berkeley County, West Virginia",0,0,0,0,0,0,0,0,0
ACSSF,2012e5,wv,000,0036,0001104,080,54,003,08000US540039317152060971400,"Census Tract 9714 (part), Martinsburg city (part), Tuscarora district, Berkeley County, West Virginia",202,155,59,96,38,58,47,31,16
ACSSF,2012e5,wv,000,0036,0001105,080,54,003,08000US540039317152060971500,"Census Tract 9715 (part), Martinsburg city (part), Tuscarora district, Berkeley County, West Virginia",50,0,0,0,0,0,50,50,0
ACSSF,2012e5,wv,000,0036,0001106,080,54,003,08000US540039317152060971900,"Census Tract 9719 (part), Martinsburg city (part), Tuscarora district, Berkeley County, West Virginia",0,0,0,0,0,0,0,0,0
ACSSF,2012e5,wv,000,0036,0001107,080,54,003,08000US540039317152060972000,"Census Tract 9720 (part), Martinsburg city (part), Tuscarora district, Berkeley County, West Virginia",235,134,108,26,0,26,101,56,45
ACSSF,2012e5,wv,000,0036,0001108,080,54,003,08000US540039317199999971300,"Census Tract 9713 (part), Remainder of Tuscarora district, Tuscarora district, Berkeley County, West Virginia",1371,1002,725,277,66,211,369,281,88
ACSSF,2012e5,wv,000,0036,0001109,080,54,003,08000US540039317199999971400,"Census Tract 9714 (part), Remainder of Tuscarora district, Tuscarora district, Berkeley County, West Virginia",3011,2284,1813,471,135,336,727,564,163
ACSSF,2012e5,wv,000,0036,0001110,080,54,003,08000US540039317199999971500,"Census Tract 9715 (part), Remainder of Tuscarora district, Tuscarora district, Berkeley County, West Virginia",123,74,58,16,0,16,49,49,0
ACSSF,2012e5,wv,000,0036,0001111,080,54,003,08000US540039317199999971900,"Census Tract 9719 (part), Remainder of Tuscarora district, Tuscarora district, Berkeley County, West Virginia",66,55,35,20,0,20,11,11,0
ACSSF,2012e5,wv,000,0036,0001112,080,54,003,08000US540039317199999972000,"Census Tract 9720 (part), Remainder of Tuscarora district, Tuscarora district, Berkeley County, West Virginia",2454,1694,1007,687,159,528,760,668,92
ACSSF,2012e5,wv,000,0036,0001113,080,54,003,08000US540039338836220971201,"Census Tract 9712.01 (part), Hedgesville town (part), Valley district, Berkeley County, West Virginia",0,0,0,0,0,0,0,0,0
ACSSF,2012e5,wv,000,0036,0001114,080,54,003,08000US540039338899999971102,"Census Tract 9711.02 (part), Remainder of Valley district, Valley district, Berkeley County, West Virginia",0,0,0,0,0,0,0,0,0
ACSSF,2012e5,wv,000,0036,0001115,080,54,003,08000US540039338899999971201,"Census Tract 9712.01 (part), Remainder of Valley district, Valley district, Berkeley County, West Virginia",983,796,547,249,116,133,187,159,28
ACSSF,2012e5,wv,000,0036,0001116,080,54,003,08000US540039338899999971202,"Census Tract 9712.02, Remainder of Valley district, Valley district, Berkeley County, West Virginia",2309,1644,1291,353,45,308,665,574,91
ACSSF,2012e5,wv,000,0036,0001117,080,54,003,08000US540039338899999971800,"Census Tract 9718 (part), Remainder of Valley district, Valley district, Berkeley County, West Virginia",3104,2271,1852,419,161,258,833,605,228
ACSSF,2012e5,wv,000,0036,0001118,080,54,003,08000US540039338899999971900,"Census Tract 9719 (part), Remainder of Valley district, Valley district, Berkeley County, West Virginia",1600,1115,760,355,59,296,485,427,58
ACSSF,2012e5,wv,000,0036,0001119,080,54,003,08000US540039338899999972102,"Census Tract 9721.02 (part), Remainder of Valley district, Valley district, Berkeley County, West Virginia",0,0,0,0,0,0,0,0,0
ACSSF,2012e5,wv,000,0036,0001120,080,54,005,08000US540059076217380958501,"Census Tract 9585.01 (part), Comfort CDP, District 1, Boone County, West Virginia",18,18,18,0,0,0,0,0,0
ACSSF,2012e5,wv,000,0036,0001121,080,54,005,08000US540059076217380958600,"Census Tract 9586 (part), Comfort CDP, District 1, Boone County, West Virginia",99,99,99,0,0,0,0,0,0
ACSSF,2012e5,wv,000,0036,0001122,080,54,005,08000US540059076266484958501,"Census Tract 9585.01 (part), Racine CDP, District 1, Boone County, West Virginia",92,31,31,0,0,0,61,61,0
ACSSF,2012e5,wv,000,0036,0001123,080,54,005,08000US540059076266484958600,"Census Tract 9586 (part), Racine CDP, District 1, Boone County, West Virginia",23,23,23,0,0,0,0,0,0
ACSSF,2012e5,wv,000,0036,0001124,080,54,005,08000US540059076278964958501,"Census Tract 9585.01 (part), Sylvester town, District 1, Boone County, West Virginia",102,82,77,5,0,5,20,16,4
ACSSF,2012e5,wv,000,0036,0001125,080,54,005,08000US540059076278964958600,"Census Tract 9586 (part), Sylvester town, District 1, Boone County, West Virginia",47,37,37,0,0,0,10,10,0
ACSSF,2012e5,wv,000,0036,0001126,080,54,005,08000US540059076286836958501,"Census Tract 9585.01 (part), Whitesville town, District 1, Boone County, West Virginia",182,108,87,21,5,16,74,53,21
ACSSF,2012e5,wv,000,0036,0001127,080,54,005,08000US540059076286836958600,"Census Tract 9586 (part), Whitesville town, District 1, Boone County, West Virginia",66,36,27,9,0,9,30,20,10
ACSSF,2012e5,wv,000,0036,0001128,080,54,005,08000US540059076299999958200,"Census Tract 9582 (part), District Remainder of 1, District 1, Boone County, West Virginia",1046,811,651,160,15,145,235,206,29
ACSSF,2012e5,wv,000,0036,0001129,080,54,005,08000US540059076299999958501,"Census Tract 9585.01 (part), District Remainder of 1, District 1, Boone County, West Virginia",934,695,481,214,65,149,239,239,0
ACSSF,2012e5,wv,000,0036,0001130,080,54,005,08000US540059076299999958502,"Census Tract 9585.02 (part), District Remainder of 1, District 1, Boone County, West Virginia",0,0,0,0,0,0,0,0,0
ACSSF,2012e5,wv,000,0036,0001131,080,54,005,08000US540059076299999958600,"Census Tract 9586 (part), District Remainder of 1, District 1, Boone County, West Virginia",730,542,400,142,76,66,188,174,14
ACSSF,2012e5,wv,000,0036,0001132,080,54,005,08000US540059079633580958800,"Census Tract 9588 (part), Greenview CDP, District 2, Boone County, West Virginia",133,83,28,55,10,45,50,50,0
ACSSF,2012e5,wv,000,0036,0001133,080,54,005,08000US540059079650524958502,"Census Tract 9585.02 (part), Madison city (part), District 2, Boone County, West Virginia",143,108,65,43,34,9,35,35,0
ACSSF,2012e5,wv,000,0036,0001134,080,54,005,08000US540059079650524958800,"Census Tract 9588 (part), Madison city (part), District 2, Boone County, West Virginia",36,21,5,16,16,0,15,15,0
ACSSF,2012e5,wv,000,0036,0001135,080,54,005,08000US540059079681484958502,"Census Tract 9585.02 (part), Twilight CDP, District 2, Boone County, West Virginia",0,0,0,0,0,0,0,0,0
ACSSF,2012e5,wv,000,0036,0001136,080,54,005,08000US540059079681484958700,"Census Tract 9587 (part), Twilight CDP, District 2, Boone County, West Virginia",28,28,28,0,0,0,0,0,0
ACSSF,2012e5,wv,000,0036,0001137,080,54,005,08000US540059079682852958502,"Census Tract 9585.02 (part), Van CDP, District 2, Boone County, West Virginia",20,0,0,0,0,0,20,20,0
ACSSF,2012e5,wv,000,0036,0001138,080,54,005,08000US540059079682852958700,"Census Tract 9587 (part), Van CDP, District 2, Boone County, West Virginia",22,22,22,0,0,0,0,0,0
ACSSF,2012e5,wv,000,0036,0001139,080,54,005,08000US540059079682852958800,"Census Tract 9588 (part), Van CDP, District 2, Boone County, West Virginia",8,8,0,8,8,0,0,0,0
ACSSF,2012e5,wv,000,0036,0001140,080,54,005,08000US540059079699999958300,"Census Tract 9583 (part), District Remainder of 2, District 2, Boone County, West Virginia",666,459,377,82,31,51,207,175,32
ACSSF,2012e5,wv,000,0036,0001141,080,54,005,08000US540059079699999958502,"Census Tract 9585.02 (part), District Remainder of 2, District 2, Boone County, West Virginia",202,143,97,46,30,16,59,59,0
ACSSF,2012e5,wv,000,0036,0001142,080,54,005,08000US540059079699999958700,"Census Tract 9587 (part), District Remainder of 2, District 2, Boone County, West Virginia",689,526,422,104,22,82,163,153,10
ACSSF,2012e5,wv,000,0036,0001143,080,54,005,08000US540059079699999958800,"Census Tract 9588 (part), District Remainder of 2, District 2, Boone County, West Virginia",667,519,443,76,0,76,148,148,0
ACSSF,2012e5,wv,000,0036,0001144,080,54,005,08000US540059083220212958200,"Census Tract 9582 (part), Danville town, District 3, Boone County, West Virginia",0,0,0,0,0,0,0,0,0
ACSSF,2012e5,wv,000,0036,0001145,080,54,005,08000US540059083220212958300,"Census Tract 9583 (part), Danville town, District 3, Boone County, West Virginia",178,22,22,0,0,0,156,156,0
ACSSF,2012e5,wv,000,0036,0001146,080,54,005,08000US540059083220212958400,"Census Tract 9584 (part), Danville town, District 3, Boone County, West Virginia",100,74,55,19,0,19,26,9,17
ACSSF,2012e5,wv,000,0036,0001147,080,54,005,08000US540059083220212958502,"Census Tract 9585.02 (part), Danville town, District 3, Boone County, West Virginia",154,125,94,31,2,29,29,29,0
ACSSF,2012e5,wv,000,0036,0001148,080,54,005,08000US540059083250524958400,"Census Tract 9584 (part), Madison city (part), District 3, Boone County, West Virginia",539,319,248,71,12,59,220,189,31
ACSSF,2012e5,wv,000,0036,0001149,080,54,005,08000US540059083250524958502,"Census Tract 9585.02 (part), Madison city (part), District 3, Boone County, West Virginia",556,392,273,119,21,98,164,164,0
ACSSF,2012e5,wv,000,0036,0001150,080,54,005,08000US540059083250524958800,"Census Tract 9588 (part), Madison city (part), District 3, Boone County, West Virginia",106,70,56,14,14,0,36,24,12
ACSSF,2012e5,wv,000,0036,0001151,080,54,005,08000US540059083299999958200,"Census Tract 9582 (part), District Remainder of 3, District 3, Boone County, West Virginia",616,432,331,101,49,52,184,184,0
ACSSF,2012e5,wv,000,0036,0001152,080,54,005,08000US540059083299999958300,"Census Tract 9583 (part), District Remainder of 3, District 3, Boone County, West Virginia",806,566,458,108,45,63,240,207,33
ACSSF,2012e5,wv,000,0036,0001153,080,54,005,08000US540059083299999958400,"Census Tract 9584 (part), District Remainder of 3, District 3, Boone County, West Virginia",189,156,124,32,0,32,33,20,13
ACSSF,2012e5,wv,000,0036,0001154,080,54,005,08000US540059083299999958502,"Census Tract 9585.02 (part), District Remainder of 3, District 3, Boone County, West Virginia",344,248,241,7,0,7,96,27,69
ACSSF,2012e5,wv,000,0036,0001155,080,54,005,08000US540059083299999958800,"Census Tract 9588 (part), District Remainder of 3, District 3, Boone County, West Virginia",214,214,201,13,0,13,0,0,0
ACSSF,2012e5,wv,000,0036,0001156,080,54,007,08000US540079096827868967900,"Census Tract 9679 (part), Flatwoods town (part), Eastern district, Braxton County, West Virginia",61,29,21,8,3,5,32,30,2
ACSSF,2012e5,wv,000,0036,0001157,080,54,007,08000US540079096878580968100,"Census Tract 9681 (part), Sutton town (part), Eastern district, Braxton County, West Virginia",404,243,174,69,4,65,161,149,12
ACSSF,2012e5,wv,000,0036,0001158,080,54,007,08000US540079096899999967900,"Census Tract 9679 (part), Remainder of Eastern district, Eastern district, Braxton County, West Virginia",471,264,221,43,21,22,207,153,54
ACSSF,2012e5,wv,000,0036,0001159,080,54,007,08000US540079096899999968100,"Census Tract 9681 (part), Remainder of Eastern district, Eastern district, Braxton County, West Virginia",405,250,246,4,4,0,155,95,60
ACSSF,2012e5,wv,000,0036,0001160,080,54,007,08000US540079234611716967900,"Census Tract 9679 (part), Burnsville town, Northern district, Braxton County, West Virginia",217,149,81,68,28,40,68,56,12
ACSSF,2012e5,wv,000,0036,0001161,080,54,007,08000US540079234627868967900,"Census Tract 9679 (part), Flatwoods town (part), Northern district, Braxton County, West Virginia",111,75,67,8,0,8,36,19,17
ACSSF,2012e5,wv,000,0036,0001162,080,54,007,08000US540079234699999967900,"Census Tract 9679 (part), Remainder of Northern district, Northern district, Braxton County, West Virginia",1149,714,614,100,11,89,435,370,65
ACSSF,2012e5,wv,000,0036,0001163,080,54,007,08000US540079234699999968000,"Census Tract 9680 (part), Remainder of Northern district, Northern district, Braxton County, West Virginia",34,12,12,0,0,0,22,22,0
ACSSF,2012e5,wv,000,0036,0001164,080,54,007,08000US540079292299999968000,"Census Tract 9680 (part), Southern district, Southern district, Braxton County, West Virginia",653,489,358,131,64,67,164,135,29
ACSSF,2012e5,wv,000,0036,0001165,080,54,007,08000US540079292299999968100,"Census Tract 9681 (part), Southern district, Southern district, Braxton County, West Virginia",953,651,501,150,87,63,302,266,36
ACSSF,2012e5,wv,000,0036,0001166,080,54,007,08000US540079359730220968000,"Census Tract 9680 (part), Gassaway town, Western district, Braxton County, West Virginia",389,218,161,57,16,41,171,148,23
ACSSF,2012e5,wv,000,0036,0001167,080,54,007,08000US540079359778580968100,"Census Tract 9681 (part), Sutton town (part), Western district, Braxton County, West Virginia",120,58,45,13,5,8,62,58,4
ACSSF,2012e5,wv,000,0036,0001168,080,54,007,08000US540079359799999967900,"Census Tract 9679 (part), Remainder of Western district, Western district, Braxton County, West Virginia",15,15,15,0,0,0,0,0,0
ACSSF,2012e5,wv,000,0036,0001169,080,54,007,08000US540079359799999968000,"Census Tract 9680 (part), Remainder of Western district, Western district, Braxton County, West Virginia",859,545,514,31,23,8,314,291,23
ACSSF,2012e5,wv,000,0036,0001170,080,54,007,08000US540079359799999968100,"Census Tract 9681 (part), Remainder of Western district, Western district, Braxton County, West Virginia",168,111,97,14,14,0,57,57,0
ACSSF,2012e5,wv,000,0036,0001171,080,54,009,08000US540099110428204031102,"Census Tract 311.02 (part), Follansbee city (part), Follansbee district, Brooke County, West Virginia",826,458,325,133,46,87,368,278,90
ACSSF,2012e5,wv,000,0036,0001172,080,54,009,08000US540099110428204031200,"Census Tract 312 (part), Follansbee city (part), Follansbee district, Brooke County, West Virginia",587,303,174,129,46,83,284,213,71
ACSSF,2012e5,wv,000,0036,0001173,080,54,009,08000US540099110438476031102,"Census Tract 311.02 (part), Hooverson Heights CDP (part), Follansbee district, Brooke County, West Virginia",23,23,23,0,0,0,0,0,0
ACSSF,2012e5,wv,000,0036,0001174,080,54,009,08000US540099110438476031200,"Census Tract 312 (part), Hooverson Heights CDP (part), Follansbee district, Brooke County, West Virginia",896,622,485,137,21,116,274,263,11
ACSSF,2012e5,wv,000,0036,0001175,080,54,009,08000US540099110499999031101,"Census Tract 311.01 (part), Remainder of Follansbee district, Follansbee district, Brooke County, West Virginia",36,36,36,0,0,0,0,0,0
ACSSF,2012e5,wv,000,0036,0001176,080,54,009,08000US540099110499999031102,"Census Tract 311.02 (part), Remainder of Follansbee district, Follansbee district, Brooke County, West Virginia",0,0,0,0,0,0,0,0,0
ACSSF,2012e5,wv,000,0036,0001177,080,54,009,08000US540099110499999031200,"Census Tract 312 (part), Remainder of Follansbee district, Follansbee district, Brooke County, West Virginia",0,0,0,0,0,0,0,0,0
ACSSF,2012e5,wv,000,0036,0001178,080,54,009,08000US540099110499999031400,"Census Tract 314 (part), Remainder of Follansbee district, Follansbee district, Brooke County, West Virginia",497,309,239,70,24,46,188,188,0
ACSSF,2012e5,wv,000,0036,0001179,080,54,009,08000US540099110499999031600,"Census Tract 316 (part), Remainder of Follansbee district, Follansbee district, Brooke County, West Virginia",466,366,297,69,17,52,100,89,11
ACSSF,2012e5,wv,000,0036,0001180,080,54,009,08000US540099110499999031700,"Census Tract 317 (part), Remainder of Follansbee district, Follansbee district, Brooke County, West Virginia",136,100,94,6,6,0,36,36,0
ACSSF,2012e5,wv,000,0036,0001181,080,54,009,08000US540099355228204031102,"Census Tract 311.02 (part), Follansbee city (part), Weirton district, Brooke County, West Virginia",0,0,0,0,0,0,0,0,0
ACSSF,2012e5,wv,000,0036,0001182,080,54,009,08000US540099355238476031102,"Census Tract 311.02 (part), Hooverson Heights CDP (part), Weirton district, Brooke County, West Virginia",264,153,109,44,44,0,111,85,26
ACSSF,2012e5,wv,000,0036,0001183,080,54,009,08000US540099355285156031101,"Census Tract 311.01 (part), Weirton city (part), Weirton district, Brooke County, West Virginia",1800,991,615,376,157,219,809,726,83
ACSSF,2012e5,wv,000,0036,0001184,080,54,009,08000US540099355299999031101,"Census Tract 311.01 (part), Remainder of Weirton district, Weirton district, Brooke County, West Virginia",329,283,159,124,0,124,46,46,0
ACSSF,2012e5,wv,000,0036,0001185,080,54,009,08000US540099355299999031102,"Census Tract 311.02 (part), Remainder of Weirton district, Weirton district, Brooke County, West Virginia",976,755,616,139,82,57,221,206,15
ACSSF,2012e5,wv,000,0036,0001186,080,54,009,08000US540099356405452031700,"Census Tract 317 (part), Beech Bottom village, Wellsburg district, Brooke County, West Virginia",218,130,78,52,25,27,88,78,10
ACSSF,2012e5,wv,000,0036,0001187,080,54,009,08000US540099356406844031600,"Census Tract 316 (part), Bethany town, Wellsburg district, Brooke County, West Virginia",196,114,82,32,9,23,82,70,12
ACSSF,2012e5,wv,000,0036,0001188,080,54,009,08000US540099356485324031400,"Census Tract 314 (part), Wellsburg city, Wellsburg district, Brooke County, West Virginia",1199,754,541,213,81,132,445,394,51
ACSSF,2012e5,wv,000,0036,0001189,080,54,009,08000US540099356487892031700,"Census Tract 317 (part), Windsor Heights village, Wellsburg district, Brooke County, West Virginia",188,135,104,31,7,24,53,49,4
ACSSF,2012e5,wv,000,0036,0001190,080,54,009,08000US540099356499999031400,"Census Tract 314 (part), Remainder of Wellsburg district, Wellsburg district, Brooke County, West Virginia",132,124,82,42,14,28,8,8,0
ACSSF,2012e5,wv,000,0036,0001191,080,54,009,08000US540099356499999031600,"Census Tract 316 (part), Remainder of Wellsburg district, Wellsburg district, Brooke County, West Virginia",682,588,547,41,21,20,94,94,0
ACSSF,2012e5,wv,000,0036,0001192,080,54,009,08000US540099356499999031700,"Census Tract 317 (part), Remainder of Wellsburg district, Wellsburg district, Brooke County, West Virginia",460,348,240,108,19,89,112,103,9
ACSSF,2012e5,wv,000,0036,0001193,080,54,011,08000US540119076439460000900,"Census Tract 9 (part), Huntington city (part), District 1, Cabell County, West Virginia",692,260,200,60,47,13,432,356,76
ACSSF,2012e5,wv,000,0036,0001194,080,54,011,08000US540119076439460001000,"Census Tract 10, Huntington city (part), District 1, Cabell County, West Virginia",1046,615,425,190,67,123,431,372,59
ACSSF,2012e5,wv,000,0036,0001195,080,54,011,08000US540119076439460001100,"Census Tract 11, Huntington city (part), District 1, Cabell County, West Virginia",833,438,246,192,44,148,395,295,100
ACSSF,2012e5,wv,000,0036,0001196,080,54,011,08000US540119076439460001200,"Census Tract 12 (part), Huntington city (part), District 1, Cabell County, West Virginia",732,465,247,218,25,193,267,199,68
ACSSF,2012e5,wv,000,0036,0001197,080,54,011,08000US540119076439460001500,"Census Tract 15 (part), Huntington city (part), District 1, Cabell County, West Virginia",522,240,128,112,49,63,282,225,57
ACSSF,2012e5,wv,000,0036,0001198,080,54,011,08000US540119076439460002000,"Census Tract 20 (part), Huntington city (part), District 1, Cabell County, West Virginia",1218,805,692,113,15,98,413,375,38
ACSSF,2012e5,wv,000,0036,0001199,080,54,011,08000US540119076439460002100,"Census Tract 21 (part), Huntington city (part), District 1, Cabell County, West Virginia",705,458,372,86,6,80,247,240,7
ACSSF,2012e5,wv,000,0036,0001200,080,54,011,08000US540119076439460010102,"Census Tract 101.02 (part), Huntington city (part), District 1, Cabell County, West Virginia",115,70,70,0,0,0,45,34,11
ACSSF,2012e5,wv,000,0036,0001201,080,54,011,08000US540119076499999002000,"Census Tract 20 (part), District Remainder of 1, District 1, Cabell County, West Virginia",0,0,0,0,0,0,0,0,0
ACSSF,2012e5,wv,000,0036,0001202,080,54,011,08000US540119076499999002100,"Census Tract 21 (part), District Remainder of 1, District 1, Cabell County, West Virginia",255,91,73,18,0,18,164,155,9
ACSSF,2012e5,wv,000,0036,0001203,080,54,011,08000US540119076499999010102,"Census Tract 101.02 (part), District Remainder of 1, District 1, Cabell County, West Virginia",1449,1067,804,263,107,156,382,318,64
ACSSF,2012e5,wv,000,0036,0001204,080,54,011,08000US540119079839460000500,"Census Tract 5 (part), Huntington city (part), District 2, Cabell County, West Virginia",146,8,0,8,0,8,138,91,47
ACSSF,2012e5,wv,000,0036,0001205,080,54,011,08000US540119079839460000600,"Census Tract 6 (part), Huntington city (part), District 2, Cabell County, West Virginia",706,83,34,49,37,12,623,516,107
ACSSF,2012e5,wv,000,0036,0001206,080,54,011,08000US540119079839460000900,"Census Tract 9 (part), Huntington city (part), District 2, Cabell County, West Virginia",0,0,0,0,0,0,0,0,0
ACSSF,2012e5,wv,000,0036,0001207,080,54,011,08000US540119079839460001200,"Census Tract 12 (part), Huntington city (part), District 2, Cabell County, West Virginia",557,274,216,58,8,50,283,234,49
ACSSF,2012e5,wv,000,0036,0001208,080,54,011,08000US540119079839460001300,"Census Tract 13, Huntington city (part), District 2, Cabell County, West Virginia",1564,531,319,212,69,143,1033,825,208
ACSSF,2012e5,wv,000,0036,0001209,080,54,011,08000US540119079839460001400,"Census Tract 14, Huntington city (part), District 2, Cabell County, West Virginia",1183,616,380,236,23,213,567,484,83
ACSSF,2012e5,wv,000,0036,0001210,080,54,011,08000US540119079839460001500,"Census Tract 15 (part), Huntington city (part), District 2, Cabell County, West Virginia",527,310,37,273,47,226,217,208,9
ACSSF,2012e5,wv,000,0036,0001211,080,54,011,08000US540119079839460001600,"Census Tract 16, Huntington city (part), District 2, Cabell County, West Virginia",470,262,143,119,13,106,208,169,39
ACSSF,2012e5,wv,000,0036,0001212,080,54,011,08000US540119079839460001800,"Census Tract 18 (part), Huntington city (part), District 2, Cabell County, West Virginia",700,415,154,261,85,176,285,244,41
ACSSF,2012e5,wv,000,0036,0001213,080,54,011,08000US540119079839460002100,"Census Tract 21 (part), Huntington city (part), District 2, Cabell County, West Virginia",503,302,286,16,0,16,201,152,49
ACSSF,2012e5,wv,000,0036,0001214,080,54,011,08000US540119079839460010102,"Census Tract 101.02 (part), Huntington city (part), District 2, Cabell County, West Virginia",0,0,0,0,0,0,0,0,0
ACSSF,2012e5,wv,000,0036,0001215,080,54,011,08000US540119079839460010900,"Census Tract 109, Huntington city (part), District 2, Cabell County, West Virginia",1054,240,154,86,31,55,814,704,110
ACSSF,2012e5,wv,000,0036,0001216,080,54,011,08000US540119083404276010300,"Census Tract 103 (part), Barboursville village (part), District 3, Cabell County, West Virginia",0,0,0,0,0,0,0,0,0
ACSSF,2012e5,wv,000,0036,0001217,080,54,011,08000US540119083404276010400,"Census Tract 104 (part), Barboursville village (part), District 3, Cabell County, West Virginia",0,0,0,0,0,0,0,0,0
ACSSF,2012e5,wv,000,0036,0001218,080,54,011,08000US540119083439460000101,"Census Tract 1.01 (part), Huntington city (part), District 3, Cabell County, West Virginia",544,389,251,138,13,125,155,150,5
ACSSF,2012e5,wv,000,0036,0001219,080,54,011,08000US540119083439460000102,"Census Tract 1.02 (part), Huntington city (part), District 3, Cabell County, West Virginia",203,138,85,53,25,28,65,65,0
ACSSF,2012e5,wv,000,0036,0001220,080,54,011,08000US540119083439460000200,"Census Tract 2 (part), Huntington city (part), District 3, Cabell County, West Virginia",1133,663,417,246,70,176,470,406,64
ACSSF,2012e5,wv,000,0036,0001221,080,54,011,08000US540119083439460000300,"Census Tract 3, Huntington city (part), District 3, Cabell County, West Virginia",1107,697,334,363,19,344,410,345,65
ACSSF,2012e5,wv,000,0036,0001222,080,54,011,08000US540119083439460000400,"Census Tract 4, Huntington city (part), District 3, Cabell County, West Virginia",1162,467,226,241,77,164,695,342,353
ACSSF,2012e5,wv,000,0036,0001223,080,54,011,08000US540119083439460000500,"Census Tract 5 (part), Huntington city (part), District 3, Cabell County, West Virginia",285,55,17,38,0,38,230,142,88
ACSSF,2012e5,wv,000,0036,0001224,080,54,011,08000US540119083439460000600,"Census Tract 6 (part), Huntington city (part), District 3, Cabell County, West Virginia",0,0,0,0,0,0,0,0,0
ACSSF,2012e5,wv,000,0036,0001225,080,54,011,08000US540119083439460001800,"Census Tract 18 (part), Huntington city (part), District 3, Cabell County, West Virginia",916,510,282,228,50,178,406,329,77
ACSSF,2012e5,wv,000,0036,0001226,080,54,011,08000US540119083439460001900,"Census Tract 19, Huntington city (part), District 3, Cabell County, West Virginia",1020,624,532,92,12,80,396,382,14
ACSSF,2012e5,wv,000,0036,0001227,080,54,011,08000US540119083439460002000,"Census Tract 20 (part), Huntington city (part), District 3, Cabell County, West Virginia",262,167,160,7,0,7,95,73,22
ACSSF,2012e5,wv,000,0036,0001228,080,54,011,08000US540119083439460010102,"Census Tract 101.02 (part), Huntington city (part), District 3, Cabell County, West Virginia",0,0,0,0,0,0,0,0,0
ACSSF,2012e5,wv,000,0036,0001229,080,54,011,08000US540119083446420010300,"Census Tract 103 (part), Lesage CDP (part), District 3, Cabell County, West Virginia",209,158,120,38,0,38,51,51,0
ACSSF,2012e5,wv,000,0036,0001230,080,54,011,08000US540119083499999000101,"Census Tract 1.01 (part), District Remainder of 3, District 3, Cabell County, West Virginia",170,116,25,91,46,45,54,46,8
ACSSF,2012e5,wv,000,0036,0001231,080,54,011,08000US540119083499999000200,"Census Tract 2 (part), District Remainder of 3, District 3, Cabell County, West Virginia",342,242,138,104,15,89,100,100,0
ACSSF,2012e5,wv,000,0036,0001232,080,54,011,08000US540119083499999010300,"Census Tract 103 (part), District Remainder of 3, District 3, Cabell County, West Virginia",229,174,170,4,4,0,55,46,9
ACSSF,2012e5,wv,000,0036,0001233,080,54,011,08000US540119083499999010400,"Census Tract 104 (part), District Remainder of 3, District 3, Cabell County, West Virginia",0,0,0,0,0,0,0,0,0
ACSSF,2012e5,wv,000,0036,0001234,080,54,011,08000US540119087004276000102,"Census Tract 1.02 (part), Barboursville village (part), District 4, Cabell County, West Virginia",0,0,0,0,0,0,0,0,0
ACSSF,2012e5,wv,000,0036,0001235,080,54,011,08000US540119087004276010102,"Census Tract 101.02 (part), Barboursville village (part), District 4, Cabell County, West Virginia",14,14,14,0,0,0,0,0,0
ACSSF,2012e5,wv,000,0036,0001236,080,54,011,08000US540119087004276010201,"Census Tract 102.01 (part), Barboursville village (part), District 4, Cabell County, West Virginia",0,0,0,0,0,0,0,0,0
ACSSF,2012e5,wv,000,0036,0001237,080,54,011,08000US540119087004276010202,"Census Tract 102.02 (part), Barboursville village (part), District 4, Cabell County, West Virginia",19,19,19,0,0,0,0,0,0
ACSSF,2012e5,wv,000,0036,0001238,080,54,011,08000US540119087004276010300,"Census Tract 103 (part), Barboursville village (part), District 4, Cabell County, West Virginia",0,0,0,0,0,0,0,0,0
ACSSF,2012e5,wv,000,0036,0001239,080,54,011,08000US540119087004276010400,"Census Tract 104 (part), Barboursville village (part), District 4, Cabell County, West Virginia",1569,986,784,202,62,140,583,495,88
ACSSF,2012e5,wv,000,0036,0001240,080,54,011,08000US540119087039460000102,"Census Tract 1.02 (part), Huntington city (part), District 4, Cabell County, West Virginia",22,22,22,0,0,0,0,0,0
ACSSF,2012e5,wv,000,0036,0001241,080,54,011,08000US540119087039460010102,"Census Tract 101.02 (part), Huntington city (part), District 4, Cabell County, West Virginia",0,0,0,0,0,0,0,0,0
ACSSF,2012e5,wv,000,0036,0001242,080,54,011,08000US540119087039460010202,"Census Tract 102.02 (part), Huntington city (part), District 4, Cabell County, West Virginia",16,16,16,0,0,0,0,0,0
ACSSF,2012e5,wv,000,0036,0001243,080,54,011,08000US540119087062488010201,"Census Tract 102.01 (part), Pea Ridge CDP, District 4, Cabell County, West Virginia",2269,1398,1110,288,93,195,871,761,110
ACSSF,2012e5,wv,000,0036,0001244,080,54,011,08000US540119087062488010202,"Census Tract 102.02 (part), Pea Ridge CDP, District 4, Cabell County, West Virginia",639,410,338,72,15,57,229,229,0
ACSSF,2012e5,wv,000,0036,0001245,080,54,011,08000US540119087071476010500,"Census Tract 105 (part), Salt Rock CDP (part), District 4, Cabell County, West Virginia",28,10,0,10,10,0,18,18,0
ACSSF,2012e5,wv,000,0036,0001246,080,54,011,08000US540119087099999000101,"Census Tract 1.01 (part), District Remainder of 4, District 4, Cabell County, West Virginia",0,0,0,0,0,0,0,0,0
ACSSF,2012e5,wv,000,0036,0001247,080,54,011,08000US540119087099999000102,"Census Tract 1.02 (part), District Remainder of 4, District 4, Cabell County, West Virginia",671,396,228,168,35,133,275,253,22
ACSSF,2012e5,wv,000,0036,0001248,080,54,011,08000US540119087099999010102,"Census Tract 101.02 (part), District Remainder of 4, District 4, Cabell County, West Virginia",721,599,545,54,13,41,122,105,17
ACSSF,2012e5,wv,000,0036,0001249,080,54,011,08000US540119087099999010201,"Census Tract 102.01 (part), District Remainder of 4, District 4, Cabell County, West Virginia",230,170,80,90,0,90,60,60,0
ACSSF,2012e5,wv,000,0036,0001250,080,54,011,08000US540119087099999010202,"Census Tract 102.02 (part), District Remainder of 4, District 4, Cabell County, West Virginia",1071,693,537,156,55,101,378,341,37
ACSSF,2012e5,wv,000,0036,0001251,080,54,011,08000US540119087099999010300,"Census Tract 103 (part), District Remainder of 4, District 4, Cabell County, West Virginia",36,36,36,0,0,0,0,0,0
ACSSF,2012e5,wv,000,0036,0001252,080,54,011,08000US540119087099999010400,"Census Tract 104 (part), District Remainder of 4, District 4, Cabell County, West Virginia",559,374,239,135,0,135,185,129,56
ACSSF,2012e5,wv,000,0036,0001253,080,54,011,08000US540119087099999010500,"Census Tract 105 (part), District Remainder of 4, District 4, Cabell County, West Virginia",1262,1095,927,168,39,129,167,167,0
ACSSF,2012e5,wv,000,0036,0001254,080,54,011,08000US540119087099999010600,"Census Tract 106 (part), District Remainder of 4, District 4, Cabell County, West Virginia",645,390,309,81,30,51,255,209,46
ACSSF,2012e5,wv,000,0036,0001255,080,54,011,08000US540119088204276010300,"Census Tract 103 (part), Barboursville village (part), District 5, Cabell County, West Virginia",12,12,12,0,0,0,0,0,0
ACSSF,2012e5,wv,000,0036,0001256,080,54,011,08000US540119088204276010400,"Census Tract 104 (part), Barboursville village (part), District 5, Cabell County, West Virginia",0,0,0,0,0,0,0,0,0
ACSSF,2012e5,wv,000,0036,0001257,080,54,011,08000US540119088219516010600,"Census Tract 106 (part), Culloden CDP (part), District 5, Cabell County, West Virginia",96,76,23,53,0,53,20,9,11
ACSSF,2012e5,wv,000,0036,0001258,080,54,011,08000US540119088219516010800,"Census Tract 108 (part), Culloden CDP (part), District 5, Cabell County, West Virginia",951,692,577,115,56,59,259,233,26
ACSSF,2012e5,wv,000,0036,0001259,080,54,011,08000US540119088246420010300,"Census Tract 103 (part), Lesage CDP (part), District 5, Cabell County, West Virginia",301,189,132,57,7,50,112,95,17
ACSSF,2012e5,wv,000,0036,0001260,080,54,011,08000US540119088246420010700,"Census Tract 107 (part), Lesage CDP (part), District 5, Cabell County, West Virginia",153,120,120,0,0,0,33,33,0
ACSSF,2012e5,wv,000,0036,0001261,080,54,011,08000US540119088254484010700,"Census Tract 107 (part), Milton town, District 5, Cabell County, West Virginia",14,0,0,0,0,0,14,14,0
ACSSF,2012e5,wv,000,0036,0001262,080,54,011,08000US540119088254484010800,"Census Tract 108 (part), Milton town, District 5, Cabell County, West Virginia",1174,678,485,193,32,161,496,444,52
ACSSF,2012e5,wv,000,0036,0001263,080,54,011,08000US540119088271476010500,"Census Tract 105 (part), Salt Rock CDP (part), District 5, Cabell County, West Virginia",163,154,106,48,0,48,9,9,0
ACSSF,2012e5,wv,000,0036,0001264,080,54,011,08000US540119088299999010300,"Census Tract 103 (part), District Remainder of 5, District 5, Cabell County, West Virginia",303,274,226,48,10,38,29,8,21
ACSSF,2012e5,wv,000,0036,0001265,080,54,011,08000US540119088299999010400,"Census Tract 104 (part), District Remainder of 5, District 5, Cabell County, West Virginia",635,425,313,112,40,72,210,54,156
ACSSF,2012e5,wv,000,0036,0001266,080,54,011,08000US540119088299999010500,"Census Tract 105 (part), District Remainder of 5, District 5, Cabell County, West Virginia",499,442,347,95,39,56,57,57,0
ACSSF,2012e5,wv,000,0036,0001267,080,54,011,08000US540119088299999010600,"Census Tract 106 (part), District Remainder of 5, District 5, Cabell County, West Virginia",754,568,388,180,28,152,186,157,29
ACSSF,2012e5,wv,000,0036,0001268,080,54,011,08000US540119088299999010700,"Census Tract 107 (part), District Remainder of 5, District 5, Cabell County, West Virginia",2655,2055,1640,415,52,363,600,572,28
ACSSF,2012e5,wv,000,0036,0001269,080,54,011,08000US540119088299999010800,"Census Tract 108 (part), District Remainder of 5, District 5, Cabell County, West Virginia",444,281,242,39,0,39,163,71,92
ACSSF,2012e5,wv,000,0036,0001270,080,54,013,08000US540139076699999962600,"Census Tract 9626 (part), District 1, District 1, Calhoun County, West Virginia",559,332,256,76,25,51,227,220,7
ACSSF,2012e5,wv,000,0036,0001271,080,54,013,08000US540139080099999962600,"Census Tract 9626 (part), District 2, District 2, Calhoun County, West Virginia",366,218,130,88,36,52,148,148,0
ACSSF,2012e5,wv,000,0036,0001272,080,54,013,08000US540139080099999962700,"Census Tract 9627 (part), District 2, District 2, Calhoun County, West Virginia",354,261,156,105,71,34,93,44,49
ACSSF,2012e5,wv,000,0036,0001273,080,54,013,08000US540139083632884962600,"Census Tract 9626 (part), Grantsville town, District 3, Calhoun County, West Virginia",213,150,71,79,45,34,63,61,2
ACSSF,2012e5,wv,000,0036,0001274,080,54,013,08000US540139083699999962600,"Census Tract 9626 (part), District Remainder of 3, District 3, Calhoun County, West Virginia",279,165,109,56,12,44,114,98,16
ACSSF,2012e5,wv,000,0036,0001275,080,54,013,08000US540139083699999962700,"Census Tract 9627 (part), District Remainder of 3, District 3, Calhoun County, West Virginia",8,0,0,0,0,0,8,8,0
ACSSF,2012e5,wv,000,0036,0001276,080,54,013,08000US540139087399999962600,"Census Tract 9626 (part), District 4, District 4, Calhoun County, West Virginia",60,55,55,0,0,0,5,5,0
ACSSF,2012e5,wv,000,0036,0001277,080,54,013,08000US540139087399999962700,"Census Tract 9627 (part), District 4, District 4, Calhoun County, West Virginia",693,466,367,99,46,53,227,201,26
ACSSF,2012e5,wv,000,0036,0001278,080,54,013,08000US540139088599999962700,"Census Tract 9627 (part), District 5, District 5, Calhoun County, West Virginia",650,489,408,81,39,42,161,161,0
ACSSF,2012e5,wv,000,0036,0001279,080,54,015,08000US540159089199999957900,"Census Tract 9579 (part), District A, District A, Clay County, West Virginia",1087,826,637,189,62,127,261,240,21
ACSSF,2012e5,wv,000,0036,0001280,080,54,015,08000US540159089199999958000,"Census Tract 9580 (part), District A, District A, Clay County, West Virginia",174,75,75,0,0,0,99,99,0
ACSSF,2012e5,wv,000,0036,0001281,080,54,015,08000US540159089315676958000,"Census Tract 9580 (part), Clay town, District B, Clay County, West Virginia",225,115,102,13,0,13,110,95,15
ACSSF,2012e5,wv,000,0036,0001282,080,54,015,08000US540159089399999957900,"Census Tract 9579 (part), District Remainder of B, District B, Clay County, West Virginia",73,73,73,0,0,0,0,0,0
ACSSF,2012e5,wv,000,0036,0001283,080,54,015,08000US540159089399999958000,"Census Tract 9580 (part), District Remainder of B, District B, Clay County, West Virginia",442,357,296,61,28,33,85,64,21
ACSSF,2012e5,wv,000,0036,0001284,080,54,015,08000US540159089399999958100,"Census Tract 9581 (part), District Remainder of B, District B, Clay County, West Virginia",322,200,165,35,7,28,122,122,0
ACSSF,2012e5,wv,000,0036,0001285,080,54,015,08000US540159089599999957900,"Census Tract 9579 (part), District C, District C, Clay County, West Virginia",24,8,8,0,0,0,16,16,0
ACSSF,2012e5,wv,000,0036,0001286,080,54,015,08000US540159089599999958000,"Census Tract 9580 (part), District C, District C, Clay County, West Virginia",512,345,298,47,14,33,167,134,33
ACSSF,2012e5,wv,000,0036,0001287,080,54,015,08000US540159089599999958100,"Census Tract 9581 (part), District C, District C, Clay County, West Virginia",582,443,382,61,21,40,139,125,14
ACSSF,2012e5,wv,000,0036,0001288,080,54,017,08000US540179013899999965000,"Census Tract 9650 (part), Beech district, Beech district, Doddridge County, West Virginia",677,512,372,140,85,55,165,155,10
ACSSF,2012e5,wv,000,0036,0001289,080,54,017,08000US540179013899999965100,"Census Tract 9651 (part), Beech district, Beech district, Doddridge County, West Virginia",82,68,17,51,0,51,14,14,0
ACSSF,2012e5,wv,000,0036,0001290,080,54,017,08000US540179209486116965100,"Census Tract 9651 (part), West Union town (part), Maple district, Doddridge County, West Virginia",131,90,61,29,9,20,41,32,9
ACSSF,2012e5,wv,000,0036,0001291,080,54,017,08000US540179209499999965000,"Census Tract 9650 (part), Remainder of Maple district, Maple district, Doddridge County, West Virginia",158,104,80,24,0,24,54,54,0
ACSSF,2012e5,wv,000,0036,0001292,080,54,017,08000US540179209499999965100,"Census Tract 9651 (part), Remainder of Maple district, Maple district, Doddridge County, West Virginia",267,179,120,59,0,59,88,42,46
ACSSF,2012e5,wv,000,0036,0001293,080,54,017,08000US540179237499999965000,"Census Tract 9650 (part), Oak district, Oak district, Doddridge County, West Virginia",569,459,402,57,19,38,110,103,7
ACSSF,2012e5,wv,000,0036,0001294,080,54,017,08000US540179237499999965100,"Census Tract 9651 (part), Oak district, Oak district, Doddridge County, West Virginia",112,59,59,0,0,0,53,53,0
ACSSF,2012e5,wv,000,0036,0001295,080,54,017,08000US540179246686116965100,"Census Tract 9651 (part), West Union town (part), Pine district, Doddridge County, West Virginia",218,138,102,36,12,24,80,69,11
ACSSF,2012e5,wv,000,0036,0001296,080,54,017,08000US540179246699999965000,"Census Tract 9650 (part), Remainder of Pine district, Pine district, Doddridge County, West Virginia",0,0,0,0,0,0,0,0,0
ACSSF,2012e5,wv,000,0036,0001297,080,54,017,08000US540179246699999965100,"Census Tract 9651 (part), Remainder of Pine district, Pine district, Doddridge County, West Virginia",559,349,192,157,71,86,210,193,17
ACSSF,2012e5,wv,000,0036,0001298,080,54,019,08000US540199228001996020900,"Census Tract 209 (part), Ansted town, New Haven district, Fayette County, West Virginia",667,464,372,92,15,77,203,198,5
ACSSF,2012e5,wv,000,0036,0001299,080,54,019,08000US540199228027028020100,"Census Tract 201 (part), Fayetteville town (part), New Haven district, Fayette County, West Virginia",1155,720,523,197,89,108,435,394,41
ACSSF,2012e5,wv,000,0036,0001300,080,54,019,08000US540199228027028020202,"Census Tract 202.02 (part), Fayetteville town (part), New Haven district, Fayette County, West Virginia",35,7,0,7,0,7,28,28,0
ACSSF,2012e5,wv,000,0036,0001301,080,54,019,08000US540199228037036020900,"Census Tract 209 (part), Hico CDP, New Haven district, Fayette County, West Virginia",0,0,0,0,0,0,0,0,0
ACSSF,2012e5,wv,000,0036,0001302,080,54,019,08000US540199228037036021000,"Census Tract 210 (part), Hico CDP, New Haven district, Fayette County, West Virginia",66,66,42,24,0,24,0,0,0
ACSSF,2012e5,wv,000,0036,0001303,080,54,019,08000US540199228052780021100,"Census Tract 211 (part), Meadow Bridge town, New Haven district, Fayette County, West Virginia",144,80,50,30,6,24,64,60,4
ACSSF,2012e5,wv,000,0036,0001304,080,54,019,08000US540199228060028020202,"Census Tract 202.02 (part), Oak Hill city (part), New Haven district, Fayette County, West Virginia",0,0,0,0,0,0,0,0,0
ACSSF,2012e5,wv,000,0036,0001305,080,54,019,08000US540199228065668021100,"Census Tract 211 (part), Prince CDP, New Haven district, Fayette County, West Virginia",78,64,12,52,0,52,14,14,0
ACSSF,2012e5,wv,000,0036,0001306,080,54,019,08000US540199228099999020100,"Census Tract 201 (part), Remainder of New Haven district, New Haven district, Fayette County, West Virginia",888,578,519,59,9,50,310,157,153
ACSSF,2012e5,wv,000,0036,0001307,080,54,019,08000US540199228099999020201,"Census Tract 202.01 (part), Remainder of New Haven district, New Haven district, Fayette County, West Virginia",29,0,0,0,0,0,29,29,0
ACSSF,2012e5,wv,000,0036,0001308,080,54,019,08000US540199228099999020202,"Census Tract 202.02 (part), Remainder of New Haven district, New Haven district, Fayette County, West Virginia",125,96,96,0,0,0,29,29,0
ACSSF,2012e5,wv,000,0036,0001309,080,54,019,08000US540199228099999020900,"Census Tract 209 (part), Remainder of New Haven district, New Haven district, Fayette County, West Virginia",917,602,474,128,67,61,315,246,69
ACSSF,2012e5,wv,000,0036,0001310,080,54,019,08000US540199228099999021000,"Census Tract 210 (part), Remainder of New Haven district, New Haven district, Fayette County, West Virginia",1147,818,658,160,25,135,329,311,18
ACSSF,2012e5,wv,000,0036,0001311,080,54,019,08000US540199228099999021100,"Census Tract 211 (part), Remainder of New Haven district, New Haven district, Fayette County, West Virginia",912,568,430,138,56,82,344,277,67
ACSSF,2012e5,wv,000,0036,0001312,080,54,019,08000US540199247231876020400,"Census Tract 204 (part), Glen Jean CDP, Plateau district, Fayette County, West Virginia",100,100,63,37,0,37,0,0,0
ACSSF,2012e5,wv,000,0036,0001313,080,54,019,08000US540199247237444020400,"Census Tract 204 (part), Hilltop CDP, Plateau district, Fayette County, West Virginia",164,152,65,87,0,87,12,12,0
ACSSF,2012e5,wv,000,0036,0001314,080,54,019,08000US540199247254508020201,"Census Tract 202.01 (part), Minden CDP, Plateau district, Fayette County, West Virginia",117,91,45,46,0,46,26,26,0
ACSSF,2012e5,wv,000,0036,0001315,080,54,019,08000US540199247256404020500,"Census Tract 205 (part), Mount Hope city (part), Plateau district, Fayette County, West Virginia",661,436,269,167,29,138,225,184,41
ACSSF,2012e5,wv,000,0036,0001316,080,54,019,08000US540199247260028020201,"Census Tract 202.01 (part), Oak Hill city (part), Plateau district, Fayette County, West Virginia",569,336,235,101,0,101,233,180,53
ACSSF,2012e5,wv,000,0036,0001317,080,54,019,08000US540199247260028020202,"Census Tract 202.02 (part), Oak Hill city (part), Plateau district, Fayette County, West Virginia",954,627,425,202,38,164,327,293,34
ACSSF,2012e5,wv,000,0036,0001318,080,54,019,08000US540199247260028020300,"Census Tract 203 (part), Oak Hill city (part), Plateau district, Fayette County, West Virginia",1125,675,505,170,53,117,450,417,33
ACSSF,2012e5,wv,000,0036,0001319,080,54,019,08000US540199247260028020400,"Census Tract 204 (part), Oak Hill city (part), Plateau district, Fayette County, West Virginia",441,317,211,106,33,73,124,92,32
ACSSF,2012e5,wv,000,0036,0001320,080,54,019,08000US540199247260028020600,"Census Tract 206 (part), Oak Hill city (part), Plateau district, Fayette County, West Virginia",0,0,0,0,0,0,0,0,0
ACSSF,2012e5,wv,000,0036,0001321,080,54,019,08000US540199247280284021100,"Census Tract 211 (part), Thurmond town, Plateau district, Fayette County, West Virginia",2,2,2,0,0,0,0,0,0
ACSSF,2012e5,wv,000,0036,0001322,080,54,019,08000US540199247299999020100,"Census Tract 201 (part), Remainder of Plateau district, Plateau district, Fayette County, West Virginia",16,0,0,0,0,0,16,16,0
ACSSF,2012e5,wv,000,0036,0001323,080,54,019,08000US540199247299999020201,"Census Tract 202.01 (part), Remainder of Plateau district, Plateau district, Fayette County, West Virginia",893,576,439,137,41,96,317,251,66
ACSSF,2012e5,wv,000,0036,0001324,080,54,019,08000US540199247299999020202,"Census Tract 202.02 (part), Remainder of Plateau district, Plateau district, Fayette County, West Virginia",446,302,195,107,34,73,144,121,23
ACSSF,2012e5,wv,000,0036,0001325,080,54,019,08000US540199247299999020300,"Census Tract 203 (part), Remainder of Plateau district, Plateau district, Fayette County, West Virginia",54,29,29,0,0,0,25,25,0
ACSSF,2012e5,wv,000,0036,0001326,080,54,019,08000US540199247299999020400,"Census Tract 204 (part), Remainder of Plateau district, Plateau district, Fayette County, West Virginia",556,437,347,90,8,82,119,119,0
ACSSF,2012e5,wv,000,0036,0001327,080,54,019,08000US540199247299999020500,"Census Tract 205 (part), Remainder of Plateau district, Plateau district, Fayette County, West Virginia",222,175,133,42,13,29,47,47,0
ACSSF,2012e5,wv,000,0036,0001328,080,54,019,08000US540199247299999020600,"Census Tract 206 (part), Remainder of Plateau district, Plateau district, Fayette County, West Virginia",0,0,0,0,0,0,0,0,0
ACSSF,2012e5,wv,000,0036,0001329,080,54,019,08000US540199247299999021100,"Census Tract 211 (part), Remainder of Plateau district, Plateau district, Fayette County, West Virginia",0,0,0,0,0,0,0,0,0
ACSSF,2012e5,wv,000,0036,0001330,080,54,019,08000US540199339605068020700,"Census Tract 207 (part), Beards Fork CDP, Valley district, Fayette County, West Virginia",42,30,16,14,0,14,12,12,0
ACSSF,2012e5,wv,000,0036,0001331,080,54,019,08000US540199339609100020800,"Census Tract 208 (part), Boomer CDP, Valley district, Fayette County, West Virginia",382,305,190,115,67,48,77,77,0
ACSSF,2012e5,wv,000,0036,0001332,080,54,019,08000US540199339614630020800,"Census Tract 208 (part), Charlton Heights CDP, Valley district, Fayette County, West Virginia",131,98,82,16,0,16,33,19,14
ACSSF,2012e5,wv,000,0036,0001333,080,54,019,08000US540199339620764020700,"Census Tract 207 (part), Deep Water CDP, Valley district, Fayette County, West Virginia",97,50,12,38,0,38,47,47,0
ACSSF,2012e5,wv,000,0036,0001334,080,54,019,08000US540199339621628020800,"Census Tract 208 (part), Dixie CDP (part), Valley district, Fayette County, West Virginia",23,23,23,0,0,0,0,0,0
ACSSF,2012e5,wv,000,0036,0001335,080,54,019,08000US540199339626812020800,"Census Tract 208 (part), Falls View CDP, Valley district, Fayette County, West Virginia",52,24,24,0,0,0,28,28,0
ACSSF,2012e5,wv,000,0036,0001336,080,54,019,08000US540199339627028020100,"Census Tract 201 (part), Fayetteville town (part), Valley district, Fayette County, West Virginia",0,0,0,0,0,0,0,0,0
ACSSF,2012e5,wv,000,0036,0001337,080,54,019,08000US540199339630364020800,"Census Tract 208 (part), Gauley Bridge town, Valley district, Fayette County, West Virginia",271,202,119,83,13,70,69,65,4
ACSSF,2012e5,wv,000,0036,0001338,080,54,019,08000US540199339630364020900,"Census Tract 209 (part), Gauley Bridge town, Valley district, Fayette County, West Virginia",0,0,0,0,0,0,0,0,0
ACSSF,2012e5,wv,000,0036,0001339,080,54,019,08000US540199339631732020800,"Census Tract 208 (part), Glen Ferris CDP, Valley district, Fayette County, West Virginia",48,38,38,0,0,0,10,10,0
ACSSF,2012e5,wv,000,0036,0001340,080,54,019,08000US540199339643828020700,"Census Tract 207 (part), Kimberly CDP, Valley district, Fayette County, West Virginia",90,78,51,27,15,12,12,12,0
ACSSF,2012e5,wv,000,0036,0001341,080,54,019,08000US540199339643852020600,"Census Tract 206 (part), Kincaid CDP, Valley district, Fayette County, West Virginia",45,34,18,16,0,16,11,11,0
ACSSF,2012e5,wv,000,0036,0001342,080,54,019,08000US540199339643852020700,"Census Tract 207 (part), Kincaid CDP, Valley district, Fayette County, West Virginia",48,48,36,12,0,12,0,0,0
ACSSF,2012e5,wv,000,0036,0001343,080,54,019,08000US540199339655468020700,"Census Tract 207 (part), Montgomery city (part), Valley district, Fayette County, West Virginia",505,236,141,95,12,83,269,238,31
ACSSF,2012e5,wv,000,0036,0001344,080,54,019,08000US540199339656212020700,"Census Tract 207 (part), Mount Carbon CDP, Valley district, Fayette County, West Virginia",147,113,100,13,0,13,34,34,0
ACSSF,2012e5,wv,000,0036,0001345,080,54,019,08000US540199339656404020400,"Census Tract 204 (part), Mount Hope city (part), Valley district, Fayette County, West Virginia",44,44,44,0,0,0,0,0,0
ACSSF,2012e5,wv,000,0036,0001346,080,54,019,08000US540199339656404020600,"Census Tract 206 (part), Mount Hope city (part), Valley district, Fayette County, West Virginia",0,0,0,0,0,0,0,0,0
ACSSF,2012e5,wv,000,0036,0001347,080,54,019,08000US540199339660028020202,"Census Tract 202.02 (part), Oak Hill city (part), Valley district, Fayette County, West Virginia",0,0,0,0,0,0,0,0,0
ACSSF,2012e5,wv,000,0036,0001348,080,54,019,08000US540199339660028020400,"Census Tract 204 (part), Oak Hill city (part), Valley district, Fayette County, West Virginia",0,0,0,0,0,0,0,0,0
ACSSF,2012e5,wv,000,0036,0001349,080,54,019,08000US540199339660028020600,"Census Tract 206 (part), Oak Hill city (part), Valley district, Fayette County, West Virginia",29,15,15,0,0,0,14,14,0
ACSSF,2012e5,wv,000,0036,0001350,080,54,019,08000US540199339661660020600,"Census Tract 206 (part), Page CDP, Valley district, Fayette County, West Virginia",62,41,41,0,0,0,21,5,16
ACSSF,2012e5,wv,000,0036,0001351,080,54,019,08000US540199339661660020700,"Census Tract 207 (part), Page CDP, Valley district, Fayette County, West Virginia",0,0,0,0,0,0,0,0,0
ACSSF,2012e5,wv,000,0036,0001352,080,54,019,08000US540199339662356020600,"Census Tract 206 (part), Pax town, Valley district, Fayette County, West Virginia",115,64,43,21,0,21,51,51,0
ACSSF,2012e5,wv,000,0036,0001353,080,54,019,08000US540199339665284020700,"Census Tract 207 (part), Powellton CDP, Valley district, Fayette County, West Virginia",192,139,108,31,15,16,53,53,0
ACSSF,2012e5,wv,000,0036,0001354,080,54,019,08000US540199339672292020400,"Census Tract 204 (part), Scarbro CDP, Valley district, Fayette County, West Virginia",185,138,102,36,0,36,47,39,8
ACSSF,2012e5,wv,000,0036,0001355,080,54,019,08000US540199339674740020800,"Census Tract 208 (part), Smithers city (part), Valley district, Fayette County, West Virginia",406,217,79,138,23,115,189,178,11
ACSSF,2012e5,wv,000,0036,0001356,080,54,019,08000US540199339699999020100,"Census Tract 201 (part), Remainder of Valley district, Valley district, Fayette County, West Virginia",149,94,94,0,0,0,55,55,0
ACSSF,2012e5,wv,000,0036,0001357,080,54,019,08000US540199339699999020202,"Census Tract 202.02 (part), Remainder of Valley district, Valley district, Fayette County, West Virginia",57,0,0,0,0,0,57,57,0
ACSSF,2012e5,wv,000,0036,0001358,080,54,019,08000US540199339699999020400,"Census Tract 204 (part), Remainder of Valley district, Valley district, Fayette County, West Virginia",217,144,111,33,22,11,73,65,8
ACSSF,2012e5,wv,000,0036,0001359,080,54,019,08000US540199339699999020600,"Census Tract 206 (part), Remainder of Valley district, Valley district, Fayette County, West Virginia",513,375,283,92,5,87,138,125,13
ACSSF,2012e5,wv,000,0036,0001360,080,54,019,08000US540199339699999020700,"Census Tract 207 (part), Remainder of Valley district, Valley district, Fayette County, West Virginia",745,549,363,186,109,77,196,181,15
ACSSF,2012e5,wv,000,0036,0001361,080,54,019,08000US540199339699999020800,"Census Tract 208 (part), Remainder of Valley district, Valley district, Fayette County, West Virginia",435,335,254,81,22,59,100,100,0
ACSSF,2012e5,wv,000,0036,0001362,080,54,019,08000US540199339699999020900,"Census Tract 209 (part), Remainder of Valley district, Valley district, Fayette County, West Virginia",220,165,152,13,0,13,55,55,0
ACSSF,2012e5,wv,000,0036,0001363,080,54,021,08000US540219040899999967700,"Census Tract 9677 (part), Center district, Center district, Gilmer County, West Virginia",620,412,350,62,0,62,208,181,27
ACSSF,2012e5,wv,000,0036,0001364,080,54,021,08000US540219040899999967800,"Census Tract 9678 (part), Center district, Center district, Gilmer County, West Virginia",22,11,11,0,0,0,11,11,0
ACSSF,2012e5,wv,000,0036,0001365,080,54,021,08000US540219053432044967800,"Census Tract 9678 (part), Glenville town, City district, Gilmer County, West Virginia",573,274,124,150,19,131,299,210,89
ACSSF,2012e5,wv,000,0036,0001366,080,54,021,08000US540219053499999967700,"Census Tract 9677 (part), Remainder of City district, City district, Gilmer County, West Virginia",18,18,18,0,0,0,0,0,0
ACSSF,2012e5,wv,000,0036,0001367,080,54,021,08000US540219053499999967800,"Census Tract 9678 (part), Remainder of City district, City district, Gilmer County, West Virginia",15,15,10,5,0,5,0,0,0
ACSSF,2012e5,wv,000,0036,0001368,080,54,021,08000US540219075899999967700,"Census Tract 9677 (part), De Kalb-Troy district, De Kalb-Troy district, Gilmer County, West Virginia",598,344,299,45,45,0,254,206,48
ACSSF,2012e5,wv,000,0036,0001369,080,54,021,08000US540219075899999967800,"Census Tract 9678 (part), De Kalb-Troy district, De Kalb-Troy district, Gilmer County, West Virginia",72,72,59,13,0,13,0,0,0
ACSSF,2012e5,wv,000,0036,0001370,080,54,021,08000US540219123671620967700,"Census Tract 9677 (part), Sand Fork town, Glenville district, Gilmer County, West Virginia",99,85,56,29,11,18,14,14,0
ACSSF,2012e5,wv,000,0036,0001371,080,54,021,08000US540219123699999967700,"Census Tract 9677 (part), Remainder of Glenville district, Glenville district, Gilmer County, West Virginia",356,238,197,41,7,34,118,102,16
ACSSF,2012e5,wv,000,0036,0001372,080,54,021,08000US540219123699999967800,"Census Tract 9678 (part), Remainder of Glenville district, Glenville district, Gilmer County, West Virginia",166,98,81,17,10,7,68,60,8
ACSSF,2012e5,wv,000,0036,0001373,080,54,023,08000US540239129662956969600,"Census Tract 9696 (part), Petersburg city (part), Grant district, Grant County, West Virginia",0,0,0,0,0,0,0,0,0
ACSSF,2012e5,wv,000,0036,0001374,080,54,023,08000US540239129699999969400,"Census Tract 9694 (part), Remainder of Grant district, Grant district, Grant County, West Virginia",334,239,218,21,0,21,95,80,15
ACSSF,2012e5,wv,000,0036,0001375,080,54,023,08000US540239129699999969500,"Census Tract 9695 (part), Remainder of Grant district, Grant district, Grant County, West Virginia",874,726,618,108,30,78,148,138,10
ACSSF,2012e5,wv,000,0036,0001376,080,54,023,08000US540239129699999969600,"Census Tract 9696 (part), Remainder of Grant district, Grant district, Grant County, West Virginia",418,217,200,17,17,0,201,183,18
ACSSF,2012e5,wv,000,0036,0001377,080,54,023,08000US540239220862956969500,"Census Tract 9695 (part), Petersburg city (part), Milroy district, Grant County, West Virginia",32,23,23,0,0,0,9,9,0
ACSSF,2012e5,wv,000,0036,0001378,080,54,023,08000US540239220862956969600,"Census Tract 9696 (part), Petersburg city (part), Milroy district, Grant County, West Virginia",1118,637,474,163,32,131,481,423,58
ACSSF,2012e5,wv,000,0036,0001379,080,54,023,08000US540239220899999969500,"Census Tract 9695 (part), Remainder of Milroy district, Milroy district, Grant County, West Virginia",75,62,52,10,0,10,13,6,7
ACSSF,2012e5,wv,000,0036,0001380,080,54,023,08000US540239220899999969600,"Census Tract 9696 (part), Remainder of Milroy district, Milroy district, Grant County, West Virginia",531,365,263,102,60,42,166,166,0
ACSSF,2012e5,wv,000,0036,0001381,080,54,023,08000US540239321604924969400,"Census Tract 9694 (part), Bayard town, Union district, Grant County, West Virginia",168,125,106,19,7,12,43,39,4
ACSSF,2012e5,wv,000,0036,0001382,080,54,023,08000US540239321699999969400,"Census Tract 9694 (part), Remainder of Union district, Union district, Grant County, West Virginia",747,554,498,56,21,35,193,154,39
ACSSF,2012e5,wv,000,0036,0001383,080,54,023,08000US540239321699999969500,"Census Tract 9695 (part), Remainder of Union district, Union district, Grant County, West Virginia",376,294,234,60,29,31,82,62,20
ACSSF,2012e5,wv,000,0036,0001384,080,54,025,08000US540259044926428950600,"Census Tract 9506 (part), Fairlea CDP, Central district, Greenbrier County, West Virginia",369,230,177,53,21,32,139,118,21
ACSSF,2012e5,wv,000,0036,0001385,080,54,025,08000US540259044926428950700,"Census Tract 9507 (part), Fairlea CDP, Central district, Greenbrier County, West Virginia",440,281,143,138,39,99,159,123,36
ACSSF,2012e5,wv,000,0036,0001386,080,54,025,08000US540259044946636950400,"Census Tract 9504 (part), Lewisburg city, Central district, Greenbrier County, West Virginia",228,124,105,19,0,19,104,61,43
ACSSF,2012e5,wv,000,0036,0001387,080,54,025,08000US540259044946636950600,"Census Tract 9506 (part), Lewisburg city, Central district, Greenbrier County, West Virginia",1659,835,710,125,50,75,824,737,87
ACSSF,2012e5,wv,000,0036,0001388,080,54,025,08000US540259044970156950700,"Census Tract 9507 (part), Ronceverte city (part), Central district, Greenbrier County, West Virginia",391,227,182,45,10,35,164,157,7
ACSSF,2012e5,wv,000,0036,0001389,080,54,025,08000US540259044999999950100,"Census Tract 9501 (part), Remainder of Central district, Central district, Greenbrier County, West Virginia",0,0,0,0,0,0,0,0,0
ACSSF,2012e5,wv,000,0036,0001390,080,54,025,08000US540259044999999950400,"Census Tract 9504 (part), Remainder of Central district, Central district, Greenbrier County, West Virginia",1791,1331,1101,230,28,202,460,335,125
ACSSF,2012e5,wv,000,0036,0001391,080,54,025,08000US540259044999999950500,"Census Tract 9505 (part), Remainder of Central district, Central district, Greenbrier County, West Virginia",149,111,84,27,0,27,38,38,0
ACSSF,2012e5,wv,000,0036,0001392,080,54,025,08000US540259044999999950600,"Census Tract 9506 (part), Remainder of Central district, Central district, Greenbrier County, West Virginia",318,220,220,0,0,0,98,76,22
ACSSF,2012e5,wv,000,0036,0001393,080,54,025,08000US540259044999999950700,"Census Tract 9507 (part), Remainder of Central district, Central district, Greenbrier County, West Virginia",357,237,113,124,0,124,120,77,43
ACSSF,2012e5,wv,000,0036,0001394,080,54,025,08000US540259097200772950500,"Census Tract 9505 (part), Alderson town (part), Eastern district, Greenbrier County, West Virginia",408,248,190,58,20,38,160,140,20
ACSSF,2012e5,wv,000,0036,0001395,080,54,025,08000US540259097200772950700,"Census Tract 9507 (part), Alderson town (part), Eastern district, Greenbrier County, West Virginia",12,12,12,0,0,0,0,0,0
ACSSF,2012e5,wv,000,0036,0001396,080,54,025,08000US540259097226692950100,"Census Tract 9501 (part), Falling Spring town, Eastern district, Greenbrier County, West Virginia",7,7,7,0,0,0,0,0,0
ACSSF,2012e5,wv,000,0036,0001397,080,54,025,08000US540259097226692950200,"Census Tract 9502 (part), Falling Spring town, Eastern district, Greenbrier County, West Virginia",65,51,37,14,5,9,14,9,5
ACSSF,2012e5,wv,000,0036,0001398,080,54,025,08000US540259097226692950400,"Census Tract 9504 (part), Falling Spring town, Eastern district, Greenbrier County, West Virginia",57,5,5,0,0,0,52,52,0
ACSSF,2012e5,wv,000,0036,0001399,080,54,025,08000US540259097270156950700,"Census Tract 9507 (part), Ronceverte city (part), Eastern district, Greenbrier County, West Virginia",501,250,185,65,14,51,251,217,34
ACSSF,2012e5,wv,000,0036,0001400,080,54,025,08000US540259097286812950100,"Census Tract 9501 (part), White Sulphur Springs city, Eastern district, Greenbrier County, West Virginia",1231,763,444,319,121,198,468,436,32
ACSSF,2012e5,wv,000,0036,0001401,080,54,025,08000US540259097286812950700,"Census Tract 9507 (part), White Sulphur Springs city, Eastern district, Greenbrier County, West Virginia",0,0,0,0,0,0,0,0,0
ACSSF,2012e5,wv,000,0036,0001402,080,54,025,08000US540259097299999950100,"Census Tract 9501 (part), Remainder of Eastern district, Eastern district, Greenbrier County, West Virginia",1153,760,525,235,49,186,393,355,38
ACSSF,2012e5,wv,000,0036,0001403,080,54,025,08000US540259097299999950200,"Census Tract 9502 (part), Remainder of Eastern district, Eastern district, Greenbrier County, West Virginia",183,138,130,8,8,0,45,36,9
ACSSF,2012e5,wv,000,0036,0001404,080,54,025,08000US540259097299999950400,"Census Tract 9504 (part), Remainder of Eastern district, Eastern district, Greenbrier County, West Virginia",0,0,0,0,0,0,0,0,0
ACSSF,2012e5,wv,000,0036,0001405,080,54,025,08000US540259097299999950500,"Census Tract 9505 (part), Remainder of Eastern district, Eastern district, Greenbrier County, West Virginia",247,192,130,62,6,56,55,55,0
ACSSF,2012e5,wv,000,0036,0001406,080,54,025,08000US540259097299999950700,"Census Tract 9507 (part), Remainder of Eastern district, Eastern district, Greenbrier County, West Virginia",1252,816,593,223,81,142,436,312,124
ACSSF,2012e5,wv,000,0036,0001407,080,54,025,08000US540259360166412950200,"Census Tract 9502 (part), Quinwood town, Western district, Greenbrier County, West Virginia",113,61,48,13,9,4,52,47,5
ACSSF,2012e5,wv,000,0036,0001408,080,54,025,08000US540259360166412950300,"Census Tract 9503 (part), Quinwood town, Western district, Greenbrier County, West Virginia",41,34,9,25,23,2,7,7,0
ACSSF,2012e5,wv,000,0036,0001409,080,54,025,08000US540259360166652950300,"Census Tract 9503 (part), Rainelle town, Western district, Greenbrier County, West Virginia",648,379,260,119,25,94,269,234,35
ACSSF,2012e5,wv,000,0036,0001410,080,54,025,08000US540259360170828950200,"Census Tract 9502 (part), Rupert town, Western district, Greenbrier County, West Virginia",487,332,197,135,40,95,155,112,43
ACSSF,2012e5,wv,000,0036,0001411,080,54,025,08000US540259360199999950200,"Census Tract 9502 (part), Remainder of Western district, Western district, Greenbrier County, West Virginia",819,721,563,158,75,83,98,98,0
ACSSF,2012e5,wv,000,0036,0001412,080,54,025,08000US540259360199999950300,"Census Tract 9503 (part), Remainder of Western district, Western district, Greenbrier County, West Virginia",1029,667,491,176,46,130,362,308,54
ACSSF,2012e5,wv,000,0036,0001413,080,54,025,08000US540259360199999950400,"Census Tract 9504 (part), Remainder of Western district, Western district, Greenbrier County, West Virginia",791,570,446,124,34,90,221,221,0
ACSSF,2012e5,wv,000,0036,0001414,080,54,025,08000US540259360199999950500,"Census Tract 9505 (part), Remainder of Western district, Western district, Greenbrier County, West Virginia",651,475,377,98,57,41,176,152,24
ACSSF,2012e5,wv,000,0036,0001415,080,54,027,08000US540279020413108968200,"Census Tract 9682 (part), Capon Bridge town (part), Bloomery district, Hampshire County, West Virginia",4,2,0,2,0,2,2,2,0
ACSSF,2012e5,wv,000,0036,0001416,080,54,027,08000US540279020413108968600,"Census Tract 9686 (part), Capon Bridge town (part), Bloomery district, Hampshire County, West Virginia",49,14,12,2,0,2,35,33,2
ACSSF,2012e5,wv,000,0036,0001417,080,54,027,08000US540279020499999968200,"Census Tract 9682 (part), Remainder of Bloomery district, Bloomery district, Hampshire County, West Virginia",1467,763,705,58,38,20,704,670,34
ACSSF,2012e5,wv,000,0036,0001418,080,54,027,08000US540279020499999968600,"Census Tract 9686 (part), Remainder of Bloomery district, Bloomery district, Hampshire County, West Virginia",15,15,0,15,15,0,0,0,0
ACSSF,2012e5,wv,000,0036,0001419,080,54,027,08000US540279036013108968600,"Census Tract 9686 (part), Capon Bridge town (part), Capon district, Hampshire County, West Virginia",154,77,39,38,0,38,77,64,13
ACSSF,2012e5,wv,000,0036,0001420,080,54,027,08000US540279036099999968600,"Census Tract 9686 (part), Remainder of Capon district, Capon district, Hampshire County, West Virginia",1163,420,343,77,12,65,743,721,22
ACSSF,2012e5,wv,000,0036,0001421,080,54,027,08000US540279124899999968200,"Census Tract 9682 (part), Gore district, Gore district, Hampshire County, West Virginia",865,393,322,71,11,60,472,452,20
ACSSF,2012e5,wv,000,0036,0001422,080,54,027,08000US540279124899999968300,"Census Tract 9683 (part), Gore district, Gore district, Hampshire County, West Virginia",1091,486,368,118,43,75,605,590,15
ACSSF,2012e5,wv,000,0036,0001423,080,54,027,08000US540279218499999968400,"Census Tract 9684 (part), Mill Creek district, Mill Creek district, Hampshire County, West Virginia",543,272,238,34,0,34,271,251,20
ACSSF,2012e5,wv,000,0036,0001424,080,54,027,08000US540279267670084968400,"Census Tract 9684 (part), Romney city, Romney district, Hampshire County, West Virginia",677,304,217,87,26,61,373,360,13
ACSSF,2012e5,wv,000,0036,0001425,080,54,027,08000US540279267670084968500,"Census Tract 9685 (part), Romney city, Romney district, Hampshire County, West Virginia",299,111,71,40,0,40,188,174,14
ACSSF,2012e5,wv,000,0036,0001426,080,54,027,08000US540279267699999968300,"Census Tract 9683 (part), Remainder of Romney district, Romney district, Hampshire County, West Virginia",67,49,42,7,0,7,18,18,0
ACSSF,2012e5,wv,000,0036,0001427,080,54,027,08000US540279267699999968400,"Census Tract 9684 (part), Remainder of Romney district, Romney district, Hampshire County, West Virginia",460,258,163,95,10,85,202,194,8
ACSSF,2012e5,wv,000,0036,0001428,080,54,027,08000US540279267699999968500,"Census Tract 9685 (part), Remainder of Romney district, Romney district, Hampshire County, West Virginia",200,90,69,21,7,14,110,93,17
ACSSF,2012e5,wv,000,0036,0001429,080,54,027,08000US540279282099999968500,"Census Tract 9685 (part), Sherman district, Sherman district, Hampshire County, West Virginia",1080,631,409,222,0,222,449,425,24
ACSSF,2012e5,wv,000,0036,0001430,080,54,027,08000US540279282099999968600,"Census Tract 9686 (part), Sherman district, Sherman district, Hampshire County, West Virginia",1107,443,342,101,22,79,664,527,137
ACSSF,2012e5,wv,000,0036,0001431,080,54,027,08000US540279298833436968300,"Census Tract 9683 (part), Green Spring CDP, Springfield district, Hampshire County, West Virginia",53,13,13,0,0,0,40,34,6
ACSSF,2012e5,wv,000,0036,0001432,080,54,027,08000US540279298833436968400,"Census Tract 9684 (part), Green Spring CDP, Springfield district, Hampshire County, West Virginia",40,6,6,0,0,0,34,34,0
ACSSF,2012e5,wv,000,0036,0001433,080,54,027,08000US540279298876084968300,"Census Tract 9683 (part), Springfield CDP, Springfield district, Hampshire County, West Virginia",125,64,48,16,0,16,61,61,0
ACSSF,2012e5,wv,000,0036,0001434,080,54,027,08000US540279298876084968400,"Census Tract 9684 (part), Springfield CDP, Springfield district, Hampshire County, West Virginia",63,54,54,0,0,0,9,9,0
ACSSF,2012e5,wv,000,0036,0001435,080,54,027,08000US540279298899999968200,"Census Tract 9682 (part), Remainder of Springfield district, Springfield district, Hampshire County, West Virginia",0,0,0,0,0,0,0,0,0
ACSSF,2012e5,wv,000,0036,0001436,080,54,027,08000US540279298899999968300,"Census Tract 9683 (part), Remainder of Springfield district, Springfield district, Hampshire County, West Virginia",827,438,260,178,34,144,389,347,42
ACSSF,2012e5,wv,000,0036,0001437,080,54,027,08000US540279298899999968400,"Census Tract 9684 (part), Remainder of Springfield district, Springfield district, Hampshire County, West Virginia",214,114,103,11,0,11,100,100,0
ACSSF,2012e5,wv,000,0036,0001438,080,54,029,08000US540299031285156020600,"Census Tract 206, Weirton city (part), Butler district, Hancock County, West Virginia",1836,1291,1061,230,84,146,545,523,22
ACSSF,2012e5,wv,000,0036,0001439,080,54,029,08000US540299031285156020700,"Census Tract 207, Weirton city (part), Butler district, Hancock County, West Virginia",1915,1140,893,247,72,175,775,725,50
ACSSF,2012e5,wv,000,0036,0001440,080,54,029,08000US540299031285156021300,"Census Tract 213 (part), Weirton city (part), Butler district, Hancock County, West Virginia",62,44,16,28,0,28,18,8,10
ACSSF,2012e5,wv,000,0036,0001441,080,54,029,08000US540299031285156021400,"Census Tract 214 (part), Weirton city (part), Butler district, Hancock County, West Virginia",583,411,292,119,0,119,172,141,31
ACSSF,2012e5,wv,000,0036,0001442,080,54,029,08000US540299054058372021200,"Census Tract 212 (part), New Cumberland city, Clay district, Hancock County, West Virginia",568,359,208,151,81,70,209,187,22
ACSSF,2012e5,wv,000,0036,0001443,080,54,029,08000US540299054085156021300,"Census Tract 213 (part), Weirton city (part), Clay district, Hancock County, West Virginia",1429,874,483,391,50,341,555,485,70
ACSSF,2012e5,wv,000,0036,0001444,080,54,029,08000US540299054085156021400,"Census Tract 214 (part), Weirton city (part), Clay district, Hancock County, West Virginia",1033,574,352,222,82,140,459,420,39
ACSSF,2012e5,wv,000,0036,0001445,080,54,029,08000US540299054099999021100,"Census Tract 211 (part), Remainder of Clay district, Clay district, Hancock County, West Virginia",1105,874,702,172,76,96,231,224,7
ACSSF,2012e5,wv,000,0036,0001446,080,54,029,08000US540299054099999021200,"Census Tract 212 (part), Remainder of Clay district, Clay district, Hancock County, West Virginia",222,153,121,32,10,22,69,27,42
ACSSF,2012e5,wv,000,0036,0001447,080,54,029,08000US540299054099999021300,"Census Tract 213 (part), Remainder of Clay district, Clay district, Hancock County, West Virginia",0,0,0,0,0,0,0,0,0
ACSSF,2012e5,wv,000,0036,0001448,080,54,029,08000US540299130815076021500,"Census Tract 215 (part), Chester city, Grant district, Hancock County, West Virginia",1194,691,570,121,42,79,503,464,39
ACSSF,2012e5,wv,000,0036,0001449,080,54,029,08000US540299130858420020900,"Census Tract 209 (part), Newell CDP, Grant district, Hancock County, West Virginia",376,267,136,131,89,42,109,91,18
ACSSF,2012e5,wv,000,0036,0001450,080,54,029,08000US540299130858420021500,"Census Tract 215 (part), Newell CDP, Grant district, Hancock County, West Virginia",14,14,14,0,0,0,0,0,0
ACSSF,2012e5,wv,000,0036,0001451,080,54,029,08000US540299130899999020900,"Census Tract 209 (part), Remainder of Grant district, Grant district, Hancock County, West Virginia",708,570,474,96,25,71,138,105,33
ACSSF,2012e5,wv,000,0036,0001452,080,54,029,08000US540299130899999021100,"Census Tract 211 (part), Remainder of Grant district, Grant district, Hancock County, West Virginia",419,329,286,43,24,19,90,57,33
ACSSF,2012e5,wv,000,0036,0001453,080,54,029,08000US540299130899999021200,"Census Tract 212 (part), Remainder of Grant district, Grant district, Hancock County, West Virginia",714,483,421,62,28,34,231,215,16
ACSSF,2012e5,wv,000,0036,0001454,080,54,029,08000US540299130899999021500,"Census Tract 215 (part), Remainder of Grant district, Grant district, Hancock County, West Virginia",811,632,453,179,40,139,179,179,0
ACSSF,2012e5,wv,000,0036,0001455,080,54,031,08000US540319037284580970100,"Census Tract 9701 (part), Wardensville town, Capon district, Hardy County, West Virginia",161,67,64,3,3,0,94,56,38
ACSSF,2012e5,wv,000,0036,0001456,080,54,031,08000US540319037299999970100,"Census Tract 9701 (part), Remainder of Capon district, Capon district, Hardy County, West Virginia",828,476,398,78,27,51,352,306,46
ACSSF,2012e5,wv,000,0036,0001457,080,54,031,08000US540319037299999970200,"Census Tract 9702 (part), Remainder of Capon district, Capon district, Hardy County, West Virginia",33,33,33,0,0,0,0,0,0
ACSSF,2012e5,wv,000,0036,0001458,080,54,031,08000US540319196899999970100,"Census Tract 9701 (part), Lost River district, Lost River district, Hardy County, West Virginia",18,11,11,0,0,0,7,7,0
ACSSF,2012e5,wv,000,0036,0001459,080,54,031,08000US540319196899999970200,"Census Tract 9702 (part), Lost River district, Lost River district, Hardy County, West Virginia",627,413,313,100,100,0,214,198,16
ACSSF,2012e5,wv,000,0036,0001460,080,54,031,08000US540319196899999970300,"Census Tract 9703 (part), Lost River district, Lost River district, Hardy County, West Virginia",319,196,151,45,12,33,123,109,14
ACSSF,2012e5,wv,000,0036,0001461,080,54,031,08000US540319223255588970200,"Census Tract 9702 (part), Moorefield town (part), Moorefield district, Hardy County, West Virginia",424,178,128,50,6,44,246,230,16
ACSSF,2012e5,wv,000,0036,0001462,080,54,031,08000US540319223255588970300,"Census Tract 9703 (part), Moorefield town (part), Moorefield district, Hardy County, West Virginia",200,127,76,51,13,38,73,73,0
ACSSF,2012e5,wv,000,0036,0001463,080,54,031,08000US540319223299999970200,"Census Tract 9702 (part), Remainder of Moorefield district, Moorefield district, Hardy County, West Virginia",116,25,25,0,0,0,91,79,12
ACSSF,2012e5,wv,000,0036,0001464,080,54,031,08000US540319223299999970300,"Census Tract 9703 (part), Remainder of Moorefield district, Moorefield district, Hardy County, West Virginia",20,20,13,7,7,0,0,0,0
ACSSF,2012e5,wv,000,0036,0001465,080,54,031,08000US540319238255588970200,"Census Tract 9702 (part), Moorefield town (part), Old Fields district, Hardy County, West Virginia",401,153,102,51,18,33,248,237,11
ACSSF,2012e5,wv,000,0036,0001466,080,54,031,08000US540319238299999970100,"Census Tract 9701 (part), Remainder of Old Fields district, Old Fields district, Hardy County, West Virginia",512,368,331,37,12,25,144,144,0
ACSSF,2012e5,wv,000,0036,0001467,080,54,031,08000US540319238299999970200,"Census Tract 9702 (part), Remainder of Old Fields district, Old Fields district, Hardy County, West Virginia",162,112,88,24,0,24,50,50,0
ACSSF,2012e5,wv,000,0036,0001468,080,54,031,08000US540319238299999970300,"Census Tract 9703 (part), Remainder of Old Fields district, Old Fields district, Hardy County, West Virginia",0,0,0,0,0,0,0,0,0
ACSSF,2012e5,wv,000,0036,0001469,080,54,031,08000US540319292855588970300,"Census Tract 9703 (part), Moorefield town (part), South Fork district, Hardy County, West Virginia",0,0,0,0,0,0,0,0,0
ACSSF,2012e5,wv,000,0036,0001470,080,54,031,08000US540319292899999970100,"Census Tract 9701 (part), Remainder of South Fork district, South Fork district, Hardy County, West Virginia",0,0,0,0,0,0,0,0,0
ACSSF,2012e5,wv,000,0036,0001471,080,54,031,08000US540319292899999970200,"Census Tract 9702 (part), Remainder of South Fork district, South Fork district, Hardy County, West Virginia",69,69,69,0,0,0,0,0,0
ACSSF,2012e5,wv,000,0036,0001472,080,54,031,08000US540319292899999970300,"Census Tract 9703 (part), Remainder of South Fork district, South Fork district, Hardy County, West Virginia",874,608,530,78,62,16,266,236,30
ACSSF,2012e5,wv,000,0036,0001473,080,54,033,08000US540339097501900031100,"Census Tract 311 (part), Anmoore town (part), Eastern district, Harrison County, West Virginia",44,35,15,20,0,20,9,3,6
ACSSF,2012e5,wv,000,0036,0001474,080,54,033,08000US540339097510180030800,"Census Tract 308 (part), Bridgeport city (part), Eastern district, Harrison County, West Virginia",0,0,0,0,0,0,0,0,0
ACSSF,2012e5,wv,000,0036,0001475,080,54,033,08000US540339097510180031100,"Census Tract 311 (part), Bridgeport city (part), Eastern district, Harrison County, West Virginia",57,49,37,12,6,6,8,8,0
ACSSF,2012e5,wv,000,0036,0001476,080,54,033,08000US540339097510180032000,"Census Tract 320 (part), Bridgeport city (part), Eastern district, Harrison County, West Virginia",0,0,0,0,0,0,0,0,0
ACSSF,2012e5,wv,000,0036,0001477,080,54,033,08000US540339097510180032101,"Census Tract 321.01 (part), Bridgeport city (part), Eastern district, Harrison County, West Virginia",596,386,318,68,0,68,210,192,18
ACSSF,2012e5,wv,000,0036,0001478,080,54,033,08000US540339097510180032102,"Census Tract 321.02 (part), Bridgeport city (part), Eastern district, Harrison County, West Virginia",2445,1814,1530,284,70,214,631,619,12
ACSSF,2012e5,wv,000,0036,0001479,080,54,033,08000US540339097515628030300,"Census Tract 303 (part), Clarksburg city (part), Eastern district, Harrison County, West Virginia",0,0,0,0,0,0,0,0,0
ACSSF,2012e5,wv,000,0036,0001480,080,54,033,08000US540339097515628030400,"Census Tract 304 (part), Clarksburg city (part), Eastern district, Harrison County, West Virginia",0,0,0,0,0,0,0,0,0
ACSSF,2012e5,wv,000,0036,0001481,080,54,033,08000US540339097515628030800,"Census Tract 308 (part), Clarksburg city (part), Eastern district, Harrison County, West Virginia",15,8,8,0,0,0,7,7,0
ACSSF,2012e5,wv,000,0036,0001482,080,54,033,08000US540339097515628031000,"Census Tract 310 (part), Clarksburg city (part), Eastern district, Harrison County, West Virginia",0,0,0,0,0,0,0,0,0
ACSSF,2012e5,wv,000,0036,0001483,080,54,033,08000US540339097515628031100,"Census Tract 311 (part), Clarksburg city (part), Eastern district, Harrison County, West Virginia",0,0,0,0,0,0,0,0,0
ACSSF,2012e5,wv,000,0036,0001484,080,54,033,08000US540339097515628032000,"Census Tract 320 (part), Clarksburg city (part), Eastern district, Harrison County, West Virginia",0,0,0,0,0,0,0,0,0
ACSSF,2012e5,wv,000,0036,0001485,080,54,033,08000US540339097521316030300,"Census Tract 303 (part), Despard CDP (part), Eastern district, Harrison County, West Virginia",290,195,145,50,0,50,95,95,0
ACSSF,2012e5,wv,000,0036,0001486,080,54,033,08000US540339097536628030800,"Census Tract 308 (part), Hepzibah CDP, Eastern district, Harrison County, West Virginia",185,146,120,26,0,26,39,39,0
ACSSF,2012e5,wv,000,0036,0001487,080,54,033,08000US540339097575796030800,"Census Tract 308 (part), Spelter CDP, Eastern district, Harrison County, West Virginia",178,106,58,48,23,25,72,72,0
ACSSF,2012e5,wv,000,0036,0001488,080,54,033,08000US540339097599999030300,"Census Tract 303 (part), Remainder of Eastern district, Eastern district, Harrison County, West Virginia",0,0,0,0,0,0,0,0,0
ACSSF,2012e5,wv,000,0036,0001489,080,54,033,08000US540339097599999030800,"Census Tract 308 (part), Remainder of Eastern district, Eastern district, Harrison County, West Virginia",175,106,33,73,35,38,69,61,8
ACSSF,2012e5,wv,000,0036,0001490,080,54,033,08000US540339097599999031000,"Census Tract 310 (part), Remainder of Eastern district, Eastern district, Harrison County, West Virginia",0,0,0,0,0,0,0,0,0
ACSSF,2012e5,wv,000,0036,0001491,080,54,033,08000US540339097599999031100,"Census Tract 311 (part), Remainder of Eastern district, Eastern district, Harrison County, West Virginia",19,11,0,11,0,11,8,8,0
ACSSF,2012e5,wv,000,0036,0001492,080,54,033,08000US540339097599999032000,"Census Tract 320 (part), Remainder of Eastern district, Eastern district, Harrison County, West Virginia",138,95,79,16,0,16,43,43,0
ACSSF,2012e5,wv,000,0036,0001493,080,54,033,08000US540339097599999032101,"Census Tract 321.01 (part), Remainder of Eastern district, Eastern district, Harrison County, West Virginia",748,564,356,208,40,168,184,158,26
ACSSF,2012e5,wv,000,0036,0001494,080,54,033,08000US540339097599999032102,"Census Tract 321.02 (part), Remainder of Eastern district, Eastern district, Harrison County, West Virginia",61,39,0,39,0,39,22,22,0
ACSSF,2012e5,wv,000,0036,0001495,080,54,033,08000US540339235210180032000,"Census Tract 320 (part), Bridgeport city (part), Northern district, Harrison County, West Virginia",0,0,0,0,0,0,0,0,0
ACSSF,2012e5,wv,000,0036,0001496,080,54,033,08000US540339235225516031800,"Census Tract 318 (part), Enterprise CDP, Northern district, Harrison County, West Virginia",358,286,208,78,16,62,72,44,28
ACSSF,2012e5,wv,000,0036,0001497,080,54,033,08000US540339235234180032000,"Census Tract 320 (part), Gypsy CDP, Northern district, Harrison County, West Virginia",130,37,15,22,17,5,93,77,16
ACSSF,2012e5,wv,000,0036,0001498,080,54,033,08000US540339235249252030800,"Census Tract 308 (part), Lumberport town (part), Northern district, Harrison County, West Virginia",433,320,242,78,15,63,113,113,0
ACSSF,2012e5,wv,000,0036,0001499,080,54,033,08000US540339235273636031900,"Census Tract 319 (part), Shinnston city, Northern district, Harrison County, West Virginia",1119,761,506,255,62,193,358,346,12
ACSSF,2012e5,wv,000,0036,0001500,080,54,033,08000US540339235273636032000,"Census Tract 320 (part), Shinnston city, Northern district, Harrison County, West Virginia",0,0,0,0,0,0,0,0,0
ACSSF,2012e5,wv,000,0036,0001501,080,54,033,08000US540339235299999030800,"Census Tract 308 (part), Remainder of Northern district, Northern district, Harrison County, West Virginia",501,417,303,114,51,63,84,84,0
ACSSF,2012e5,wv,000,0036,0001502,080,54,033,08000US540339235299999031500,"Census Tract 315 (part), Remainder of Northern district, Northern district, Harrison County, West Virginia",0,0,0,0,0,0,0,0,0
ACSSF,2012e5,wv,000,0036,0001503,080,54,033,08000US540339235299999031700,"Census Tract 317 (part), Remainder of Northern district, Northern district, Harrison County, West Virginia",625,466,359,107,7,100,159,98,61
ACSSF,2012e5,wv,000,0036,0001504,080,54,033,08000US540339235299999031800,"Census Tract 318 (part), Remainder of Northern district, Northern district, Harrison County, West Virginia",591,387,333,54,13,41,204,177,27
ACSSF,2012e5,wv,000,0036,0001505,080,54,033,08000US540339235299999031900,"Census Tract 319 (part), Remainder of Northern district, Northern district, Harrison County, West Virginia",0,0,0,0,0,0,0,0,0
ACSSF,2012e5,wv,000,0036,0001506,080,54,033,08000US540339235299999032000,"Census Tract 320 (part), Remainder of Northern district, Northern district, Harrison County, West Virginia",772,480,390,90,10,80,292,276,16
ACSSF,2012e5,wv,000,0036,0001507,080,54,033,08000US540339235299999032101,"Census Tract 321.01 (part), Remainder of Northern district, Northern district, Harrison County, West Virginia",0,0,0,0,0,0,0,0,0
ACSSF,2012e5,wv,000,0036,0001508,080,54,033,08000US540339236815628030100,"Census Tract 301 (part), Clarksburg city (part), North Urban district, Harrison County, West Virginia",742,271,176,95,0,95,471,398,73
ACSSF,2012e5,wv,000,0036,0001509,080,54,033,08000US540339236815628030200,"Census Tract 302 (part), Clarksburg city (part), North Urban district, Harrison County, West Virginia",1054,636,440,196,27,169,418,299,119
ACSSF,2012e5,wv,000,0036,0001510,080,54,033,08000US540339236815628030300,"Census Tract 303 (part), Clarksburg city (part), North Urban district, Harrison County, West Virginia",504,278,153,125,29,96,226,226,0
ACSSF,2012e5,wv,000,0036,0001511,080,54,033,08000US540339236815628030400,"Census Tract 304 (part), Clarksburg city (part), North Urban district, Harrison County, West Virginia",152,79,61,18,8,10,73,60,13
ACSSF,2012e5,wv,000,0036,0001512,080,54,033,08000US540339236815628030601,"Census Tract 306.01 (part), Clarksburg city (part), North Urban district, Harrison County, West Virginia",584,403,278,125,9,116,181,166,15
ACSSF,2012e5,wv,000,0036,0001513,080,54,033,08000US540339236815628030800,"Census Tract 308 (part), Clarksburg city (part), North Urban district, Harrison County, West Virginia",27,12,6,6,0,6,15,9,6
ACSSF,2012e5,wv,000,0036,0001514,080,54,033,08000US540339236815628031000,"Census Tract 310 (part), Clarksburg city (part), North Urban district, Harrison County, West Virginia",0,0,0,0,0,0,0,0,0
ACSSF,2012e5,wv,000,0036,0001515,080,54,033,08000US540339236821316030300,"Census Tract 303 (part), Despard CDP (part), North Urban district, Harrison County, West Virginia",53,34,34,0,0,0,19,19,0
ACSSF,2012e5,wv,000,0036,0001516,080,54,033,08000US540339236849252030800,"Census Tract 308 (part), Lumberport town (part), North Urban district, Harrison County, West Virginia",83,72,12,60,32,28,11,2,9
ACSSF,2012e5,wv,000,0036,0001517,080,54,033,08000US540339236899999030200,"Census Tract 302 (part), Remainder of North Urban district, North Urban district, Harrison County, West Virginia",86,45,45,0,0,0,41,41,0
ACSSF,2012e5,wv,000,0036,0001518,080,54,033,08000US540339236899999030300,"Census Tract 303 (part), Remainder of North Urban district, North Urban district, Harrison County, West Virginia",18,18,0,18,0,18,0,0,0
ACSSF,2012e5,wv,000,0036,0001519,080,54,033,08000US540339236899999030601,"Census Tract 306.01 (part), Remainder of North Urban district, North Urban district, Harrison County, West Virginia",391,294,214,80,45,35,97,97,0
ACSSF,2012e5,wv,000,0036,0001520,080,54,033,08000US540339236899999030602,"Census Tract 306.02 (part), Remainder of North Urban district, North Urban district, Harrison County, West Virginia",0,0,0,0,0,0,0,0,0
ACSSF,2012e5,wv,000,0036,0001521,080,54,033,08000US540339236899999030700,"Census Tract 307 (part), Remainder of North Urban district, North Urban district, Harrison County, West Virginia",226,182,155,27,21,6,44,35,9
ACSSF,2012e5,wv,000,0036,0001522,080,54,033,08000US540339236899999030800,"Census Tract 308 (part), Remainder of North Urban district, North Urban district, Harrison County, West Virginia",312,233,138,95,0,95,79,79,0
ACSSF,2012e5,wv,000,0036,0001523,080,54,033,08000US540339236899999031000,"Census Tract 310 (part), Remainder of North Urban district, North Urban district, Harrison County, West Virginia",0,0,0,0,0,0,0,0,0
ACSSF,2012e5,wv,000,0036,0001524,080,54,033,08000US540339236899999031500,"Census Tract 315 (part), Remainder of North Urban district, North Urban district, Harrison County, West Virginia",14,14,14,0,0,0,0,0,0
ACSSF,2012e5,wv,000,0036,0001525,080,54,033,08000US540339236899999031700,"Census Tract 317 (part), Remainder of North Urban district, North Urban district, Harrison County, West Virginia",151,104,90,14,9,5,47,27,20
ACSSF,2012e5,wv,000,0036,0001526,080,54,033,08000US540339292301900031000,"Census Tract 310 (part), Anmoore town (part), Southern district, Harrison County, West Virginia",4,4,0,4,0,4,0,0,0
ACSSF,2012e5,wv,000,0036,0001527,080,54,033,08000US540339292301900031100,"Census Tract 311 (part), Anmoore town (part), Southern district, Harrison County, West Virginia",319,223,97,126,17,109,96,81,15
ACSSF,2012e5,wv,000,0036,0001528,080,54,033,08000US540339292310180031100,"Census Tract 311 (part), Bridgeport city (part), Southern district, Harrison County, West Virginia",49,40,14,26,0,26,9,9,0
ACSSF,2012e5,wv,000,0036,0001529,080,54,033,08000US540339292310180032101,"Census Tract 321.01 (part), Bridgeport city (part), Southern district, Harrison County, West Virginia",131,131,121,10,0,10,0,0,0
ACSSF,2012e5,wv,000,0036,0001530,080,54,033,08000US540339292315628030400,"Census Tract 304 (part), Clarksburg city (part), Southern district, Harrison County, West Virginia",10,10,10,0,0,0,0,0,0
ACSSF,2012e5,wv,000,0036,0001531,080,54,033,08000US540339292315628030500,"Census Tract 305 (part), Clarksburg city (part), Southern district, Harrison County, West Virginia",64,51,51,0,0,0,13,13,0
ACSSF,2012e5,wv,000,0036,0001532,080,54,033,08000US540339292315628031000,"Census Tract 310 (part), Clarksburg city (part), Southern district, Harrison County, West Virginia",249,218,140,78,0,78,31,31,0
ACSSF,2012e5,wv,000,0036,0001533,080,54,033,08000US540339292315628031100,"Census Tract 311 (part), Clarksburg city (part), Southern district, Harrison County, West Virginia",0,0,0,0,0,0,0,0,0
ACSSF,2012e5,wv,000,0036,0001534,080,54,033,08000US540339292348748031300,"Census Tract 313 (part), Lost Creek town, Southern district, Harrison County, West Virginia",130,106,63,43,4,39,24,22,2
ACSSF,2012e5,wv,000,0036,0001535,080,54,033,08000US540339292359836030400,"Census Tract 304 (part), Nutter Fort town (part), Southern district, Harrison County, West Virginia",0,0,0,0,0,0,0,0,0
ACSSF,2012e5,wv,000,0036,0001536,080,54,033,08000US540339292359836030500,"Census Tract 305 (part), Nutter Fort town (part), Southern district, Harrison County, West Virginia",689,375,287,88,14,74,314,285,29
ACSSF,2012e5,wv,000,0036,0001537,080,54,033,08000US540339292377188031000,"Census Tract 310 (part), Stonewood city, Southern district, Harrison County, West Virginia",896,506,377,129,7,122,390,355,35
ACSSF,2012e5,wv,000,0036,0001538,080,54,033,08000US540339292377188031100,"Census Tract 311 (part), Stonewood city, Southern district, Harrison County, West Virginia",19,14,14,0,0,0,5,5,0
ACSSF,2012e5,wv,000,0036,0001539,080,54,033,08000US540339292399999030500,"Census Tract 305 (part), Remainder of Southern district, Southern district, Harrison County, West Virginia",419,319,243,76,26,50,100,44,56
ACSSF,2012e5,wv,000,0036,0001540,080,54,033,08000US540339292399999031000,"Census Tract 310 (part), Remainder of Southern district, Southern district, Harrison County, West Virginia",489,307,188,119,60,59,182,182,0
ACSSF,2012e5,wv,000,0036,0001541,080,54,033,08000US540339292399999031100,"Census Tract 311 (part), Remainder of Southern district, Southern district, Harrison County, West Virginia",385,278,241,37,0,37,107,75,32
ACSSF,2012e5,wv,000,0036,0001542,080,54,033,08000US540339292399999031200,"Census Tract 312, Remainder of Southern district, Southern district, Harrison County, West Virginia",918,762,707,55,17,38,156,137,19
ACSSF,2012e5,wv,000,0036,0001543,080,54,033,08000US540339292399999031300,"Census Tract 313 (part), Remainder of Southern district, Southern district, Harrison County, West Virginia",442,330,276,54,22,32,112,101,11
ACSSF,2012e5,wv,000,0036,0001544,080,54,033,08000US540339292399999032101,"Census Tract 321.01 (part), Remainder of Southern district, Southern district, Harrison County, West Virginia",0,0,0,0,0,0,0,0,0
ACSSF,2012e5,wv,000,0036,0001545,080,54,033,08000US540339293215628030100,"Census Tract 301 (part), Clarksburg city (part), South Urban district, Harrison County, West Virginia",686,351,228,123,23,100,335,290,45
ACSSF,2012e5,wv,000,0036,0001546,080,54,033,08000US540339293215628030400,"Census Tract 304 (part), Clarksburg city (part), South Urban district, Harrison County, West Virginia",952,624,397,227,72,155,328,280,48
ACSSF,2012e5,wv,000,0036,0001547,080,54,033,08000US540339293215628030500,"Census Tract 305 (part), Clarksburg city (part), South Urban district, Harrison County, West Virginia",210,93,50,43,0,43,117,117,0
ACSSF,2012e5,wv,000,0036,0001548,080,54,033,08000US540339293215628030601,"Census Tract 306.01 (part), Clarksburg city (part), South Urban district, Harrison County, West Virginia",64,34,34,0,0,0,30,30,0
ACSSF,2012e5,wv,000,0036,0001549,080,54,033,08000US540339293215628030602,"Census Tract 306.02 (part), Clarksburg city (part), South Urban district, Harrison County, West Virginia",1395,954,703,251,40,211,441,366,75
ACSSF,2012e5,wv,000,0036,0001550,080,54,033,08000US540339293215628031000,"Census Tract 310 (part), Clarksburg city (part), South Urban district, Harrison County, West Virginia",0,0,0,0,0,0,0,0,0
ACSSF,2012e5,wv,000,0036,0001551,080,54,033,08000US540339293259836030400,"Census Tract 304 (part), Nutter Fort town (part), South Urban district, Harrison County, West Virginia",0,0,0,0,0,0,0,0,0
ACSSF,2012e5,wv,000,0036,0001552,080,54,033,08000US540339293259836030500,"Census Tract 305 (part), Nutter Fort town (part), South Urban district, Harrison County, West Virginia",0,0,0,0,0,0,0,0,0
ACSSF,2012e5,wv,000,0036,0001553,080,54,033,08000US540339293299999030100,"Census Tract 301 (part), Remainder of South Urban district, South Urban district, Harrison County, West Virginia",0,0,0,0,0,0,0,0,0
ACSSF,2012e5,wv,000,0036,0001554,080,54,033,08000US540339293299999030400,"Census Tract 304 (part), Remainder of South Urban district, South Urban district, Harrison County, West Virginia",0,0,0,0,0,0,0,0,0
ACSSF,2012e5,wv,000,0036,0001555,080,54,033,08000US540339293299999030500,"Census Tract 305 (part), Remainder of South Urban district, South Urban district, Harrison County, West Virginia",332,181,166,15,0,15,151,151,0
ACSSF,2012e5,wv,000,0036,0001556,080,54,033,08000US540339293299999030601,"Census Tract 306.01 (part), Remainder of South Urban district, South Urban district, Harrison County, West Virginia",0,0,0,0,0,0,0,0,0
ACSSF,2012e5,wv,000,0036,0001557,080,54,033,08000US540339293299999030602,"Census Tract 306.02 (part), Remainder of South Urban district, South Urban district, Harrison County, West Virginia",782,534,348,186,0,186,248,216,32
ACSSF,2012e5,wv,000,0036,0001558,080,54,033,08000US540339293299999030700,"Census Tract 307 (part), Remainder of South Urban district, South Urban district, Harrison County, West Virginia",158,73,64,9,0,9,85,80,5
ACSSF,2012e5,wv,000,0036,0001559,080,54,033,08000US540339295271380031600,"Census Tract 316 (part), Salem city, Southwest district, Harrison County, West Virginia",700,421,289,132,36,96,279,234,45
ACSSF,2012e5,wv,000,0036,0001560,080,54,033,08000US540339295285924031400,"Census Tract 314 (part), West Milford town, Southwest district, Harrison County, West Virginia",341,273,189,84,9,75,68,61,7
ACSSF,2012e5,wv,000,0036,0001561,080,54,033,08000US540339295288276030700,"Census Tract 307 (part), Wolf Summit CDP, Southwest district, Harrison County, West Virginia",50,50,42,8,8,0,0,0,0
ACSSF,2012e5,wv,000,0036,0001562,080,54,033,08000US540339295299999030500,"Census Tract 305 (part), Remainder of Southwest district, Southwest district, Harrison County, West Virginia",384,340,276,64,0,64,44,44,0
ACSSF,2012e5,wv,000,0036,0001563,080,54,033,08000US540339295299999030602,"Census Tract 306.02 (part), Remainder of Southwest district, Southwest district, Harrison County, West Virginia",156,108,108,0,0,0,48,48,0
ACSSF,2012e5,wv,000,0036,0001564,080,54,033,08000US540339295299999030700,"Census Tract 307 (part), Remainder of Southwest district, Southwest district, Harrison County, West Virginia",483,340,277,63,27,36,143,117,26
ACSSF,2012e5,wv,000,0036,0001565,080,54,033,08000US540339295299999031300,"Census Tract 313 (part), Remainder of Southwest district, Southwest district, Harrison County, West Virginia",376,300,279,21,7,14,76,55,21
ACSSF,2012e5,wv,000,0036,0001566,080,54,033,08000US540339295299999031400,"Census Tract 314 (part), Remainder of Southwest district, Southwest district, Harrison County, West Virginia",781,556,446,110,30,80,225,203,22
ACSSF,2012e5,wv,000,0036,0001567,080,54,033,08000US540339295299999031500,"Census Tract 315 (part), Remainder of Southwest district, Southwest district, Harrison County, West Virginia",550,367,350,17,12,5,183,128,55
ACSSF,2012e5,wv,000,0036,0001568,080,54,033,08000US540339295299999031600,"Census Tract 316 (part), Remainder of Southwest district, Southwest district, Harrison County, West Virginia",271,133,106,27,0,27,138,133,5
ACSSF,2012e5,wv,000,0036,0001569,080,54,035,08000US540359097668596963500,"Census Tract 9635 (part), Ripley city (part), Eastern district, Jackson County, West Virginia",9,9,9,0,0,0,0,0,0
ACSSF,2012e5,wv,000,0036,0001570,080,54,035,08000US540359097668596963600,"Census Tract 9636 (part), Ripley city (part), Eastern district, Jackson County, West Virginia",1291,710,614,96,40,56,581,463,118
ACSSF,2012e5,wv,000,0036,0001571,080,54,035,08000US540359097699999963600,"Census Tract 9636 (part), Remainder of Eastern district, Eastern district, Jackson County, West Virginia",100,92,35,57,0,57,8,8,0
ACSSF,2012e5,wv,000,0036,0001572,080,54,035,08000US540359097699999963700,"Census Tract 9637 (part), Remainder of Eastern district, Eastern district, Jackson County, West Virginia",2430,1768,1392,376,76,300,662,512,150
ACSSF,2012e5,wv,000,0036,0001573,080,54,035,08000US540359235367108963300,"Census Tract 9633 (part), Ravenswood city, Northern district, Jackson County, West Virginia",1701,906,604,302,63,239,795,690,105
ACSSF,2012e5,wv,000,0036,0001574,080,54,035,08000US540359235399999963200,"Census Tract 9632 (part), Remainder of Northern district, Northern district, Jackson County, West Virginia",1560,1225,1059,166,59,107,335,258,77
ACSSF,2012e5,wv,000,0036,0001575,080,54,035,08000US540359235399999963300,"Census Tract 9633 (part), Remainder of Northern district, Northern district, Jackson County, West Virginia",213,132,122,10,0,10,81,81,0
ACSSF,2012e5,wv,000,0036,0001576,080,54,035,08000US540359235399999963400,"Census Tract 9634 (part), Remainder of Northern district, Northern district, Jackson County, West Virginia",0,0,0,0,0,0,0,0,0
ACSSF,2012e5,wv,000,0036,0001577,080,54,035,08000US540359360568596963500,"Census Tract 9635 (part), Ripley city (part), Western district, Jackson County, West Virginia",24,17,17,0,0,0,7,7,0
ACSSF,2012e5,wv,000,0036,0001578,080,54,035,08000US540359360568596963600,"Census Tract 9636 (part), Ripley city (part), Western district, Jackson County, West Virginia",58,58,0,58,58,0,0,0,0
ACSSF,2012e5,wv,000,0036,0001579,080,54,035,08000US540359360599999963200,"Census Tract 9632 (part), Remainder of Western district, Western district, Jackson County, West Virginia",201,121,91,30,0,30,80,34,46
ACSSF,2012e5,wv,000,0036,0001580,080,54,035,08000US540359360599999963400,"Census Tract 9634 (part), Remainder of Western district, Western district, Jackson County, West Virginia",1737,1221,949,272,68,204,516,444,72
ACSSF,2012e5,wv,000,0036,0001581,080,54,035,08000US540359360599999963500,"Census Tract 9635 (part), Remainder of Western district, Western district, Jackson County, West Virginia",1071,822,644,178,65,113,249,233,16
ACSSF,2012e5,wv,000,0036,0001582,080,54,035,08000US540359360599999963600,"Census Tract 9636 (part), Remainder of Western district, Western district, Jackson County, West Virginia",363,215,201,14,7,7,148,104,44
ACSSF,2012e5,wv,000,0036,0001583,080,54,035,08000US540359360599999963700,"Census Tract 9637 (part), Remainder of Western district, Western district, Jackson County, West Virginia",641,500,416,84,0,84,141,141,0
ACSSF,2012e5,wv,000,0036,0001584,080,54,037,08000US540379050414610972401,"Census Tract 9724.01 (part), Charles Town city (part), Charles Town district, Jefferson County, West Virginia",0,0,0,0,0,0,0,0,0
ACSSF,2012e5,wv,000,0036,0001585,080,54,037,08000US540379050414610972501,"Census Tract 9725.01 (part), Charles Town city (part), Charles Town district, Jefferson County, West Virginia",106,94,14,80,0,80,12,12,0
ACSSF,2012e5,wv,000,0036,0001586,080,54,037,08000US540379050414610972503,"Census Tract 9725.03 (part), Charles Town city (part), Charles Town district, Jefferson County, West Virginia",0,0,0,0,0,0,0,0,0
ACSSF,2012e5,wv,000,0036,0001587,080,54,037,08000US540379050414610972505,"Census Tract 9725.05 (part), Charles Town city (part), Charles Town district, Jefferson County, West Virginia",1200,586,470,116,0,116,614,542,72
ACSSF,2012e5,wv,000,0036,0001588,080,54,037,08000US540379050414610972506,"Census Tract 9725.06 (part), Charles Town city (part), Charles Town district, Jefferson County, West Virginia",389,346,335,11,11,0,43,43,0
ACSSF,2012e5,wv,000,0036,0001589,080,54,037,08000US540379050466988972401,"Census Tract 9724.01 (part), Ranson corporation (part), Charles Town district, Jefferson County, West Virginia",1090,602,367,235,72,163,488,357,131
ACSSF,2012e5,wv,000,0036,0001590,080,54,037,08000US540379050466988972402,"Census Tract 9724.02 (part), Ranson corporation (part), Charles Town district, Jefferson County, West Virginia",192,145,49,96,0,96,47,29,18
ACSSF,2012e5,wv,000,0036,0001591,080,54,037,08000US540379050466988972503,"Census Tract 9725.03 (part), Ranson corporation (part), Charles Town district, Jefferson County, West Virginia",138,70,70,0,0,0,68,64,4
ACSSF,2012e5,wv,000,0036,0001592,080,54,037,08000US540379050466988972505,"Census Tract 9725.05 (part), Ranson corporation (part), Charles Town district, Jefferson County, West Virginia",0,0,0,0,0,0,0,0,0
ACSSF,2012e5,wv,000,0036,0001593,080,54,037,08000US540379050499999972401,"Census Tract 9724.01 (part), Remainder of Charles Town district, Charles Town district, Jefferson County, West Virginia",0,0,0,0,0,0,0,0,0
ACSSF,2012e5,wv,000,0036,0001594,080,54,037,08000US540379050499999972402,"Census Tract 9724.02 (part), Remainder of Charles Town district, Charles Town district, Jefferson County, West Virginia",0,0,0,0,0,0,0,0,0
ACSSF,2012e5,wv,000,0036,0001595,080,54,037,08000US540379050499999972501,"Census Tract 9725.01 (part), Remainder of Charles Town district, Charles Town district, Jefferson County, West Virginia",0,0,0,0,0,0,0,0,0
ACSSF,2012e5,wv,000,0036,0001596,080,54,037,08000US540379050499999972503,"Census Tract 9725.03 (part), Remainder of Charles Town district, Charles Town district, Jefferson County, West Virginia",868,623,519,104,48,56,245,140,105
ACSSF,2012e5,wv,000,0036,0001597,080,54,037,08000US540379050499999972505,"Census Tract 9725.05 (part), Remainder of Charles Town district, Charles Town district, Jefferson County, West Virginia",17,0,0,0,0,0,17,17,0
ACSSF,2012e5,wv,000,0036,0001598,080,54,037,08000US540379050499999972506,"Census Tract 9725.06 (part), Remainder of Charles Town district, Charles Town district, Jefferson County, West Virginia",515,287,206,81,0,81,228,175,53
ACSSF,2012e5,wv,000,0036,0001599,080,54,037,08000US540379154808932972601,"Census Tract 9726.01 (part), Bolivar town, Harpers Ferry district, Jefferson County, West Virginia",470,253,172,81,34,47,217,200,17
ACSSF,2012e5,wv,000,0036,0001600,080,54,037,08000US540379154808932972602,"Census Tract 9726.02 (part), Bolivar town, Harpers Ferry district, Jefferson County, West Virginia",0,0,0,0,0,0,0,0,0
ACSSF,2012e5,wv,000,0036,0001601,080,54,037,08000US540379154814610972503,"Census Tract 9725.03 (part), Charles Town city (part), Harpers Ferry district, Jefferson County, West Virginia",0,0,0,0,0,0,0,0,0
ACSSF,2012e5,wv,000,0036,0001602,080,54,037,08000US540379154814610972506,"Census Tract 9725.06 (part), Charles Town city (part), Harpers Ferry district, Jefferson County, West Virginia",0,0,0,0,0,0,0,0,0
ACSSF,2012e5,wv,000,0036,0001603,080,54,037,08000US540379154814610972601,"Census Tract 9726.01 (part), Charles Town city (part), Harpers Ferry district, Jefferson County, West Virginia",18,18,18,0,0,0,0,0,0
ACSSF,2012e5,wv,000,0036,0001604,080,54,037,08000US540379154835284972601,"Census Tract 9726.01 (part), Harpers Ferry town, Harpers Ferry district, Jefferson County, West Virginia",113,57,57,0,0,0,56,46,10
ACSSF,2012e5,wv,000,0036,0001605,080,54,037,08000US540379154835284972602,"Census Tract 9726.02 (part), Harpers Ferry town, Harpers Ferry district, Jefferson County, West Virginia",8,5,5,0,0,0,3,3,0
ACSSF,2012e5,wv,000,0036,0001606,080,54,037,08000US540379154835284972701,"Census Tract 9727.01 (part), Harpers Ferry town, Harpers Ferry district, Jefferson County, West Virginia",0,0,0,0,0,0,0,0,0
ACSSF,2012e5,wv,000,0036,0001607,080,54,037,08000US540379154866988972402,"Census Tract 9724.02 (part), Ranson corporation (part), Harpers Ferry district, Jefferson County, West Virginia",282,217,101,116,24,92,65,41,24
ACSSF,2012e5,wv,000,0036,0001608,080,54,037,08000US540379154873444972204,"Census Tract 9722.04 (part), Shenandoah Junction CDP (part), Harpers Ferry district, Jefferson County, West Virginia",165,165,70,95,23,72,0,0,0
ACSSF,2012e5,wv,000,0036,0001609,080,54,037,08000US540379154873444972402,"Census Tract 9724.02 (part), Shenandoah Junction CDP (part), Harpers Ferry district, Jefferson County, West Virginia",18,18,18,0,0,0,0,0,0
ACSSF,2012e5,wv,000,0036,0001610,080,54,037,08000US540379154899999972203,"Census Tract 9722.03 (part), Remainder of Harpers Ferry district, Harpers Ferry district, Jefferson County, West Virginia",0,0,0,0,0,0,0,0,0
ACSSF,2012e5,wv,000,0036,0001611,080,54,037,08000US540379154899999972402,"Census Tract 9724.02 (part), Remainder of Harpers Ferry district, Harpers Ferry district, Jefferson County, West Virginia",116,109,53,56,0,56,7,7,0
ACSSF,2012e5,wv,000,0036,0001612,080,54,037,08000US540379154899999972503,"Census Tract 9725.03 (part), Remainder of Harpers Ferry district, Harpers Ferry district, Jefferson County, West Virginia",127,101,91,10,0,10,26,26,0
ACSSF,2012e5,wv,000,0036,0001613,080,54,037,08000US540379154899999972506,"Census Tract 9725.06 (part), Remainder of Harpers Ferry district, Harpers Ferry district, Jefferson County, West Virginia",127,83,57,26,0,26,44,16,28
ACSSF,2012e5,wv,000,0036,0001614,080,54,037,08000US540379154899999972601,"Census Tract 9726.01 (part), Remainder of Harpers Ferry district, Harpers Ferry district, Jefferson County, West Virginia",276,212,161,51,33,18,64,64,0
ACSSF,2012e5,wv,000,0036,0001615,080,54,037,08000US540379154899999972602,"Census Tract 9726.02 (part), Remainder of Harpers Ferry district, Harpers Ferry district, Jefferson County, West Virginia",835,766,693,73,0,73,69,55,14
ACSSF,2012e5,wv,000,0036,0001616,080,54,037,08000US540379154899999972701,"Census Tract 9727.01 (part), Remainder of Harpers Ferry district, Harpers Ferry district, Jefferson County, West Virginia",1144,661,582,79,32,47,483,311,172
ACSSF,2012e5,wv,000,0036,0001617,080,54,037,08000US540379174014610972501,"Census Tract 9725.01 (part), Charles Town city (part), Kabletown district, Jefferson County, West Virginia",295,287,250,37,21,16,8,0,8
ACSSF,2012e5,wv,000,0036,0001618,080,54,037,08000US540379174014610972800,"Census Tract 9728 (part), Charles Town city (part), Kabletown district, Jefferson County, West Virginia",13,13,13,0,0,0,0,0,0
ACSSF,2012e5,wv,000,0036,0001619,080,54,037,08000US540379174073252972702,"Census Tract 9727.02 (part), Shannondale CDP, Kabletown district, Jefferson County, West Virginia",1133,785,636,149,36,113,348,287,61
ACSSF,2012e5,wv,000,0036,0001620,080,54,037,08000US540379174099999972501,"Census Tract 9725.01 (part), Remainder of Kabletown district, Kabletown district, Jefferson County, West Virginia",1462,1185,968,217,36,181,277,262,15
ACSSF,2012e5,wv,000,0036,0001621,080,54,037,08000US540379174099999972506,"Census Tract 9725.06 (part), Remainder of Kabletown district, Kabletown district, Jefferson County, West Virginia",153,79,79,0,0,0,74,74,0
ACSSF,2012e5,wv,000,0036,0001622,080,54,037,08000US540379174099999972702,"Census Tract 9727.02 (part), Remainder of Kabletown district, Kabletown district, Jefferson County, West Virginia",219,149,132,17,0,17,70,62,8
ACSSF,2012e5,wv,000,0036,0001623,080,54,037,08000US540379174099999972800,"Census Tract 9728 (part), Remainder of Kabletown district, Kabletown district, Jefferson County, West Virginia",1149,970,900,70,44,26,179,105,74
ACSSF,2012e5,wv,000,0036,0001624,080,54,037,08000US540379216014610972501,"Census Tract 9725.01 (part), Charles Town city (part), Middleway district, Jefferson County, West Virginia",0,0,0,0,0,0,0,0,0
ACSSF,2012e5,wv,000,0036,0001625,080,54,037,08000US540379216053692972800,"Census Tract 9728 (part), Middleway CDP, Middleway district, Jefferson County, West Virginia",131,103,83,20,0,20,28,20,8
ACSSF,2012e5,wv,000,0036,0001626,080,54,037,08000US540379216066988972300,"Census Tract 9723 (part), Ranson corporation (part), Middleway district, Jefferson County, West Virginia",47,47,47,0,0,0,0,0,0
ACSSF,2012e5,wv,000,0036,0001627,080,54,037,08000US540379216066988972401,"Census Tract 9724.01 (part), Ranson corporation (part), Middleway district, Jefferson County, West Virginia",0,0,0,0,0,0,0,0,0
ACSSF,2012e5,wv,000,0036,0001628,080,54,037,08000US540379216066988972402,"Census Tract 9724.02 (part), Ranson corporation (part), Middleway district, Jefferson County, West Virginia",58,34,0,34,0,34,24,24,0
ACSSF,2012e5,wv,000,0036,0001629,080,54,037,08000US540379216066988972501,"Census Tract 9725.01 (part), Ranson corporation (part), Middleway district, Jefferson County, West Virginia",0,0,0,0,0,0,0,0,0
ACSSF,2012e5,wv,000,0036,0001630,080,54,037,08000US540379216073444972204,"Census Tract 9722.04 (part), Shenandoah Junction CDP (part), Middleway district, Jefferson County, West Virginia",0,0,0,0,0,0,0,0,0
ACSSF,2012e5,wv,000,0036,0001631,080,54,037,08000US540379216073444972402,"Census Tract 9724.02 (part), Shenandoah Junction CDP (part), Middleway district, Jefferson County, West Virginia",0,0,0,0,0,0,0,0,0
ACSSF,2012e5,wv,000,0036,0001632,080,54,037,08000US540379216099999972204,"Census Tract 9722.04 (part), Remainder of Middleway district, Middleway district, Jefferson County, West Virginia",0,0,0,0,0,0,0,0,0
ACSSF,2012e5,wv,000,0036,0001633,080,54,037,08000US540379216099999972300,"Census Tract 9723 (part), Remainder of Middleway district, Middleway district, Jefferson County, West Virginia",1618,1274,969,305,102,203,344,278,66
ACSSF,2012e5,wv,000,0036,0001634,080,54,037,08000US540379216099999972401,"Census Tract 9724.01 (part), Remainder of Middleway district, Middleway district, Jefferson County, West Virginia",67,46,46,0,0,0,21,21,0
ACSSF,2012e5,wv,000,0036,0001635,080,54,037,08000US540379216099999972402,"Census Tract 9724.02 (part), Remainder of Middleway district, Middleway district, Jefferson County, West Virginia",920,499,310,189,42,147,421,332,89
ACSSF,2012e5,wv,000,0036,0001636,080,54,037,08000US540379216099999972501,"Census Tract 9725.01 (part), Remainder of Middleway district, Middleway district, Jefferson County, West Virginia",0,0,0,0,0,0,0,0,0
ACSSF,2012e5,wv,000,0036,0001637,080,54,037,08000US540379216099999972505,"Census Tract 9725.05 (part), Remainder of Middleway district, Middleway district, Jefferson County, West Virginia",0,0,0,0,0,0,0,0,0
ACSSF,2012e5,wv,000,0036,0001638,080,54,037,08000US540379216099999972800,"Census Tract 9728 (part), Remainder of Middleway district, Middleway district, Jefferson County, West Virginia",924,782,648,134,59,75,142,110,32
ACSSF,2012e5,wv,000,0036,0001639,080,54,037,08000US540379276073444972204,"Census Tract 9722.04 (part), Shenandoah Junction CDP (part), Shepherdstown district, Jefferson County, West Virginia",0,0,0,0,0,0,0,0,0
ACSSF,2012e5,wv,000,0036,0001640,080,54,037,08000US540379276073468972201,"Census Tract 9722.01 (part), Shepherdstown town, Shepherdstown district, Jefferson County, West Virginia",101,68,40,28,8,20,33,14,19
ACSSF,2012e5,wv,000,0036,0001641,080,54,037,08000US540379276073468972203,"Census Tract 9722.03 (part), Shepherdstown town, Shepherdstown district, Jefferson County, West Virginia",26,18,0,18,0,18,8,0,8
ACSSF,2012e5,wv,000,0036,0001642,080,54,037,08000US540379276073468972204,"Census Tract 9722.04 (part), Shepherdstown town, Shepherdstown district, Jefferson County, West Virginia",293,153,118,35,10,25,140,77,63
ACSSF,2012e5,wv,000,0036,0001643,080,54,037,08000US540379276099999972201,"Census Tract 9722.01 (part), Remainder of Shepherdstown district, Shepherdstown district, Jefferson County, West Virginia",1400,906,745,161,108,53,494,339,155
ACSSF,2012e5,wv,000,0036,0001644,080,54,037,08000US540379276099999972203,"Census Tract 9722.03 (part), Remainder of Shepherdstown district, Shepherdstown district, Jefferson County, West Virginia",674,511,463,48,33,15,163,131,32
ACSSF,2012e5,wv,000,0036,0001645,080,54,037,08000US540379276099999972204,"Census Tract 9722.04 (part), Remainder of Shepherdstown district, Shepherdstown district, Jefferson County, West Virginia",476,235,204,31,19,12,241,128,113
ACSSF,2012e5,wv,000,0036,0001646,080,54,037,08000US540379276099999972602,"Census Tract 9726.02 (part), Remainder of Shepherdstown district, Shepherdstown district, Jefferson County, West Virginia",451,377,377,0,0,0,74,74,0
ACSSF,2012e5,wv,000,0036,0001647,080,54,039,08000US540399076805836011402,"Census Tract 114.02 (part), Belle town, District 1, Kanawha County, West Virginia",85,35,20,15,0,15,50,50,0
ACSSF,2012e5,wv,000,0036,0001648,080,54,039,08000US540399076805836011500,"Census Tract 115 (part), Belle town, District 1, Kanawha County, West Virginia",532,350,213,137,44,93,182,171,11
ACSSF,2012e5,wv,000,0036,0001649,080,54,039,08000US540399076805836012200,"Census Tract 122 (part), Belle town, District 1, Kanawha County, West Virginia",0,0,0,0,0,0,0,0,0
ACSSF,2012e5,wv,000,0036,0001650,080,54,039,08000US540399076813924011800,"Census Tract 118 (part), Cedar Grove town, District 1, Kanawha County, West Virginia",381,270,165,105,32,73,111,87,24
ACSSF,2012e5,wv,000,0036,0001651,080,54,039,08000US540399076814600000900,"Census Tract 9 (part), Charleston city (part), District 1, Kanawha County, West Virginia",538,90,59,31,0,31,448,434,14
ACSSF,2012e5,wv,000,0036,0001652,080,54,039,08000US540399076814600001100,"Census Tract 11 (part), Charleston city (part), District 1, Kanawha County, West Virginia",2236,1181,793,388,98,290,1055,908,147
ACSSF,2012e5,wv,000,0036,0001653,080,54,039,08000US540399076814600001200,"Census Tract 12, Charleston city (part), District 1, Kanawha County, West Virginia",720,270,84,186,42,144,450,389,61
ACSSF,2012e5,wv,000,0036,0001654,080,54,039,08000US540399076814600001300,"Census Tract 13 (part), Charleston city (part), District 1, Kanawha County, West Virginia",1811,399,215,184,13,171,1412,1301,111
ACSSF,2012e5,wv,000,0036,0001655,080,54,039,08000US540399076814600001500,"Census Tract 15 (part), Charleston city (part), District 1, Kanawha County, West Virginia",1490,814,702,112,23,89,676,632,44
ACSSF,2012e5,wv,000,0036,0001656,080,54,039,08000US540399076814600001700,"Census Tract 17 (part), Charleston city (part), District 1, Kanawha County, West Virginia",1004,440,260,180,38,142,564,524,40
ACSSF,2012e5,wv,000,0036,0001657,080,54,039,08000US540399076814600001800,"Census Tract 18 (part), Charleston city (part), District 1, Kanawha County, West Virginia",426,377,273,104,18,86,49,44,5
ACSSF,2012e5,wv,000,0036,0001658,080,54,039,08000US540399076814600002000,"Census Tract 20 (part), Charleston city (part), District 1, Kanawha County, West Virginia",0,0,0,0,0,0,0,0,0
ACSSF,2012e5,wv,000,0036,0001659,080,54,039,08000US540399076814600011301,"Census Tract 113.01 (part), Charleston city (part), District 1, Kanawha County, West Virginia",18,0,0,0,0,0,18,18,0
ACSSF,2012e5,wv,000,0036,0001660,080,54,039,08000US540399076814600011401,"Census Tract 114.01 (part), Charleston city (part), District 1, Kanawha County, West Virginia",13,0,0,0,0,0,13,13,0
ACSSF,2012e5,wv,000,0036,0001661,080,54,039,08000US540399076814600011500,"Census Tract 115 (part), Charleston city (part), District 1, Kanawha County, West Virginia",0,0,0,0,0,0,0,0,0
ACSSF,2012e5,wv,000,0036,0001662,080,54,039,08000US540399076814812012200,"Census Tract 122 (part), Chelyan CDP, District 1, Kanawha County, West Virginia",412,146,72,74,36,38,266,211,55
ACSSF,2012e5,wv,000,0036,0001663,080,54,039,08000US540399076815028011500,"Census Tract 115 (part), Chesapeake town, District 1, Kanawha County, West Virginia",0,0,0,0,0,0,0,0,0
ACSSF,2012e5,wv,000,0036,0001664,080,54,039,08000US540399076815028011800,"Census Tract 118 (part), Chesapeake town, District 1, Kanawha County, West Virginia",0,0,0,0,0,0,0,0,0
ACSSF,2012e5,wv,000,0036,0001665,080,54,039,08000US540399076815028012200,"Census Tract 122 (part), Chesapeake town, District 1, Kanawha County, West Virginia",748,438,269,169,43,126,310,258,52
ACSSF,2012e5,wv,000,0036,0001666,080,54,039,08000US540399076816612011401,"Census Tract 114.01 (part), Coal Fork CDP (part), District 1, Kanawha County, West Virginia",387,226,203,23,0,23,161,136,25
ACSSF,2012e5,wv,000,0036,0001667,080,54,039,08000US540399076816612011402,"Census Tract 114.02 (part), Coal Fork CDP (part), District 1, Kanawha County, West Virginia",185,135,107,28,0,28,50,18,32
ACSSF,2012e5,wv,000,0036,0001668,080,54,039,08000US540399076823092012100,"Census Tract 121 (part), East Bank town, District 1, Kanawha County, West Virginia",442,337,225,112,25,87,105,95,10
ACSSF,2012e5,wv,000,0036,0001669,080,54,039,08000US540399076831324011800,"Census Tract 118 (part), Glasgow town, District 1, Kanawha County, West Virginia",254,202,150,52,26,26,52,52,0
ACSSF,2012e5,wv,000,0036,0001670,080,54,039,08000US540399076834756011800,"Census Tract 118 (part), Handley town, District 1, Kanawha County, West Virginia",0,0,0,0,0,0,0,0,0
ACSSF,2012e5,wv,000,0036,0001671,080,54,039,08000US540399076834756012100,"Census Tract 121 (part), Handley town, District 1, Kanawha County, West Virginia",130,76,60,16,10,6,54,45,9
ACSSF,2012e5,wv,000,0036,0001672,080,54,039,08000US540399076851724011500,"Census Tract 115 (part), Marmet city, District 1, Kanawha County, West Virginia",0,0,0,0,0,0,0,0,0
ACSSF,2012e5,wv,000,0036,0001673,080,54,039,08000US540399076851724012200,"Census Tract 122 (part), Marmet city, District 1, Kanawha County, West Virginia",4,0,0,0,0,0,4,4,0
ACSSF,2012e5,wv,000,0036,0001674,080,54,039,08000US540399076851724012300,"Census Tract 123 (part), Marmet city, District 1, Kanawha County, West Virginia",675,432,282,150,25,125,243,212,31
ACSSF,2012e5,wv,000,0036,0001675,080,54,039,08000US540399076855468011800,"Census Tract 118 (part), Montgomery city (part), District 1, Kanawha County, West Virginia",0,0,0,0,0,0,0,0,0
ACSSF,2012e5,wv,000,0036,0001676,080,54,039,08000US540399076855468012100,"Census Tract 121 (part), Montgomery city (part), District 1, Kanawha County, West Virginia",307,180,113,67,16,51,127,102,25
ACSSF,2012e5,wv,000,0036,0001677,080,54,039,08000US540399076865356012100,"Census Tract 121 (part), Pratt town, District 1, Kanawha County, West Virginia",184,144,95,49,14,35,40,28,12
ACSSF,2012e5,wv,000,0036,0001678,080,54,039,08000US540399076866892011500,"Census Tract 115 (part), Rand CDP, District 1, Kanawha County, West Virginia",556,262,133,129,40,89,294,246,48
ACSSF,2012e5,wv,000,0036,0001679,080,54,039,08000US540399076873876011800,"Census Tract 118 (part), Shrewsbury CDP, District 1, Kanawha County, West Virginia",245,186,127,59,0,59,59,48,11
ACSSF,2012e5,wv,000,0036,0001680,080,54,039,08000US540399076874740011800,"Census Tract 118 (part), Smithers city (part), District 1, Kanawha County, West Virginia",0,0,0,0,0,0,0,0,0
ACSSF,2012e5,wv,000,0036,0001681,080,54,039,08000US540399076899999001100,"Census Tract 11 (part), District Remainder of 1, District 1, Kanawha County, West Virginia",114,64,64,0,0,0,50,15,35
ACSSF,2012e5,wv,000,0036,0001682,080,54,039,08000US540399076899999001700,"Census Tract 17 (part), District Remainder of 1, District 1, Kanawha County, West Virginia",0,0,0,0,0,0,0,0,0
ACSSF,2012e5,wv,000,0036,0001683,080,54,039,08000US540399076899999001800,"Census Tract 18 (part), District Remainder of 1, District 1, Kanawha County, West Virginia",0,0,0,0,0,0,0,0,0
ACSSF,2012e5,wv,000,0036,0001684,080,54,039,08000US540399076899999011301,"Census Tract 113.01 (part), District Remainder of 1, District 1, Kanawha County, West Virginia",276,184,145,39,0,39,92,92,0
ACSSF,2012e5,wv,000,0036,0001685,080,54,039,08000US540399076899999011401,"Census Tract 114.01 (part), District Remainder of 1, District 1, Kanawha County, West Virginia",232,176,168,8,0,8,56,34,22
ACSSF,2012e5,wv,000,0036,0001686,080,54,039,08000US540399076899999011402,"Census Tract 114.02 (part), District Remainder of 1, District 1, Kanawha County, West Virginia",1358,1016,751,265,97,168,342,288,54
ACSSF,2012e5,wv,000,0036,0001687,080,54,039,08000US540399076899999011500,"Census Tract 115 (part), District Remainder of 1, District 1, Kanawha County, West Virginia",813,475,243,232,71,161,338,221,117
ACSSF,2012e5,wv,000,0036,0001688,080,54,039,08000US540399076899999011800,"Census Tract 118 (part), District Remainder of 1, District 1, Kanawha County, West Virginia",1096,877,653,224,14,210,219,170,49
ACSSF,2012e5,wv,000,0036,0001689,080,54,039,08000US540399076899999012100,"Census Tract 121 (part), District Remainder of 1, District 1, Kanawha County, West Virginia",642,479,388,91,28,63,163,142,21
ACSSF,2012e5,wv,000,0036,0001690,080,54,039,08000US540399076899999012200,"Census Tract 122 (part), District Remainder of 1, District 1, Kanawha County, West Virginia",950,572,489,83,10,73,378,352,26
ACSSF,2012e5,wv,000,0036,0001691,080,54,039,08000US540399076899999012300,"Census Tract 123 (part), District Remainder of 1, District 1, Kanawha County, West Virginia",175,78,27,51,11,40,97,53,44
ACSSF,2012e5,wv,000,0036,0001692,080,54,039,08000US540399080401396012300,"Census Tract 123 (part), Alum Creek CDP (part), District 2, Kanawha County, West Virginia",262,88,70,18,0,18,174,133,41
ACSSF,2012e5,wv,000,0036,0001693,080,54,039,08000US540399080414600000100,"Census Tract 1 (part), Charleston city (part), District 2, Kanawha County, West Virginia",485,250,164,86,44,42,235,178,57
ACSSF,2012e5,wv,000,0036,0001694,080,54,039,08000US540399080414600000200,"Census Tract 2 (part), Charleston city (part), District 2, Kanawha County, West Virginia",510,402,179,223,95,128,108,96,12
ACSSF,2012e5,wv,000,0036,0001695,080,54,039,08000US540399080414600000900,"Census Tract 9 (part), Charleston city (part), District 2, Kanawha County, West Virginia",0,0,0,0,0,0,0,0,0
ACSSF,2012e5,wv,000,0036,0001696,080,54,039,08000US540399080414600001300,"Census Tract 13 (part), Charleston city (part), District 2, Kanawha County, West Virginia",0,0,0,0,0,0,0,0,0
ACSSF,2012e5,wv,000,0036,0001697,080,54,039,08000US540399080414600001500,"Census Tract 15 (part), Charleston city (part), District 2, Kanawha County, West Virginia",638,322,278,44,9,35,316,290,26
ACSSF,2012e5,wv,000,0036,0001698,080,54,039,08000US540399080414600001800,"Census Tract 18 (part), Charleston city (part), District 2, Kanawha County, West Virginia",659,413,322,91,12,79,246,240,6
ACSSF,2012e5,wv,000,0036,0001699,080,54,039,08000US540399080414600001901,"Census Tract 19.01 (part), Charleston city (part), District 2, Kanawha County, West Virginia",1496,1074,908,166,32,134,422,371,51
ACSSF,2012e5,wv,000,0036,0001700,080,54,039,08000US540399080414600001902,"Census Tract 19.02 (part), Charleston city (part), District 2, Kanawha County, West Virginia",1415,1053,936,117,55,62,362,351,11
ACSSF,2012e5,wv,000,0036,0001701,080,54,039,08000US540399080414600002000,"Census Tract 20 (part), Charleston city (part), District 2, Kanawha County, West Virginia",1391,750,569,181,52,129,641,522,119
ACSSF,2012e5,wv,000,0036,0001702,080,54,039,08000US540399080414600002100,"Census Tract 21 (part), Charleston city (part), District 2, Kanawha County, West Virginia",1741,937,704,233,29,204,804,702,102
ACSSF,2012e5,wv,000,0036,0001703,080,54,039,08000US540399080414600012300,"Census Tract 123 (part), Charleston city (part), District 2, Kanawha County, West Virginia",100,77,77,0,0,0,23,23,0
ACSSF,2012e5,wv,000,0036,0001704,080,54,039,08000US540399080414600012800,"Census Tract 128 (part), Charleston city (part), District 2, Kanawha County, West Virginia",156,106,61,45,0,45,50,41,9
ACSSF,2012e5,wv,000,0036,0001705,080,54,039,08000US540399080414600013000,"Census Tract 130 (part), Charleston city (part), District 2, Kanawha County, West Virginia",14,14,14,0,0,0,0,0,0
ACSSF,2012e5,wv,000,0036,0001706,080,54,039,08000US540399080422564000100,"Census Tract 1 (part), Dunbar city (part), District 2, Kanawha County, West Virginia",0,0,0,0,0,0,0,0,0
ACSSF,2012e5,wv,000,0036,0001707,080,54,039,08000US540399080422564010100,"Census Tract 101 (part), Dunbar city (part), District 2, Kanawha County, West Virginia",1419,784,540,244,47,197,635,596,39
ACSSF,2012e5,wv,000,0036,0001708,080,54,039,08000US540399080422564010200,"Census Tract 102 (part), Dunbar city (part), District 2, Kanawha County, West Virginia",1115,679,292,387,102,285,436,374,62
ACSSF,2012e5,wv,000,0036,0001709,080,54,039,08000US540399080422564010300,"Census Tract 103 (part), Dunbar city (part), District 2, Kanawha County, West Virginia",951,592,348,244,20,224,359,246,113
ACSSF,2012e5,wv,000,0036,0001710,080,54,039,08000US540399080422564010400,"Census Tract 104 (part), Dunbar city (part), District 2, Kanawha County, West Virginia",2,2,0,2,0,2,0,0,0
ACSSF,2012e5,wv,000,0036,0001711,080,54,039,08000US540399080441010013100,"Census Tract 131 (part), Jefferson CDP (part), District 2, Kanawha County, West Virginia",0,0,0,0,0,0,0,0,0
ACSSF,2012e5,wv,000,0036,0001712,080,54,039,08000US540399080441010013200,"Census Tract 132 (part), Jefferson CDP (part), District 2, Kanawha County, West Virginia",81,69,43,26,26,0,12,12,0
ACSSF,2012e5,wv,000,0036,0001713,080,54,039,08000US540399080441010013400,"Census Tract 134 (part), Jefferson CDP (part), District 2, Kanawha County, West Virginia",157,78,42,36,6,30,79,73,6
ACSSF,2012e5,wv,000,0036,0001714,080,54,039,08000US540399080471212013200,"Census Tract 132 (part), St. Albans city (part), District 2, Kanawha County, West Virginia",0,0,0,0,0,0,0,0,0
ACSSF,2012e5,wv,000,0036,0001715,080,54,039,08000US540399080471212013400,"Census Tract 134 (part), St. Albans city (part), District 2, Kanawha County, West Virginia",65,38,38,0,0,0,27,27,0
ACSSF,2012e5,wv,000,0036,0001716,080,54,039,08000US540399080475292000100,"Census Tract 1 (part), South Charleston city, District 2, Kanawha County, West Virginia",0,0,0,0,0,0,0,0,0
ACSSF,2012e5,wv,000,0036,0001717,080,54,039,08000US540399080475292002100,"Census Tract 21 (part), South Charleston city, District 2, Kanawha County, West Virginia",389,314,314,0,0,0,75,75,0
ACSSF,2012e5,wv,000,0036,0001718,080,54,039,08000US540399080475292010100,"Census Tract 101 (part), South Charleston city, District 2, Kanawha County, West Virginia",0,0,0,0,0,0,0,0,0
ACSSF,2012e5,wv,000,0036,0001719,080,54,039,08000US540399080475292010200,"Census Tract 102 (part), South Charleston city, District 2, Kanawha County, West Virginia",0,0,0,0,0,0,0,0,0
ACSSF,2012e5,wv,000,0036,0001720,080,54,039,08000US540399080475292012300,"Census Tract 123 (part), South Charleston city, District 2, Kanawha County, West Virginia",28,15,15,0,0,0,13,13,0
ACSSF,2012e5,wv,000,0036,0001721,080,54,039,08000US540399080475292012800,"Census Tract 128 (part), South Charleston city, District 2, Kanawha County, West Virginia",1809,1052,812,240,85,155,757,729,28
ACSSF,2012e5,wv,000,0036,0001722,080,54,039,08000US540399080475292012900,"Census Tract 129, South Charleston city, District 2, Kanawha County, West Virginia",683,303,182,121,6,115,380,362,18
ACSSF,2012e5,wv,000,0036,0001723,080,54,039,08000US540399080475292013000,"Census Tract 130 (part), South Charleston city, District 2, Kanawha County, West Virginia",1832,1031,664,367,46,321,801,790,11
ACSSF,2012e5,wv,000,0036,0001724,080,54,039,08000US540399080475292013100,"Census Tract 131 (part), South Charleston city, District 2, Kanawha County, West Virginia",1567,930,546,384,35,349,637,545,92
ACSSF,2012e5,wv,000,0036,0001725,080,54,039,08000US540399080475292013200,"Census Tract 132 (part), South Charleston city, District 2, Kanawha County, West Virginia",0,0,0,0,0,0,0,0,0
ACSSF,2012e5,wv,000,0036,0001726,080,54,039,08000US540399080499999001800,"Census Tract 18 (part), District Remainder of 2, District 2, Kanawha County, West Virginia",35,7,7,0,0,0,28,16,12
ACSSF,2012e5,wv,000,0036,0001727,080,54,039,08000US540399080499999001901,"Census Tract 19.01 (part), District Remainder of 2, District 2, Kanawha County, West Virginia",179,129,117,12,0,12,50,50,0
ACSSF,2012e5,wv,000,0036,0001728,080,54,039,08000US540399080499999001902,"Census Tract 19.02 (part), District Remainder of 2, District 2, Kanawha County, West Virginia",276,117,107,10,0,10,159,68,91
ACSSF,2012e5,wv,000,0036,0001729,080,54,039,08000US540399080499999002100,"Census Tract 21 (part), District Remainder of 2, District 2, Kanawha County, West Virginia",0,0,0,0,0,0,0,0,0
ACSSF,2012e5,wv,000,0036,0001730,080,54,039,08000US540399080499999010100,"Census Tract 101 (part), District Remainder of 2, District 2, Kanawha County, West Virginia",135,124,86,38,38,0,11,11,0
ACSSF,2012e5,wv,000,0036,0001731,080,54,039,08000US540399080499999010200,"Census Tract 102 (part), District Remainder of 2, District 2, Kanawha County, West Virginia",0,0,0,0,0,0,0,0,0
ACSSF,2012e5,wv,000,0036,0001732,080,54,039,08000US540399080499999010400,"Census Tract 104 (part), District Remainder of 2, District 2, Kanawha County, West Virginia",14,14,6,8,3,5,0,0,0
ACSSF,2012e5,wv,000,0036,0001733,080,54,039,08000US540399080499999012300,"Census Tract 123 (part), District Remainder of 2, District 2, Kanawha County, West Virginia",1323,1038,886,152,58,94,285,272,13
ACSSF,2012e5,wv,000,0036,0001734,080,54,039,08000US540399080499999012800,"Census Tract 128 (part), District Remainder of 2, District 2, Kanawha County, West Virginia",0,0,0,0,0,0,0,0,0
ACSSF,2012e5,wv,000,0036,0001735,080,54,039,08000US540399080499999013000,"Census Tract 130 (part), District Remainder of 2, District 2, Kanawha County, West Virginia",508,226,163,63,14,49,282,188,94
ACSSF,2012e5,wv,000,0036,0001736,080,54,039,08000US540399080499999013100,"Census Tract 131 (part), District Remainder of 2, District 2, Kanawha County, West Virginia",91,76,68,8,0,8,15,7,8
ACSSF,2012e5,wv,000,0036,0001737,080,54,039,08000US540399080499999013200,"Census Tract 132 (part), District Remainder of 2, District 2, Kanawha County, West Virginia",837,557,492,65,12,53,280,236,44
ACSSF,2012e5,wv,000,0036,0001738,080,54,039,08000US540399080499999013300,"Census Tract 133 (part), District Remainder of 2, District 2, Kanawha County, West Virginia",34,34,0,34,0,34,0,0,0
ACSSF,2012e5,wv,000,0036,0001739,080,54,039,08000US540399084019108010500,"Census Tract 105 (part), Cross Lanes CDP, District 3, Kanawha County, West Virginia",1431,981,714,267,35,232,450,343,107
ACSSF,2012e5,wv,000,0036,0001740,080,54,039,08000US540399084019108010701,"Census Tract 107.01 (part), Cross Lanes CDP, District 3, Kanawha County, West Virginia",1721,822,636,186,44,142,899,669,230
ACSSF,2012e5,wv,000,0036,0001741,080,54,039,08000US540399084019108010702,"Census Tract 107.02 (part), Cross Lanes CDP, District 3, Kanawha County, West Virginia",899,532,454,78,27,51,367,338,29
ACSSF,2012e5,wv,000,0036,0001742,080,54,039,08000US540399084022564000200,"Census Tract 2 (part), Dunbar city (part), District 3, Kanawha County, West Virginia",0,0,0,0,0,0,0,0,0
ACSSF,2012e5,wv,000,0036,0001743,080,54,039,08000US540399084022564010100,"Census Tract 101 (part), Dunbar city (part), District 3, Kanawha County, West Virginia",0,0,0,0,0,0,0,0,0
ACSSF,2012e5,wv,000,0036,0001744,080,54,039,08000US540399084022564010300,"Census Tract 103 (part), Dunbar city (part), District 3, Kanawha County, West Virginia",3,3,3,0,0,0,0,0,0
ACSSF,2012e5,wv,000,0036,0001745,080,54,039,08000US540399084022564010400,"Census Tract 104 (part), Dunbar city (part), District 3, Kanawha County, West Virginia",17,17,0,17,17,0,0,0,0
ACSSF,2012e5,wv,000,0036,0001746,080,54,039,08000US540399084022564010500,"Census Tract 105 (part), Dunbar city (part), District 3, Kanawha County, West Virginia",0,0,0,0,0,0,0,0,0
ACSSF,2012e5,wv,000,0036,0001747,080,54,039,08000US540399084041010013400,"Census Tract 134 (part), Jefferson CDP (part), District 3, Kanawha County, West Virginia",0,0,0,0,0,0,0,0,0
ACSSF,2012e5,wv,000,0036,0001748,080,54,039,08000US540399084059068010600,"Census Tract 106 (part), Nitro city (part), District 3, Kanawha County, West Virginia",2168,1360,995,365,155,210,808,606,202
ACSSF,2012e5,wv,000,0036,0001749,080,54,039,08000US540399084059068010701,"Census Tract 107.01 (part), Nitro city (part), District 3, Kanawha County, West Virginia",325,236,168,68,19,49,89,89,0
ACSSF,2012e5,wv,000,0036,0001750,080,54,039,08000US540399084059068013800,"Census Tract 138 (part), Nitro city (part), District 3, Kanawha County, West Virginia",0,0,0,0,0,0,0,0,0
ACSSF,2012e5,wv,000,0036,0001751,080,54,039,08000US540399084071212013200,"Census Tract 132 (part), St. Albans city (part), District 3, Kanawha County, West Virginia",37,33,33,0,0,0,4,4,0
ACSSF,2012e5,wv,000,0036,0001752,080,54,039,08000US540399084071212013300,"Census Tract 133 (part), St. Albans city (part), District 3, Kanawha County, West Virginia",962,685,545,140,28,112,277,242,35
ACSSF,2012e5,wv,000,0036,0001753,080,54,039,08000US540399084071212013400,"Census Tract 134 (part), St. Albans city (part), District 3, Kanawha County, West Virginia",764,442,300,142,84,58,322,252,70
ACSSF,2012e5,wv,000,0036,0001754,080,54,039,08000US540399084071212013500,"Census Tract 135 (part), St. Albans city (part), District 3, Kanawha County, West Virginia",1185,705,527,178,66,112,480,414,66
ACSSF,2012e5,wv,000,0036,0001755,080,54,039,08000US540399084071212013600,"Census Tract 136 (part), St. Albans city (part), District 3, Kanawha County, West Virginia",1369,787,533,254,58,196,582,575,7
ACSSF,2012e5,wv,000,0036,0001756,080,54,039,08000US540399084071212013702,"Census Tract 137.02 (part), St. Albans city (part), District 3, Kanawha County, West Virginia",389,292,232,60,48,12,97,83,14
ACSSF,2012e5,wv,000,0036,0001757,080,54,039,08000US540399084074356010801,"Census Tract 108.01 (part), Sissonville CDP (part), District 3, Kanawha County, West Virginia",36,36,36,0,0,0,0,0,0
ACSSF,2012e5,wv,000,0036,0001758,080,54,039,08000US540399084074356010802,"Census Tract 108.02 (part), Sissonville CDP (part), District 3, Kanawha County, West Virginia",310,221,169,52,0,52,89,89,0
ACSSF,2012e5,wv,000,0036,0001759,080,54,039,08000US540399084082180013200,"Census Tract 132 (part), Upper Falls CDP, District 3, Kanawha County, West Virginia",118,60,51,9,0,9,58,38,20
ACSSF,2012e5,wv,000,0036,0001760,080,54,039,08000US540399084082180013600,"Census Tract 136 (part), Upper Falls CDP, District 3, Kanawha County, West Virginia",405,246,151,95,0,95,159,151,8
ACSSF,2012e5,wv,000,0036,0001761,080,54,039,08000US540399084082180013701,"Census Tract 137.01 (part), Upper Falls CDP, District 3, Kanawha County, West Virginia",943,720,637,83,12,71,223,223,0
ACSSF,2012e5,wv,000,0036,0001762,080,54,039,08000US540399084082180013702,"Census Tract 137.02 (part), Upper Falls CDP, District 3, Kanawha County, West Virginia",59,42,42,0,0,0,17,17,0
ACSSF,2012e5,wv,000,0036,0001763,080,54,039,08000US540399084099999000200,"Census Tract 2 (part), District Remainder of 3, District 3, Kanawha County, West Virginia",146,97,97,0,0,0,49,16,33
ACSSF,2012e5,wv,000,0036,0001764,080,54,039,08000US540399084099999010100,"Census Tract 101 (part), District Remainder of 3, District 3, Kanawha County, West Virginia",129,90,79,11,11,0,39,39,0
ACSSF,2012e5,wv,000,0036,0001765,080,54,039,08000US540399084099999010300,"Census Tract 103 (part), District Remainder of 3, District 3, Kanawha County, West Virginia",80,14,0,14,10,4,66,55,11
ACSSF,2012e5,wv,000,0036,0001766,080,54,039,08000US540399084099999010400,"Census Tract 104 (part), District Remainder of 3, District 3, Kanawha County, West Virginia",364,209,116,93,20,73,155,128,27
ACSSF,2012e5,wv,000,0036,0001767,080,54,039,08000US540399084099999010500,"Census Tract 105 (part), District Remainder of 3, District 3, Kanawha County, West Virginia",711,525,347,178,82,96,186,172,14
ACSSF,2012e5,wv,000,0036,0001768,080,54,039,08000US540399084099999010600,"Census Tract 106 (part), District Remainder of 3, District 3, Kanawha County, West Virginia",127,127,81,46,30,16,0,0,0
ACSSF,2012e5,wv,000,0036,0001769,080,54,039,08000US540399084099999010701,"Census Tract 107.01 (part), District Remainder of 3, District 3, Kanawha County, West Virginia",91,82,82,0,0,0,9,9,0
ACSSF,2012e5,wv,000,0036,0001770,080,54,039,08000US540399084099999010702,"Census Tract 107.02 (part), District Remainder of 3, District 3, Kanawha County, West Virginia",942,608,562,46,21,25,334,250,84
ACSSF,2012e5,wv,000,0036,0001771,080,54,039,08000US540399084099999010801,"Census Tract 108.01 (part), District Remainder of 3, District 3, Kanawha County, West Virginia",746,607,532,75,10,65,139,129,10
ACSSF,2012e5,wv,000,0036,0001772,080,54,039,08000US540399084099999010802,"Census Tract 108.02 (part), District Remainder of 3, District 3, Kanawha County, West Virginia",117,109,55,54,29,25,8,0,8
ACSSF,2012e5,wv,000,0036,0001773,080,54,039,08000US540399084099999013100,"Census Tract 131 (part), District Remainder of 3, District 3, Kanawha County, West Virginia",58,44,19,25,0,25,14,14,0
ACSSF,2012e5,wv,000,0036,0001774,080,54,039,08000US540399084099999013200,"Census Tract 132 (part), District Remainder of 3, District 3, Kanawha County, West Virginia",313,174,145,29,16,13,139,117,22
ACSSF,2012e5,wv,000,0036,0001775,080,54,039,08000US540399084099999013300,"Census Tract 133 (part), District Remainder of 3, District 3, Kanawha County, West Virginia",34,14,14,0,0,0,20,20,0
ACSSF,2012e5,wv,000,0036,0001776,080,54,039,08000US540399084099999013400,"Census Tract 134 (part), District Remainder of 3, District 3, Kanawha County, West Virginia",0,0,0,0,0,0,0,0,0
ACSSF,2012e5,wv,000,0036,0001777,080,54,039,08000US540399084099999013500,"Census Tract 135 (part), District Remainder of 3, District 3, Kanawha County, West Virginia",0,0,0,0,0,0,0,0,0
ACSSF,2012e5,wv,000,0036,0001778,080,54,039,08000US540399084099999013600,"Census Tract 136 (part), District Remainder of 3, District 3, Kanawha County, West Virginia",265,224,164,60,0,60,41,41,0
ACSSF,2012e5,wv,000,0036,0001779,080,54,039,08000US540399084099999013701,"Census Tract 137.01 (part), District Remainder of 3, District 3, Kanawha County, West Virginia",15,15,15,0,0,0,0,0,0
ACSSF,2012e5,wv,000,0036,0001780,080,54,039,08000US540399084099999013702,"Census Tract 137.02 (part), District Remainder of 3, District 3, Kanawha County, West Virginia",2086,1264,1004,260,72,188,822,744,78
ACSSF,2012e5,wv,000,0036,0001781,080,54,039,08000US540399084099999013800,"Census Tract 138 (part), District Remainder of 3, District 3, Kanawha County, West Virginia",1145,745,445,300,15,285,400,320,80
ACSSF,2012e5,wv,000,0036,0001782,080,54,039,08000US540399087607204011000,"Census Tract 110 (part), Big Chimney CDP, District 4, Kanawha County, West Virginia",226,109,109,0,0,0,117,117,0
ACSSF,2012e5,wv,000,0036,0001783,080,54,039,08000US540399087614600000100,"Census Tract 1 (part), Charleston city (part), District 4, Kanawha County, West Virginia",107,52,12,40,7,33,55,55,0
ACSSF,2012e5,wv,000,0036,0001784,080,54,039,08000US540399087614600000200,"Census Tract 2 (part), Charleston city (part), District 4, Kanawha County, West Virginia",138,72,20,52,7,45,66,66,0
ACSSF,2012e5,wv,000,0036,0001785,080,54,039,08000US540399087614600000300,"Census Tract 3 (part), Charleston city (part), District 4, Kanawha County, West Virginia",1352,779,522,257,102,155,573,505,68
ACSSF,2012e5,wv,000,0036,0001786,080,54,039,08000US540399087614600000500,"Census Tract 5, Charleston city (part), District 4, Kanawha County, West Virginia",1110,490,361,129,33,96,620,476,144
ACSSF,2012e5,wv,000,0036,0001787,080,54,039,08000US540399087614600000600,"Census Tract 6, Charleston city (part), District 4, Kanawha County, West Virginia",1830,1068,708,360,58,302,762,603,159
ACSSF,2012e5,wv,000,0036,0001788,080,54,039,08000US540399087614600000700,"Census Tract 7, Charleston city (part), District 4, Kanawha County, West Virginia",935,371,144,227,37,190,564,476,88
ACSSF,2012e5,wv,000,0036,0001789,080,54,039,08000US540399087614600000800,"Census Tract 8, Charleston city (part), District 4, Kanawha County, West Virginia",910,345,163,182,35,147,565,460,105
ACSSF,2012e5,wv,000,0036,0001790,080,54,039,08000US540399087614600000900,"Census Tract 9 (part), Charleston city (part), District 4, Kanawha County, West Virginia",0,0,0,0,0,0,0,0,0
ACSSF,2012e5,wv,000,0036,0001791,080,54,039,08000US540399087614600001100,"Census Tract 11 (part), Charleston city (part), District 4, Kanawha County, West Virginia",0,0,0,0,0,0,0,0,0
ACSSF,2012e5,wv,000,0036,0001792,080,54,039,08000US540399087614600011000,"Census Tract 110 (part), Charleston city (part), District 4, Kanawha County, West Virginia",175,79,44,35,0,35,96,90,6
ACSSF,2012e5,wv,000,0036,0001793,080,54,039,08000US540399087614600011301,"Census Tract 113.01 (part), Charleston city (part), District 4, Kanawha County, West Virginia",30,30,30,0,0,0,0,0,0
ACSSF,2012e5,wv,000,0036,0001794,080,54,039,08000US540399087614600011401,"Census Tract 114.01 (part), Charleston city (part), District 4, Kanawha County, West Virginia",35,10,10,0,0,0,25,25,0
ACSSF,2012e5,wv,000,0036,0001795,080,54,039,08000US540399087616012011200,"Census Tract 112 (part), Clendenin town, District 4, Kanawha County, West Virginia",467,348,260,88,11,77,119,105,14
ACSSF,2012e5,wv,000,0036,0001796,080,54,039,08000US540399087616612011401,"Census Tract 114.01 (part), Coal Fork CDP (part), District 4, Kanawha County, West Virginia",4,0,0,0,0,0,4,4,0
ACSSF,2012e5,wv,000,0036,0001797,080,54,039,08000US540399087624748011100,"Census Tract 111 (part), Elkview CDP, District 4, Kanawha County, West Virginia",134,41,41,0,0,0,93,76,17
ACSSF,2012e5,wv,000,0036,0001798,080,54,039,08000US540399087624748011302,"Census Tract 113.02 (part), Elkview CDP, District 4, Kanawha County, West Virginia",379,312,220,92,20,72,67,55,12
ACSSF,2012e5,wv,000,0036,0001799,080,54,039,08000US540399087663772011302,"Census Tract 113.02 (part), Pinch CDP, District 4, Kanawha County, West Virginia",1215,860,687,173,11,162,355,259,96
ACSSF,2012e5,wv,000,0036,0001800,080,54,039,08000US540399087674356010801,"Census Tract 108.01 (part), Sissonville CDP (part), District 4, Kanawha County, West Virginia",1540,1066,862,204,6,198,474,407,67
ACSSF,2012e5,wv,000,0036,0001801,080,54,039,08000US540399087674356010802,"Census Tract 108.02 (part), Sissonville CDP (part), District 4, Kanawha County, West Virginia",324,273,242,31,9,22,51,51,0
ACSSF,2012e5,wv,000,0036,0001802,080,54,039,08000US540399087699999000200,"Census Tract 2 (part), District Remainder of 4, District 4, Kanawha County, West Virginia",56,47,31,16,0,16,9,9,0
ACSSF,2012e5,wv,000,0036,0001803,080,54,039,08000US540399087699999000300,"Census Tract 3 (part), District Remainder of 4, District 4, Kanawha County, West Virginia",71,59,48,11,11,0,12,12,0
ACSSF,2012e5,wv,000,0036,0001804,080,54,039,08000US540399087699999001100,"Census Tract 11 (part), District Remainder of 4, District 4, Kanawha County, West Virginia",37,12,0,12,0,12,25,25,0
ACSSF,2012e5,wv,000,0036,0001805,080,54,039,08000US540399087699999010702,"Census Tract 107.02 (part), District Remainder of 4, District 4, Kanawha County, West Virginia",91,68,68,0,0,0,23,11,12
ACSSF,2012e5,wv,000,0036,0001806,080,54,039,08000US540399087699999010801,"Census Tract 108.01 (part), District Remainder of 4, District 4, Kanawha County, West Virginia",497,415,284,131,54,77,82,82,0
ACSSF,2012e5,wv,000,0036,0001807,080,54,039,08000US540399087699999010802,"Census Tract 108.02 (part), District Remainder of 4, District 4, Kanawha County, West Virginia",733,507,380,127,41,86,226,186,40
ACSSF,2012e5,wv,000,0036,0001808,080,54,039,08000US540399087699999010900,"Census Tract 109, District Remainder of 4, District 4, Kanawha County, West Virginia",1127,701,521,180,113,67,426,361,65
ACSSF,2012e5,wv,000,0036,0001809,080,54,039,08000US540399087699999011000,"Census Tract 110 (part), District Remainder of 4, District 4, Kanawha County, West Virginia",1812,1265,1057,208,27,181,547,438,109
ACSSF,2012e5,wv,000,0036,0001810,080,54,039,08000US540399087699999011100,"Census Tract 111 (part), District Remainder of 4, District 4, Kanawha County, West Virginia",2185,1443,1146,297,112,185,742,709,33
ACSSF,2012e5,wv,000,0036,0001811,080,54,039,08000US540399087699999011200,"Census Tract 112 (part), District Remainder of 4, District 4, Kanawha County, West Virginia",1330,859,707,152,36,116,471,438,33
ACSSF,2012e5,wv,000,0036,0001812,080,54,039,08000US540399087699999011301,"Census Tract 113.01 (part), District Remainder of 4, District 4, Kanawha County, West Virginia",851,619,439,180,63,117,232,209,23
ACSSF,2012e5,wv,000,0036,0001813,080,54,039,08000US540399087699999011302,"Census Tract 113.02 (part), District Remainder of 4, District 4, Kanawha County, West Virginia",626,432,337,95,15,80,194,161,33
ACSSF,2012e5,wv,000,0036,0001814,080,54,039,08000US540399087699999011401,"Census Tract 114.01 (part), District Remainder of 4, District 4, Kanawha County, West Virginia",258,154,143,11,0,11,104,89,15
ACSSF,2012e5,wv,000,0036,0001815,080,54,039,08000US540399087699999011800,"Census Tract 118 (part), District Remainder of 4, District 4, Kanawha County, West Virginia",30,30,30,0,0,0,0,0,0
ACSSF,2012e5,wv,000,0036,0001816,080,54,041,08000US540419067685972967400,"Census Tract 9674 (part), Weston city (part), Courthouse-Collins Settlement district, Lewis County, West Virginia",463,299,208,91,31,60,164,164,0
ACSSF,2012e5,wv,000,0036,0001817,080,54,041,08000US540419067685972967500,"Census Tract 9675 (part), Weston city (part), Courthouse-Collins Settlement district, Lewis County, West Virginia",355,231,151,80,5,75,124,106,18
ACSSF,2012e5,wv,000,0036,0001818,080,54,041,08000US540419067699999967200,"Census Tract 9672 (part), Remainder of Courthouse-Collins Settlement district, Courthouse-Collins Settlement district, Lewis County, West Virginia",122,104,95,9,0,9,18,9,9
ACSSF,2012e5,wv,000,0036,0001819,080,54,041,08000US540419067699999967400,"Census Tract 9674 (part), Remainder of Courthouse-Collins Settlement district, Courthouse-Collins Settlement district, Lewis County, West Virginia",140,96,74,22,0,22,44,44,0
ACSSF,2012e5,wv,000,0036,0001820,080,54,041,08000US540419067699999967500,"Census Tract 9675 (part), Remainder of Courthouse-Collins Settlement district, Courthouse-Collins Settlement district, Lewis County, West Virginia",0,0,0,0,0,0,0,0,0
ACSSF,2012e5,wv,000,0036,0001821,080,54,041,08000US540419067699999967600,"Census Tract 9676 (part), Remainder of Courthouse-Collins Settlement district, Courthouse-Collins Settlement district, Lewis County, West Virginia",1032,633,550,83,44,39,399,287,112
ACSSF,2012e5,wv,000,0036,0001822,080,54,041,08000US540419117685972967200,"Census Tract 9672 (part), Weston city (part), Freemans Creek district, Lewis County, West Virginia",72,17,16,1,0,1,55,55,0
ACSSF,2012e5,wv,000,0036,0001823,080,54,041,08000US540419117685972967500,"Census Tract 9675 (part), Weston city (part), Freemans Creek district, Lewis County, West Virginia",450,231,181,50,18,32,219,177,42
ACSSF,2012e5,wv,000,0036,0001824,080,54,041,08000US540419117699999967200,"Census Tract 9672 (part), Remainder of Freemans Creek district, Freemans Creek district, Lewis County, West Virginia",1284,902,726,176,58,118,382,315,67
ACSSF,2012e5,wv,000,0036,0001825,080,54,041,08000US540419117699999967500,"Census Tract 9675 (part), Remainder of Freemans Creek district, Freemans Creek district, Lewis County, West Virginia",207,142,116,26,14,12,65,65,0
ACSSF,2012e5,wv,000,0036,0001826,080,54,041,08000US540419117699999967600,"Census Tract 9676 (part), Remainder of Freemans Creek district, Freemans Creek district, Lewis County, West Virginia",60,33,33,0,0,0,27,27,0
ACSSF,2012e5,wv,000,0036,0001827,080,54,041,08000US540419148040828967300,"Census Tract 9673 (part), Jane Lew town, Hackers Creek-Skin Creek district, Lewis County, West Virginia",184,86,67,19,0,19,98,90,8
ACSSF,2012e5,wv,000,0036,0001828,080,54,041,08000US540419148040828967400,"Census Tract 9674 (part), Jane Lew town, Hackers Creek-Skin Creek district, Lewis County, West Virginia",63,22,17,5,0,5,41,41,0
ACSSF,2012e5,wv,000,0036,0001829,080,54,041,08000US540419148085972967300,"Census Tract 9673 (part), Weston city (part), Hackers Creek-Skin Creek district, Lewis County, West Virginia",40,23,16,7,0,7,17,0,17
ACSSF,2012e5,wv,000,0036,0001830,080,54,041,08000US540419148085972967400,"Census Tract 9674 (part), Weston city (part), Hackers Creek-Skin Creek district, Lewis County, West Virginia",231,166,129,37,0,37,65,58,7
ACSSF,2012e5,wv,000,0036,0001831,080,54,041,08000US540419148085972967600,"Census Tract 9676 (part), Weston city (part), Hackers Creek-Skin Creek district, Lewis County, West Virginia",26,12,0,12,12,0,14,14,0
ACSSF,2012e5,wv,000,0036,0001832,080,54,041,08000US540419148099999967300,"Census Tract 9673 (part), Remainder of Hackers Creek-Skin Creek district, Hackers Creek-Skin Creek district, Lewis County, West Virginia",1282,933,794,139,39,100,349,294,55
ACSSF,2012e5,wv,000,0036,0001833,080,54,041,08000US540419148099999967400,"Census Tract 9674 (part), Remainder of Hackers Creek-Skin Creek district, Hackers Creek-Skin Creek district, Lewis County, West Virginia",278,104,57,47,17,30,174,162,12
ACSSF,2012e5,wv,000,0036,0001834,080,54,041,08000US540419148099999967600,"Census Tract 9676 (part), Remainder of Hackers Creek-Skin Creek district, Hackers Creek-Skin Creek district, Lewis County, West Virginia",281,260,191,69,9,60,21,21,0
ACSSF,2012e5,wv,000,0036,0001835,080,54,043,08000US540439038434516955500,"Census Tract 9555 (part), Hamlin town, Carroll district, Lincoln County, West Virginia",519,336,201,135,34,101,183,166,17
ACSSF,2012e5,wv,000,0036,0001836,080,54,043,08000US540439038499999955500,"Census Tract 9555 (part), Remainder of Carroll district, Carroll district, Lincoln County, West Virginia",968,766,666,100,7,93,202,202,0
ACSSF,2012e5,wv,000,0036,0001837,080,54,043,08000US540439096099999955400,"Census Tract 9554 (part), Duval district, Duval district, Lincoln County, West Virginia",1246,1123,949,174,0,174,123,123,0
ACSSF,2012e5,wv,000,0036,0001838,080,54,043,08000US540439096099999955800,"Census Tract 9558 (part), Duval district, Duval district, Lincoln County, West Virginia",321,251,201,50,9,41,70,58,12
ACSSF,2012e5,wv,000,0036,0001839,080,54,043,08000US540439157235596955700,"Census Tract 9557 (part), Harts CDP, Harts Creek district, Lincoln County, West Virginia",278,205,117,88,13,75,73,73,0
ACSSF,2012e5,wv,000,0036,0001840,080,54,043,08000US540439157299999955700,"Census Tract 9557 (part), Remainder of Harts Creek district, Harts Creek district, Lincoln County, West Virginia",901,635,560,75,39,36,266,237,29
ACSSF,2012e5,wv,000,0036,0001841,080,54,043,08000US540439157299999955800,"Census Tract 9558 (part), Remainder of Harts Creek district, Harts Creek district, Lincoln County, West Virginia",242,184,122,62,0,62,58,58,0
ACSSF,2012e5,wv,000,0036,0001842,080,54,043,08000US540439181299999955600,"Census Tract 9556 (part), Laurel Hill district, Laurel Hill district, Lincoln County, West Virginia",501,320,162,158,65,93,181,161,20
ACSSF,2012e5,wv,000,0036,0001843,080,54,043,08000US540439181299999955700,"Census Tract 9557 (part), Laurel Hill district, Laurel Hill district, Lincoln County, West Virginia",42,42,42,0,0,0,0,0,0
ACSSF,2012e5,wv,000,0036,0001844,080,54,043,08000US540439181299999955800,"Census Tract 9558 (part), Laurel Hill district, Laurel Hill district, Lincoln County, West Virginia",238,186,173,13,0,13,52,28,24
ACSSF,2012e5,wv,000,0036,0001845,080,54,043,08000US540439278485804955600,"Census Tract 9556 (part), West Hamlin town, Sheridan district, Lincoln County, West Virginia",483,273,168,105,14,91,210,210,0
ACSSF,2012e5,wv,000,0036,0001846,080,54,043,08000US540439278499999955600,"Census Tract 9556 (part), Remainder of Sheridan district, Sheridan district, Lincoln County, West Virginia",1071,750,550,200,84,116,321,299,22
ACSSF,2012e5,wv,000,0036,0001847,080,54,043,08000US540439278499999955800,"Census Tract 9558 (part), Remainder of Sheridan district, Sheridan district, Lincoln County, West Virginia",463,367,180,187,96,91,96,72,24
ACSSF,2012e5,wv,000,0036,0001848,080,54,043,08000US540439351601396955400,"Census Tract 9554 (part), Alum Creek CDP (part), Washington district, Lincoln County, West Virginia",496,418,248,170,75,95,78,78,0
ACSSF,2012e5,wv,000,0036,0001849,080,54,043,08000US540439351699999955400,"Census Tract 9554 (part), Remainder of Washington district, Washington district, Lincoln County, West Virginia",731,413,343,70,10,60,318,286,32
ACSSF,2012e5,wv,000,0036,0001850,080,54,045,08000US540459045336484956800,"Census Tract 9568 (part), Henlawson CDP, Central district, Logan County, West Virginia",99,84,84,0,0,0,15,15,0
ACSSF,2012e5,wv,000,0036,0001851,080,54,045,08000US540459045348148956200,"Census Tract 9562 (part), Logan city, Central district, Logan County, West Virginia",0,0,0,0,0,0,0,0,0
ACSSF,2012e5,wv,000,0036,0001852,080,54,045,08000US540459045348148956600,"Census Tract 9566 (part), Logan city, Central district, Logan County, West Virginia",112,99,58,41,0,41,13,13,0
ACSSF,2012e5,wv,000,0036,0001853,080,54,045,08000US540459045348148956900,"Census Tract 9569 (part), Logan city, Central district, Logan County, West Virginia",871,441,285,156,37,119,430,342,88
ACSSF,2012e5,wv,000,0036,0001854,080,54,045,08000US540459045349732956400,"Census Tract 9564 (part), McConnell CDP, Central district, Logan County, West Virginia",223,188,188,0,0,0,35,35,0
ACSSF,2012e5,wv,000,0036,0001855,080,54,045,08000US540459045354892956101,"Census Tract 9561.01 (part), Mitchell Heights town, Central district, Logan County, West Virginia",170,119,104,15,2,13,51,51,0
ACSSF,2012e5,wv,000,0036,0001856,080,54,045,08000US540459045356342956101,"Census Tract 9561.01 (part), Mount Gay-Shamrock CDP (part), Central district, Logan County, West Virginia",16,16,16,0,0,0,0,0,0
ACSSF,2012e5,wv,000,0036,0001857,080,54,045,08000US540459045356342956200,"Census Tract 9562 (part), Mount Gay-Shamrock CDP (part), Central district, Logan County, West Virginia",492,332,276,56,46,10,160,111,49
ACSSF,2012e5,wv,000,0036,0001858,080,54,045,08000US540459045356342956600,"Census Tract 9566 (part), Mount Gay-Shamrock CDP (part), Central district, Logan County, West Virginia",0,0,0,0,0,0,0,0,0
ACSSF,2012e5,wv,000,0036,0001859,080,54,045,08000US540459045356342956700,"Census Tract 9567 (part), Mount Gay-Shamrock CDP (part), Central district, Logan County, West Virginia",135,99,50,49,0,49,36,26,10
ACSSF,2012e5,wv,000,0036,0001860,080,54,045,08000US540459045357916956400,"Census Tract 9564 (part), Neibert CDP, Central district, Logan County, West Virginia",47,47,33,14,0,14,0,0,0
ACSSF,2012e5,wv,000,0036,0001861,080,54,045,08000US540459045376996956900,"Census Tract 9569 (part), Stollings CDP, Central district, Logan County, West Virginia",186,158,131,27,0,27,28,28,0
ACSSF,2012e5,wv,000,0036,0001862,080,54,045,08000US540459045383332956101,"Census Tract 9561.01 (part), Verdunville CDP (part), Central district, Logan County, West Virginia",41,41,20,21,0,21,0,0,0
ACSSF,2012e5,wv,000,0036,0001863,080,54,045,08000US540459045383332956200,"Census Tract 9562 (part), Verdunville CDP (part), Central district, Logan County, West Virginia",14,0,0,0,0,0,14,0,14
ACSSF,2012e5,wv,000,0036,0001864,080,54,045,08000US540459045385900956200,"Census Tract 9562 (part), West Logan town, Central district, Logan County, West Virginia",215,116,70,46,4,42,99,92,7
ACSSF,2012e5,wv,000,0036,0001865,080,54,045,08000US540459045399999956101,"Census Tract 9561.01 (part), Remainder of Central district, Central district, Logan County, West Virginia",508,345,251,94,62,32,163,142,21
ACSSF,2012e5,wv,000,0036,0001866,080,54,045,08000US540459045399999956200,"Census Tract 9562 (part), Remainder of Central district, Central district, Logan County, West Virginia",199,52,17,35,13,22,147,147,0
ACSSF,2012e5,wv,000,0036,0001867,080,54,045,08000US540459045399999956400,"Census Tract 9564 (part), Remainder of Central district, Central district, Logan County, West Virginia",138,94,58,36,28,8,44,44,0
ACSSF,2012e5,wv,000,0036,0001868,080,54,045,08000US540459045399999956600,"Census Tract 9566 (part), Remainder of Central district, Central district, Logan County, West Virginia",215,129,103,26,26,0,86,72,14
ACSSF,2012e5,wv,000,0036,0001869,080,54,045,08000US540459045399999956700,"Census Tract 9567 (part), Remainder of Central district, Central district, Logan County, West Virginia",194,182,108,74,37,37,12,0,12
ACSSF,2012e5,wv,000,0036,0001870,080,54,045,08000US540459045399999956800,"Census Tract 9568 (part), Remainder of Central district, Central district, Logan County, West Virginia",540,436,290,146,78,68,104,104,0
ACSSF,2012e5,wv,000,0036,0001871,080,54,045,08000US540459045399999956900,"Census Tract 9569 (part), Remainder of Central district, Central district, Logan County, West Virginia",195,149,120,29,13,16,46,46,0
ACSSF,2012e5,wv,000,0036,0001872,080,54,045,08000US540459097900196956400,"Census Tract 9564 (part), Accoville CDP, Eastern district, Logan County, West Virginia",64,55,55,0,0,0,9,9,0
ACSSF,2012e5,wv,000,0036,0001873,080,54,045,08000US540459097900196956500,"Census Tract 9565 (part), Accoville CDP, Eastern district, Logan County, West Virginia",120,91,84,7,7,0,29,29,0
ACSSF,2012e5,wv,000,0036,0001874,080,54,045,08000US540459097901660956400,"Census Tract 9564 (part), Amherstdale CDP, Eastern district, Logan County, West Virginia",100,45,32,13,0,13,55,55,0
ACSSF,2012e5,wv,000,0036,0001875,080,54,045,08000US540459097901660956500,"Census Tract 9565 (part), Amherstdale CDP, Eastern district, Logan County, West Virginia",5,5,5,0,0,0,0,0,0
ACSSF,2012e5,wv,000,0036,0001876,080,54,045,08000US540459097907228956102,"Census Tract 9561.02 (part), Big Creek CDP, Eastern district, Logan County, West Virginia",44,44,31,13,0,13,0,0,0
ACSSF,2012e5,wv,000,0036,0001877,080,54,045,08000US540459097910876956600,"Census Tract 9566 (part), Bruno CDP, Eastern district, Logan County, West Virginia",171,156,135,21,0,21,15,15,0
ACSSF,2012e5,wv,000,0036,0001878,080,54,045,08000US540459097914524956101,"Census Tract 9561.01 (part), Chapmanville town (part), Eastern district, Logan County, West Virginia",0,0,0,0,0,0,0,0,0
ACSSF,2012e5,wv,000,0036,0001879,080,54,045,08000US540459097914524956102,"Census Tract 9561.02 (part), Chapmanville town (part), Eastern district, Logan County, West Virginia",623,402,289,113,3,110,221,205,16
ACSSF,2012e5,wv,000,0036,0001880,080,54,045,08000US540459097944188956400,"Census Tract 9564 (part), Kistler CDP, Eastern district, Logan County, West Virginia",187,113,50,63,0,63,74,57,17
ACSSF,2012e5,wv,000,0036,0001881,080,54,045,08000US540459097950860956500,"Census Tract 9565 (part), Mallory CDP, Eastern district, Logan County, West Virginia",284,166,98,68,28,40,118,118,0
ACSSF,2012e5,wv,000,0036,0001882,080,54,045,08000US540459097950860956600,"Census Tract 9566 (part), Mallory CDP, Eastern district, Logan County, West Virginia",290,197,184,13,0,13,93,93,0
ACSSF,2012e5,wv,000,0036,0001883,080,54,045,08000US540459097950932956400,"Census Tract 9564 (part), Man town (part), Eastern district, Logan County, West Virginia",233,119,76,43,3,40,114,106,8
ACSSF,2012e5,wv,000,0036,0001884,080,54,045,08000US540459097950932956500,"Census Tract 9565 (part), Man town (part), Eastern district, Logan County, West Virginia",114,82,67,15,0,15,32,32,0
ACSSF,2012e5,wv,000,0036,0001885,080,54,045,08000US540459097950932956600,"Census Tract 9566 (part), Man town (part), Eastern district, Logan County, West Virginia",271,205,163,42,6,36,66,43,23
ACSSF,2012e5,wv,000,0036,0001886,080,54,045,08000US540459097969100956400,"Census Tract 9564 (part), Robinette CDP, Eastern district, Logan County, West Virginia",183,159,123,36,0,36,24,10,14
ACSSF,2012e5,wv,000,0036,0001887,080,54,045,08000US540459097969100956500,"Census Tract 9565 (part), Robinette CDP, Eastern district, Logan County, West Virginia",14,0,0,0,0,0,14,14,0
ACSSF,2012e5,wv,000,0036,0001888,080,54,045,08000US540459097999999956101,"Census Tract 9561.01 (part), Remainder of Eastern district, Eastern district, Logan County, West Virginia",191,172,103,69,18,51,19,19,0
ACSSF,2012e5,wv,000,0036,0001889,080,54,045,08000US540459097999999956102,"Census Tract 9561.02 (part), Remainder of Eastern district, Eastern district, Logan County, West Virginia",713,540,439,101,0,101,173,141,32
ACSSF,2012e5,wv,000,0036,0001890,080,54,045,08000US540459097999999956400,"Census Tract 9564 (part), Remainder of Eastern district, Eastern district, Logan County, West Virginia",215,146,132,14,0,14,69,28,41
ACSSF,2012e5,wv,000,0036,0001891,080,54,045,08000US540459097999999956500,"Census Tract 9565 (part), Remainder of Eastern district, Eastern district, Logan County, West Virginia",420,347,262,85,28,57,73,64,9
ACSSF,2012e5,wv,000,0036,0001892,080,54,045,08000US540459097999999956600,"Census Tract 9566 (part), Remainder of Eastern district, Eastern district, Logan County, West Virginia",132,111,88,23,0,23,21,21,0
ACSSF,2012e5,wv,000,0036,0001893,080,54,045,08000US540459097999999956800,"Census Tract 9568 (part), Remainder of Eastern district, Eastern district, Logan County, West Virginia",1245,929,669,260,165,95,316,234,82
ACSSF,2012e5,wv,000,0036,0001894,080,54,045,08000US540459360814524956101,"Census Tract 9561.01 (part), Chapmanville town (part), Western district, Logan County, West Virginia",35,18,18,0,0,0,17,0,17
ACSSF,2012e5,wv,000,0036,0001895,080,54,045,08000US540459360814716956600,"Census Tract 9566 (part), Chauncey CDP, Western district, Logan County, West Virginia",86,86,64,22,0,22,0,0,0
ACSSF,2012e5,wv,000,0036,0001896,080,54,045,08000US540459360814716956700,"Census Tract 9567 (part), Chauncey CDP, Western district, Logan County, West Virginia",0,0,0,0,0,0,0,0,0
ACSSF,2012e5,wv,000,0036,0001897,080,54,045,08000US540459360837948956200,"Census Tract 9562 (part), Holden CDP, Western district, Logan County, West Virginia",293,261,200,61,10,51,32,32,0
ACSSF,2012e5,wv,000,0036,0001898,080,54,045,08000US540459360850932956400,"Census Tract 9564 (part), Man town (part), Western district, Logan County, West Virginia",42,42,42,0,0,0,0,0,0
ACSSF,2012e5,wv,000,0036,0001899,080,54,045,08000US540459360850932956500,"Census Tract 9565 (part), Man town (part), Western district, Logan County, West Virginia",0,0,0,0,0,0,0,0,0
ACSSF,2012e5,wv,000,0036,0001900,080,54,045,08000US540459360850932956600,"Census Tract 9566 (part), Man town (part), Western district, Logan County, West Virginia",192,124,100,24,0,24,68,47,21
ACSSF,2012e5,wv,000,0036,0001901,080,54,045,08000US540459360855132956600,"Census Tract 9566 (part), Monaville CDP, Western district, Logan County, West Virginia",0,0,0,0,0,0,0,0,0
ACSSF,2012e5,wv,000,0036,0001902,080,54,045,08000US540459360855132956700,"Census Tract 9567 (part), Monaville CDP, Western district, Logan County, West Virginia",97,65,65,0,0,0,32,32,0
ACSSF,2012e5,wv,000,0036,0001903,080,54,045,08000US540459360856342956200,"Census Tract 9562 (part), Mount Gay-Shamrock CDP (part), Western district, Logan County, West Virginia",0,0,0,0,0,0,0,0,0
ACSSF,2012e5,wv,000,0036,0001904,080,54,045,08000US540459360860628956600,"Census Tract 9566 (part), Omar CDP, Western district, Logan County, West Virginia",229,179,125,54,12,42,50,50,0
ACSSF,2012e5,wv,000,0036,0001905,080,54,045,08000US540459360860628956700,"Census Tract 9567 (part), Omar CDP, Western district, Logan County, West Virginia",69,57,31,26,0,26,12,12,0
ACSSF,2012e5,wv,000,0036,0001906,080,54,045,08000US540459360870468956700,"Census Tract 9567 (part), Rossmore CDP, Western district, Logan County, West Virginia",147,101,66,35,19,16,46,0,46
ACSSF,2012e5,wv,000,0036,0001907,080,54,045,08000US540459360872004956600,"Census Tract 9566 (part), Sarah Ann CDP, Western district, Logan County, West Virginia",13,13,13,0,0,0,0,0,0
ACSSF,2012e5,wv,000,0036,0001908,080,54,045,08000US540459360872004956700,"Census Tract 9567 (part), Sarah Ann CDP, Western district, Logan County, West Virginia",34,0,0,0,0,0,34,23,11
ACSSF,2012e5,wv,000,0036,0001909,080,54,045,08000US540459360878796956600,"Census Tract 9566 (part), Switzer CDP, Western district, Logan County, West Virginia",113,66,66,0,0,0,47,47,0
ACSSF,2012e5,wv,000,0036,0001910,080,54,045,08000US540459360878796956700,"Census Tract 9567 (part), Switzer CDP, Western district, Logan County, West Virginia",163,111,93,18,18,0,52,52,0
ACSSF,2012e5,wv,000,0036,0001911,080,54,045,08000US540459360883332956101,"Census Tract 9561.01 (part), Verdunville CDP (part), Western district, Logan County, West Virginia",145,58,58,0,0,0,87,16,71
ACSSF,2012e5,wv,000,0036,0001912,080,54,045,08000US540459360883332956200,"Census Tract 9562 (part), Verdunville CDP (part), Western district, Logan County, West Virginia",51,42,12,30,0,30,9,9,0
ACSSF,2012e5,wv,000,0036,0001913,080,54,045,08000US540459360899999956101,"Census Tract 9561.01 (part), Remainder of Western district, Western district, Logan County, West Virginia",1584,1172,879,293,101,192,412,348,64
ACSSF,2012e5,wv,000,0036,0001914,080,54,045,08000US540459360899999956200,"Census Tract 9562 (part), Remainder of Western district, Western district, Logan County, West Virginia",120,66,52,14,0,14,54,54,0
ACSSF,2012e5,wv,000,0036,0001915,080,54,045,08000US540459360899999956400,"Census Tract 9564 (part), Remainder of Western district, Western district, Logan County, West Virginia",83,44,15,29,29,0,39,17,22
ACSSF,2012e5,wv,000,0036,0001916,080,54,045,08000US540459360899999956500,"Census Tract 9565 (part), Remainder of Western district, Western district, Logan County, West Virginia",0,0,0,0,0,0,0,0,0
ACSSF,2012e5,wv,000,0036,0001917,080,54,045,08000US540459360899999956600,"Census Tract 9566 (part), Remainder of Western district, Western district, Logan County, West Virginia",263,188,188,0,0,0,75,75,0
ACSSF,2012e5,wv,000,0036,0001918,080,54,045,08000US540459360899999956700,"Census Tract 9567 (part), Remainder of Western district, Western district, Logan County, West Virginia",814,628,453,175,44,131,186,186,0
ACSSF,2012e5,wv,000,0036,0001919,080,54,047,08000US540479016804732954504,"Census Tract 9545.04 (part), Bartley CDP, Big Creek district, McDowell County, West Virginia",76,60,14,46,22,24,16,16,0
ACSSF,2012e5,wv,000,0036,0001920,080,54,047,08000US540479016806748954200,"Census Tract 9542 (part), Berwind CDP, Big Creek district, McDowell County, West Virginia",97,62,54,8,0,8,35,22,13
ACSSF,2012e5,wv,000,0036,0001921,080,54,047,08000US540479016819492954200,"Census Tract 9542 (part), Cucumber CDP, Big Creek district, McDowell County, West Virginia",0,0,0,0,0,0,0,0,0
ACSSF,2012e5,wv,000,0036,0001922,080,54,047,08000US540479016867228954000,"Census Tract 9540 (part), Raysal CDP (part), Big Creek district, McDowell County, West Virginia",12,12,12,0,0,0,0,0,0
ACSSF,2012e5,wv,000,0036,0001923,080,54,047,08000US540479016867228954504,"Census Tract 9545.04 (part), Raysal CDP (part), Big Creek district, McDowell County, West Virginia",12,12,12,0,0,0,0,0,0
ACSSF,2012e5,wv,000,0036,0001924,080,54,047,08000US540479016884484954200,"Census Tract 9542 (part), War city, Big Creek district, McDowell County, West Virginia",126,80,42,38,12,26,46,37,9
ACSSF,2012e5,wv,000,0036,0001925,080,54,047,08000US540479016884484954504,"Census Tract 9545.04 (part), War city, Big Creek district, McDowell County, West Virginia",229,146,120,26,15,11,83,59,24
ACSSF,2012e5,wv,000,0036,0001926,080,54,047,08000US540479016899999953800,"Census Tract 9538 (part), Remainder of Big Creek district, Big Creek district, McDowell County, West Virginia",95,95,69,26,0,26,0,0,0
ACSSF,2012e5,wv,000,0036,0001927,080,54,047,08000US540479016899999953900,"Census Tract 9539 (part), Remainder of Big Creek district, Big Creek district, McDowell County, West Virginia",60,42,42,0,0,0,18,4,14
ACSSF,2012e5,wv,000,0036,0001928,080,54,047,08000US540479016899999954000,"Census Tract 9540 (part), Remainder of Big Creek district, Big Creek district, McDowell County, West Virginia",0,0,0,0,0,0,0,0,0
ACSSF,2012e5,wv,000,0036,0001929,080,54,047,08000US540479016899999954200,"Census Tract 9542 (part), Remainder of Big Creek district, Big Creek district, McDowell County, West Virginia",575,349,220,129,36,93,226,213,13
ACSSF,2012e5,wv,000,0036,0001930,080,54,047,08000US540479016899999954501,"Census Tract 9545.01 (part), Remainder of Big Creek district, Big Creek district, McDowell County, West Virginia",0,0,0,0,0,0,0,0,0
ACSSF,2012e5,wv,000,0036,0001931,080,54,047,08000US540479016899999954504,"Census Tract 9545.04 (part), Remainder of Big Creek district, Big Creek district, McDowell County, West Virginia",1003,626,495,131,27,104,377,323,54
ACSSF,2012e5,wv,000,0036,0001932,080,54,047,08000US540479024007516953800,"Census Tract 9538 (part), Big Sandy CDP, Browns Creek district, McDowell County, West Virginia",33,33,33,0,0,0,0,0,0
ACSSF,2012e5,wv,000,0036,0001933,080,54,047,08000US540479024020500953800,"Census Tract 9538 (part), Davy town, Browns Creek district, McDowell County, West Virginia",118,83,73,10,2,8,35,31,4
ACSSF,2012e5,wv,000,0036,0001934,080,54,047,08000US540479024043780954503,"Census Tract 9545.03 (part), Kimball town, Browns Creek district, McDowell County, West Virginia",130,111,68,43,6,37,19,19,0
ACSSF,2012e5,wv,000,0036,0001935,080,54,047,08000US540479024069844953800,"Census Tract 9538 (part), Roderfield CDP (part), Browns Creek district, McDowell County, West Virginia",0,0,0,0,0,0,0,0,0
ACSSF,2012e5,wv,000,0036,0001936,080,54,047,08000US540479024083764954503,"Census Tract 9545.03 (part), Vivian CDP, Browns Creek district, McDowell County, West Virginia",0,0,0,0,0,0,0,0,0
ACSSF,2012e5,wv,000,0036,0001937,080,54,047,08000US540479024085228953800,"Census Tract 9538 (part), Welch city (part), Browns Creek district, McDowell County, West Virginia",212,150,101,49,8,41,62,57,5
ACSSF,2012e5,wv,000,0036,0001938,080,54,047,08000US540479024085228954503,"Census Tract 9545.03 (part), Welch city (part), Browns Creek district, McDowell County, West Virginia",625,374,252,122,30,92,251,230,21
ACSSF,2012e5,wv,000,0036,0001939,080,54,047,08000US540479024085228954504,"Census Tract 9545.04 (part), Welch city (part), Browns Creek district, McDowell County, West Virginia",38,0,0,0,0,0,38,38,0
ACSSF,2012e5,wv,000,0036,0001940,080,54,047,08000US540479024099999953800,"Census Tract 9538 (part), Remainder of Browns Creek district, Browns Creek district, McDowell County, West Virginia",498,324,230,94,27,67,174,151,23
ACSSF,2012e5,wv,000,0036,0001941,080,54,047,08000US540479024099999954503,"Census Tract 9545.03 (part), Remainder of Browns Creek district, Browns Creek district, McDowell County, West Virginia",301,187,145,42,42,0,114,61,53
ACSSF,2012e5,wv,000,0036,0001942,080,54,047,08000US540479024099999954504,"Census Tract 9545.04 (part), Remainder of Browns Creek district, Browns Creek district, McDowell County, West Virginia",106,56,34,22,22,0,50,50,0
ACSSF,2012e5,wv,000,0036,0001943,080,54,047,08000US540479234501780954501,"Census Tract 9545.01 (part), Anawalt town, North Elkin district, McDowell County, West Virginia",142,103,63,40,9,31,39,39,0
ACSSF,2012e5,wv,000,0036,0001944,080,54,047,08000US540479234519324953600,"Census Tract 9536 (part), Crumpler CDP, North Elkin district, McDowell County, West Virginia",100,90,63,27,16,11,10,10,0
ACSSF,2012e5,wv,000,0036,0001945,080,54,047,08000US540479234530196954200,"Census Tract 9542 (part), Gary city, North Elkin district, McDowell County, West Virginia",3,0,0,0,0,0,3,3,0
ACSSF,2012e5,wv,000,0036,0001946,080,54,047,08000US540479234530196954501,"Census Tract 9545.01 (part), Gary city, North Elkin district, McDowell County, West Virginia",196,118,72,46,8,38,78,66,12
ACSSF,2012e5,wv,000,0036,0001947,080,54,047,08000US540479234530196954503,"Census Tract 9545.03 (part), Gary city, North Elkin district, McDowell County, West Virginia",154,120,73,47,0,47,34,34,0
ACSSF,2012e5,wv,000,0036,0001948,080,54,047,08000US540479234530196954504,"Census Tract 9545.04 (part), Gary city, North Elkin district, McDowell County, West Virginia",31,16,16,0,0,0,15,15,0
ACSSF,2012e5,wv,000,0036,0001949,080,54,047,08000US540479234543516954501,"Census Tract 9545.01 (part), Keystone city, North Elkin district, McDowell County, West Virginia",30,15,7,8,4,4,15,15,0
ACSSF,2012e5,wv,000,0036,0001950,080,54,047,08000US540479234543516954503,"Census Tract 9545.03 (part), Keystone city, North Elkin district, McDowell County, West Virginia",109,65,33,32,5,27,44,44,0
ACSSF,2012e5,wv,000,0036,0001951,080,54,047,08000US540479234552588953600,"Census Tract 9536 (part), Maybeury CDP, North Elkin district, McDowell County, West Virginia",44,28,13,15,6,9,16,16,0
ACSSF,2012e5,wv,000,0036,0001952,080,54,047,08000US540479234552588954501,"Census Tract 9545.01 (part), Maybeury CDP, North Elkin district, McDowell County, West Virginia",33,0,0,0,0,0,33,26,7
ACSSF,2012e5,wv,000,0036,0001953,080,54,047,08000US540479234559428953600,"Census Tract 9536 (part), Northfork town, North Elkin district, McDowell County, West Virginia",216,125,83,42,6,36,91,83,8
ACSSF,2012e5,wv,000,0036,0001954,080,54,047,08000US540479234559428954503,"Census Tract 9545.03 (part), Northfork town, North Elkin district, McDowell County, West Virginia",46,8,5,3,0,3,38,28,10
ACSSF,2012e5,wv,000,0036,0001955,080,54,047,08000US540479234561684954501,"Census Tract 9545.01 (part), Pageton CDP, North Elkin district, McDowell County, West Virginia",42,18,13,5,0,5,24,24,0
ACSSF,2012e5,wv,000,0036,0001956,080,54,047,08000US540479234585228954503,"Census Tract 9545.03 (part), Welch city (part), North Elkin district, McDowell County, West Virginia",0,0,0,0,0,0,0,0,0
ACSSF,2012e5,wv,000,0036,0001957,080,54,047,08000US540479234585228954504,"Census Tract 9545.04 (part), Welch city (part), North Elkin district, McDowell County, West Virginia",0,0,0,0,0,0,0,0,0
ACSSF,2012e5,wv,000,0036,0001958,080,54,047,08000US540479234599999953600,"Census Tract 9536 (part), Remainder of North Elkin district, North Elkin district, McDowell County, West Virginia",280,222,168,54,19,35,58,30,28
ACSSF,2012e5,wv,000,0036,0001959,080,54,047,08000US540479234599999954200,"Census Tract 9542 (part), Remainder of North Elkin district, North Elkin district, McDowell County, West Virginia",0,0,0,0,0,0,0,0,0
ACSSF,2012e5,wv,000,0036,0001960,080,54,047,08000US540479234599999954501,"Census Tract 9545.01 (part), Remainder of North Elkin district, North Elkin district, McDowell County, West Virginia",341,275,198,77,11,66,66,66,0
ACSSF,2012e5,wv,000,0036,0001961,080,54,047,08000US540479234599999954503,"Census Tract 9545.03 (part), Remainder of North Elkin district, North Elkin district, McDowell County, West Virginia",123,71,71,0,0,0,52,52,0
ACSSF,2012e5,wv,000,0036,0001962,080,54,047,08000US540479234599999954504,"Census Tract 9545.04 (part), Remainder of North Elkin district, North Elkin district, McDowell County, West Virginia",0,0,0,0,0,0,0,0,0
ACSSF,2012e5,wv,000,0036,0001963,080,54,047,08000US540479271209700954000,"Census Tract 9540 (part), Bradshaw town, Sandy River district, McDowell County, West Virginia",45,30,19,11,4,7,15,15,0
ACSSF,2012e5,wv,000,0036,0001964,080,54,047,08000US540479271209700954504,"Census Tract 9545.04 (part), Bradshaw town, Sandy River district, McDowell County, West Virginia",119,81,78,3,0,3,38,38,0
ACSSF,2012e5,wv,000,0036,0001965,080,54,047,08000US540479271239652953800,"Census Tract 9538 (part), Iaeger town, Sandy River district, McDowell County, West Virginia",38,25,17,8,0,8,13,13,0
ACSSF,2012e5,wv,000,0036,0001966,080,54,047,08000US540479271239652953900,"Census Tract 9539 (part), Iaeger town, Sandy River district, McDowell County, West Virginia",42,21,21,0,0,0,21,21,0
ACSSF,2012e5,wv,000,0036,0001967,080,54,047,08000US540479271239652954504,"Census Tract 9545.04 (part), Iaeger town, Sandy River district, McDowell County, West Virginia",51,38,35,3,2,1,13,12,1
ACSSF,2012e5,wv,000,0036,0001968,080,54,047,08000US540479271267228954000,"Census Tract 9540 (part), Raysal CDP (part), Sandy River district, McDowell County, West Virginia",14,14,14,0,0,0,0,0,0
ACSSF,2012e5,wv,000,0036,0001969,080,54,047,08000US540479271267228954504,"Census Tract 9545.04 (part), Raysal CDP (part), Sandy River district, McDowell County, West Virginia",81,51,41,10,0,10,30,30,0
ACSSF,2012e5,wv,000,0036,0001970,080,54,047,08000US540479271269844953800,"Census Tract 9538 (part), Roderfield CDP (part), Sandy River district, McDowell County, West Virginia",41,11,11,0,0,0,30,30,0
ACSSF,2012e5,wv,000,0036,0001971,080,54,047,08000US540479271299999953800,"Census Tract 9538 (part), Remainder of Sandy River district, Sandy River district, McDowell County, West Virginia",175,129,74,55,27,28,46,34,12
ACSSF,2012e5,wv,000,0036,0001972,080,54,047,08000US540479271299999953900,"Census Tract 9539 (part), Remainder of Sandy River district, Sandy River district, McDowell County, West Virginia",647,420,369,51,39,12,227,198,29
ACSSF,2012e5,wv,000,0036,0001973,080,54,047,08000US540479271299999954000,"Census Tract 9540 (part), Remainder of Sandy River district, Sandy River district, McDowell County, West Virginia",698,467,353,114,37,77,231,200,31
ACSSF,2012e5,wv,000,0036,0001974,080,54,047,08000US540479271299999954504,"Census Tract 9545.04 (part), Remainder of Sandy River district, Sandy River district, McDowell County, West Virginia",161,141,86,55,3,52,20,20,0
ACSSF,2012e5,wv,000,0036,0001975,080,54,049,08000US540499215404612020500,"Census Tract 205 (part), Barrackville town, Middletown district, Marion County, West Virginia",0,0,0,0,0,0,0,0,0
ACSSF,2012e5,wv,000,0036,0001976,080,54,049,08000US540499215404612020600,"Census Tract 206 (part), Barrackville town, Middletown district, Marion County, West Virginia",16,9,9,0,0,0,7,7,0
ACSSF,2012e5,wv,000,0036,0001977,080,54,049,08000US540499215404612021400,"Census Tract 214 (part), Barrackville town, Middletown district, Marion County, West Virginia",527,353,278,75,16,59,174,157,17
ACSSF,2012e5,wv,000,0036,0001978,080,54,049,08000US540499215426452020100,"Census Tract 201, Fairmont city (part), Middletown district, Marion County, West Virginia",620,242,106,136,42,94,378,360,18
ACSSF,2012e5,wv,000,0036,0001979,080,54,049,08000US540499215426452020200,"Census Tract 202 (part), Fairmont city (part), Middletown district, Marion County, West Virginia",1127,448,241,207,45,162,679,387,292
ACSSF,2012e5,wv,000,0036,0001980,080,54,049,08000US540499215426452020300,"Census Tract 203 (part), Fairmont city (part), Middletown district, Marion County, West Virginia",1416,880,742,138,69,69,536,448,88
ACSSF,2012e5,wv,000,0036,0001981,080,54,049,08000US540499215426452020400,"Census Tract 204 (part), Fairmont city (part), Middletown district, Marion County, West Virginia",300,133,114,19,7,12,167,96,71
ACSSF,2012e5,wv,000,0036,0001982,080,54,049,08000US540499215426452020500,"Census Tract 205 (part), Fairmont city (part), Middletown district, Marion County, West Virginia",703,460,252,208,0,208,243,186,57
ACSSF,2012e5,wv,000,0036,0001983,080,54,049,08000US540499215426452020600,"Census Tract 206 (part), Fairmont city (part), Middletown district, Marion County, West Virginia",538,326,209,117,35,82,212,187,25
ACSSF,2012e5,wv,000,0036,0001984,080,54,049,08000US540499215426452020700,"Census Tract 207 (part), Fairmont city (part), Middletown district, Marion County, West Virginia",33,10,10,0,0,0,23,11,12
ACSSF,2012e5,wv,000,0036,0001985,080,54,049,08000US540499215426452020800,"Census Tract 208 (part), Fairmont city (part), Middletown district, Marion County, West Virginia",804,400,314,86,15,71,404,327,77
ACSSF,2012e5,wv,000,0036,0001986,080,54,049,08000US540499215426452021200,"Census Tract 212 (part), Fairmont city (part), Middletown district, Marion County, West Virginia",0,0,0,0,0,0,0,0,0
ACSSF,2012e5,wv,000,0036,0001987,080,54,049,08000US540499215464228020200,"Census Tract 202 (part), Pleasant Valley city (part), Middletown district, Marion County, West Virginia",0,0,0,0,0,0,0,0,0
ACSSF,2012e5,wv,000,0036,0001988,080,54,049,08000US540499215499999020200,"Census Tract 202 (part), Remainder of Middletown district, Middletown district, Marion County, West Virginia",36,36,11,25,0,25,0,0,0
ACSSF,2012e5,wv,000,0036,0001989,080,54,049,08000US540499215499999020300,"Census Tract 203 (part), Remainder of Middletown district, Middletown district, Marion County, West Virginia",238,109,51,58,0,58,129,100,29
ACSSF,2012e5,wv,000,0036,0001990,080,54,049,08000US540499215499999020400,"Census Tract 204 (part), Remainder of Middletown district, Middletown district, Marion County, West Virginia",252,203,194,9,0,9,49,45,4
ACSSF,2012e5,wv,000,0036,0001991,080,54,049,08000US540499215499999020500,"Census Tract 205 (part), Remainder of Middletown district, Middletown district, Marion County, West Virginia",96,51,33,18,0,18,45,27,18
ACSSF,2012e5,wv,000,0036,0001992,080,54,049,08000US540499215499999020600,"Census Tract 206 (part), Remainder of Middletown district, Middletown district, Marion County, West Virginia",116,83,83,0,0,0,33,11,22
ACSSF,2012e5,wv,000,0036,0001993,080,54,049,08000US540499215499999020800,"Census Tract 208 (part), Remainder of Middletown district, Middletown district, Marion County, West Virginia",0,0,0,0,0,0,0,0,0
ACSSF,2012e5,wv,000,0036,0001994,080,54,049,08000US540499215499999021200,"Census Tract 212 (part), Remainder of Middletown district, Middletown district, Marion County, West Virginia",0,0,0,0,0,0,0,0,0
ACSSF,2012e5,wv,000,0036,0001995,080,54,049,08000US540499215499999021300,"Census Tract 213 (part), Remainder of Middletown district, Middletown district, Marion County, West Virginia",38,38,38,0,0,0,0,0,0
ACSSF,2012e5,wv,000,0036,0001996,080,54,049,08000US540499215499999021400,"Census Tract 214 (part), Remainder of Middletown district, Middletown district, Marion County, West Virginia",138,109,100,9,0,9,29,29,0
ACSSF,2012e5,wv,000,0036,0001997,080,54,049,08000US540499215499999021500,"Census Tract 215 (part), Remainder of Middletown district, Middletown district, Marion County, West Virginia",115,88,88,0,0,0,27,27,0
ACSSF,2012e5,wv,000,0036,0001998,080,54,049,08000US540499241826452020700,"Census Tract 207 (part), Fairmont city (part), Palatine district, Marion County, West Virginia",1092,650,428,222,38,184,442,396,46
ACSSF,2012e5,wv,000,0036,0001999,080,54,049,08000US540499241826452020800,"Census Tract 208 (part), Fairmont city (part), Palatine district, Marion County, West Virginia",255,168,119,49,33,16,87,71,16
ACSSF,2012e5,wv,000,0036,0002000,080,54,049,08000US540499241826452020900,"Census Tract 209 (part), Fairmont city (part), Palatine district, Marion County, West Virginia",26,0,0,0,0,0,26,26,0
ACSSF,2012e5,wv,000,0036,0002001,080,54,049,08000US540499241826452021100,"Census Tract 211 (part), Fairmont city (part), Palatine district, Marion County, West Virginia",856,596,470,126,57,69,260,251,9
ACSSF,2012e5,wv,000,0036,0002002,080,54,049,08000US540499241826452021200,"Census Tract 212 (part), Fairmont city (part), Palatine district, Marion County, West Virginia",138,127,68,59,0,59,11,0,11
ACSSF,2012e5,wv,000,0036,0002003,080,54,049,08000US540499241864228020800,"Census Tract 208 (part), Pleasant Valley city (part), Palatine district, Marion County, West Virginia",63,39,27,12,3,9,24,24,0
ACSSF,2012e5,wv,000,0036,0002004,080,54,049,08000US540499241864228020900,"Census Tract 209 (part), Pleasant Valley city (part), Palatine district, Marion County, West Virginia",1287,810,579,231,60,171,477,417,60
ACSSF,2012e5,wv,000,0036,0002005,080,54,049,08000US540499241886620021200,"Census Tract 212 (part), White Hall town, Palatine district, Marion County, West Virginia",290,159,128,31,5,26,131,112,19
ACSSF,2012e5,wv,000,0036,0002006,080,54,049,08000US540499241888708021200,"Census Tract 212 (part), Worthington town (part), Palatine district, Marion County, West Virginia",0,0,0,0,0,0,0,0,0
ACSSF,2012e5,wv,000,0036,0002007,080,54,049,08000US540499241899999020700,"Census Tract 207 (part), Remainder of Palatine district, Palatine district, Marion County, West Virginia",532,394,260,134,26,108,138,132,6
ACSSF,2012e5,wv,000,0036,0002008,080,54,049,08000US540499241899999020800,"Census Tract 208 (part), Remainder of Palatine district, Palatine district, Marion County, West Virginia",198,114,86,28,0,28,84,84,0
ACSSF,2012e5,wv,000,0036,0002009,080,54,049,08000US540499241899999020900,"Census Tract 209 (part), Remainder of Palatine district, Palatine district, Marion County, West Virginia",377,261,171,90,0,90,116,107,9
ACSSF,2012e5,wv,000,0036,0002010,080,54,049,08000US540499241899999021000,"Census Tract 210, Remainder of Palatine district, Palatine district, Marion County, West Virginia",1904,1440,1205,235,43,192,464,397,67
ACSSF,2012e5,wv,000,0036,0002011,080,54,049,08000US540499241899999021100,"Census Tract 211 (part), Remainder of Palatine district, Palatine district, Marion County, West Virginia",251,122,116,6,6,0,129,123,6
ACSSF,2012e5,wv,000,0036,0002012,080,54,049,08000US540499241899999021200,"Census Tract 212 (part), Remainder of Palatine district, Palatine district, Marion County, West Virginia",1753,1298,975,323,82,241,455,404,51
ACSSF,2012e5,wv,000,0036,0002013,080,54,049,08000US540499241899999021300,"Census Tract 213 (part), Remainder of Palatine district, Palatine district, Marion County, West Virginia",0,0,0,0,0,0,0,0,0
ACSSF,2012e5,wv,000,0036,0002014,080,54,049,08000US540499359413468021300,"Census Tract 213 (part), Carolina CDP, West Augusta district, Marion County, West Virginia",158,148,125,23,23,0,10,10,0
ACSSF,2012e5,wv,000,0036,0002015,080,54,049,08000US540499359426524021600,"Census Tract 216 (part), Fairview town, West Augusta district, Marion County, West Virginia",159,94,67,27,14,13,65,53,12
ACSSF,2012e5,wv,000,0036,0002016,080,54,049,08000US540499359426932021300,"Census Tract 213 (part), Farmington town, West Augusta district, Marion County, West Virginia",44,10,6,4,2,2,34,25,9
ACSSF,2012e5,wv,000,0036,0002017,080,54,049,08000US540499359426932021600,"Census Tract 216 (part), Farmington town, West Augusta district, Marion County, West Virginia",159,127,92,35,11,24,32,24,8
ACSSF,2012e5,wv,000,0036,0002018,080,54,049,08000US540499359432908021500,"Census Tract 215 (part), Grant Town town, West Augusta district, Marion County, West Virginia",222,143,109,34,8,26,79,77,2
ACSSF,2012e5,wv,000,0036,0002019,080,54,049,08000US540499359439676021300,"Census Tract 213 (part), Idamay CDP, West Augusta district, Marion County, West Virginia",108,76,64,12,0,12,32,32,0
ACSSF,2012e5,wv,000,0036,0002020,080,54,049,08000US540499359451100021600,"Census Tract 216 (part), Mannington city, West Augusta district, Marion County, West Virginia",205,154,90,64,52,12,51,46,5
ACSSF,2012e5,wv,000,0036,0002021,080,54,049,08000US540499359451100021700,"Census Tract 217 (part), Mannington city, West Augusta district, Marion County, West Virginia",519,357,243,114,30,84,162,134,28
ACSSF,2012e5,wv,000,0036,0002022,080,54,049,08000US540499359451100021800,"Census Tract 218 (part), Mannington city, West Augusta district, Marion County, West Virginia",46,46,46,0,0,0,0,0,0
ACSSF,2012e5,wv,000,0036,0002023,080,54,049,08000US540499359455276021200,"Census Tract 212 (part), Monongah town, West Augusta district, Marion County, West Virginia",251,183,129,54,30,24,68,56,12
ACSSF,2012e5,wv,000,0036,0002024,080,54,049,08000US540499359455276021300,"Census Tract 213 (part), Monongah town, West Augusta district, Marion County, West Virginia",287,217,122,95,13,82,70,70,0
ACSSF,2012e5,wv,000,0036,0002025,080,54,049,08000US540499359466460021600,"Census Tract 216 (part), Rachel CDP, West Augusta district, Marion County, West Virginia",109,109,92,17,17,0,0,0,0
ACSSF,2012e5,wv,000,0036,0002026,080,54,049,08000US540499359468908021500,"Census Tract 215 (part), Rivesville town, West Augusta district, Marion County, West Virginia",498,326,246,80,22,58,172,165,7
ACSSF,2012e5,wv,000,0036,0002027,080,54,049,08000US540499359488708021300,"Census Tract 213 (part), Worthington town (part), West Augusta district, Marion County, West Virginia",132,69,57,12,0,12,63,63,0
ACSSF,2012e5,wv,000,0036,0002028,080,54,049,08000US540499359488708021800,"Census Tract 218 (part), Worthington town (part), West Augusta district, Marion County, West Virginia",0,0,0,0,0,0,0,0,0
ACSSF,2012e5,wv,000,0036,0002029,080,54,049,08000US540499359499999020400,"Census Tract 204 (part), Remainder of West Augusta district, West Augusta district, Marion County, West Virginia",9,9,0,9,0,9,0,0,0
ACSSF,2012e5,wv,000,0036,0002030,080,54,049,08000US540499359499999020600,"Census Tract 206 (part), Remainder of West Augusta district, West Augusta district, Marion County, West Virginia",53,53,5,48,27,21,0,0,0
ACSSF,2012e5,wv,000,0036,0002031,080,54,049,08000US540499359499999021200,"Census Tract 212 (part), Remainder of West Augusta district, West Augusta district, Marion County, West Virginia",0,0,0,0,0,0,0,0,0
ACSSF,2012e5,wv,000,0036,0002032,080,54,049,08000US540499359499999021300,"Census Tract 213 (part), Remainder of West Augusta district, West Augusta district, Marion County, West Virginia",731,431,353,78,0,78,300,215,85
ACSSF,2012e5,wv,000,0036,0002033,080,54,049,08000US540499359499999021400,"Census Tract 214 (part), Remainder of West Augusta district, West Augusta district, Marion County, West Virginia",55,55,41,14,14,0,0,0,0
ACSSF,2012e5,wv,000,0036,0002034,080,54,049,08000US540499359499999021500,"Census Tract 215 (part), Remainder of West Augusta district, West Augusta district, Marion County, West Virginia",548,424,344,80,22,58,124,87,37
ACSSF,2012e5,wv,000,0036,0002035,080,54,049,08000US540499359499999021600,"Census Tract 216 (part), Remainder of West Augusta district, West Augusta district, Marion County, West Virginia",1089,857,710,147,69,78,232,191,41
ACSSF,2012e5,wv,000,0036,0002036,080,54,049,08000US540499359499999021700,"Census Tract 217 (part), Remainder of West Augusta district, West Augusta district, Marion County, West Virginia",191,153,142,11,0,11,38,38,0
ACSSF,2012e5,wv,000,0036,0002037,080,54,049,08000US540499359499999021800,"Census Tract 218 (part), Remainder of West Augusta district, West Augusta district, Marion County, West Virginia",1053,743,587,156,47,109,310,278,32
ACSSF,2012e5,wv,000,0036,0002038,080,54,051,08000US540519078006340020500,"Census Tract 205, Benwood city, District 1, Marshall County, West Virginia",458,251,134,117,25,92,207,187,20
ACSSF,2012e5,wv,000,0036,0002039,080,54,051,08000US540519078006340020601,"Census Tract 206.01 (part), Benwood city, District 1, Marshall County, West Virginia",29,13,13,0,0,0,16,16,0
ACSSF,2012e5,wv,000,0036,0002040,080,54,051,08000US540519078006340021300,"Census Tract 213 (part), Benwood city, District 1, Marshall County, West Virginia",125,80,68,12,0,12,45,45,0
ACSSF,2012e5,wv,000,0036,0002041,080,54,051,08000US540519078050260020601,"Census Tract 206.01 (part), McMechen city, District 1, Marshall County, West Virginia",777,415,310,105,46,59,362,355,7
ACSSF,2012e5,wv,000,0036,0002042,080,54,051,08000US540519078050260021100,"Census Tract 211 (part), McMechen city, District 1, Marshall County, West Virginia",0,0,0,0,0,0,0,0,0
ACSSF,2012e5,wv,000,0036,0002043,080,54,051,08000US540519078086452020800,"Census Tract 208 (part), Wheeling city (part), District 1, Marshall County, West Virginia",142,128,95,33,8,25,14,14,0
ACSSF,2012e5,wv,000,0036,0002044,080,54,051,08000US540519078086452021300,"Census Tract 213 (part), Wheeling city (part), District 1, Marshall County, West Virginia",10,0,0,0,0,0,10,10,0
ACSSF,2012e5,wv,000,0036,0002045,080,54,051,08000US540519078099999020601,"Census Tract 206.01 (part), District Remainder of 1, District 1, Marshall County, West Virginia",175,162,162,0,0,0,13,13,0
ACSSF,2012e5,wv,000,0036,0002046,080,54,051,08000US540519078099999020800,"Census Tract 208 (part), District Remainder of 1, District 1, Marshall County, West Virginia",738,581,512,69,6,63,157,116,41
ACSSF,2012e5,wv,000,0036,0002047,080,54,051,08000US540519078099999020900,"Census Tract 209 (part), District Remainder of 1, District 1, Marshall County, West Virginia",0,0,0,0,0,0,0,0,0
ACSSF,2012e5,wv,000,0036,0002048,080,54,051,08000US540519078099999021000,"Census Tract 210 (part), District Remainder of 1, District 1, Marshall County, West Virginia",170,95,95,0,0,0,75,75,0
ACSSF,2012e5,wv,000,0036,0002049,080,54,051,08000US540519078099999021100,"Census Tract 211 (part), District Remainder of 1, District 1, Marshall County, West Virginia",304,230,167,63,3,60,74,48,26
ACSSF,2012e5,wv,000,0036,0002050,080,54,051,08000US540519078099999021300,"Census Tract 213 (part), District Remainder of 1, District 1, Marshall County, West Virginia",1552,1137,940,197,56,141,415,346,69
ACSSF,2012e5,wv,000,0036,0002051,080,54,051,08000US540519081656020020200,"Census Tract 202, Moundsville city, District 2, Marshall County, West Virginia",1030,565,485,80,47,33,465,435,30
ACSSF,2012e5,wv,000,0036,0002052,080,54,051,08000US540519081656020020900,"Census Tract 209 (part), Moundsville city, District 2, Marshall County, West Virginia",27,27,0,27,0,27,0,0,0
ACSSF,2012e5,wv,000,0036,0002053,080,54,051,08000US540519081656020021000,"Census Tract 210 (part), Moundsville city, District 2, Marshall County, West Virginia",1819,984,661,323,92,231,835,677,158
ACSSF,2012e5,wv,000,0036,0002054,080,54,051,08000US540519081656020021100,"Census Tract 211 (part), Moundsville city, District 2, Marshall County, West Virginia",1585,1024,579,445,173,272,561,523,38
ACSSF,2012e5,wv,000,0036,0002055,080,54,051,08000US540519081699999020900,"Census Tract 209 (part), District Remainder of 2, District 2, Marshall County, West Virginia",291,241,241,0,0,0,50,36,14
ACSSF,2012e5,wv,000,0036,0002056,080,54,051,08000US540519085212484020800,"Census Tract 208 (part), Cameron city, District 3, Marshall County, West Virginia",391,259,217,42,16,26,132,111,21
ACSSF,2012e5,wv,000,0036,0002057,080,54,051,08000US540519085231492020702,"Census Tract 207.02 (part), Glen Dale city, District 3, Marshall County, West Virginia",626,427,327,100,30,70,199,181,18
ACSSF,2012e5,wv,000,0036,0002058,080,54,051,08000US540519085231492021100,"Census Tract 211 (part), Glen Dale city, District 3, Marshall County, West Virginia",74,64,42,22,18,4,10,10,0
ACSSF,2012e5,wv,000,0036,0002059,080,54,051,08000US540519085299999020702,"Census Tract 207.02 (part), District Remainder of 3, District 3, Marshall County, West Virginia",2,2,2,0,0,0,0,0,0
ACSSF,2012e5,wv,000,0036,0002060,080,54,051,08000US540519085299999020800,"Census Tract 208 (part), District Remainder of 3, District 3, Marshall County, West Virginia",566,400,339,61,45,16,166,154,12
ACSSF,2012e5,wv,000,0036,0002061,080,54,051,08000US540519085299999020900,"Census Tract 209 (part), District Remainder of 3, District 3, Marshall County, West Virginia",1750,1366,1140,226,94,132,384,349,35
ACSSF,2012e5,wv,000,0036,0002062,080,54,051,08000US540519085299999021000,"Census Tract 210 (part), District Remainder of 3, District 3, Marshall County, West Virginia",953,649,517,132,64,68,304,218,86
ACSSF,2012e5,wv,000,0036,0002063,080,54,051,08000US540519085299999021100,"Census Tract 211 (part), District Remainder of 3, District 3, Marshall County, West Virginia",415,337,315,22,0,22,78,59,19
ACSSF,2012e5,wv,000,0036,0002064,080,54,051,08000US540519085299999021300,"Census Tract 213 (part), District Remainder of 3, District 3, Marshall County, West Virginia",59,31,31,0,0,0,28,18,10
ACSSF,2012e5,wv,000,0036,0002065,080,54,053,08000US540539004899999955101,"Census Tract 9551.01 (part), Arbuckle district, Arbuckle district, Mason County, West Virginia",97,97,73,24,0,24,0,0,0
ACSSF,2012e5,wv,000,0036,0002066,080,54,053,08000US540539004899999955102,"Census Tract 9551.02 (part), Arbuckle district, Arbuckle district, Mason County, West Virginia",280,243,172,71,50,21,37,37,0
ACSSF,2012e5,wv,000,0036,0002067,080,54,053,08000US540539061202188955101,"Census Tract 9551.01 (part), Apple Grove CDP (part), Clendenin district, Mason County, West Virginia",7,7,7,0,0,0,0,0,0
ACSSF,2012e5,wv,000,0036,0002068,080,54,053,08000US540539061202188955102,"Census Tract 9551.02 (part), Apple Grove CDP (part), Clendenin district, Mason County, West Virginia",57,19,19,0,0,0,38,38,0
ACSSF,2012e5,wv,000,0036,0002069,080,54,053,08000US540539061229716955101,"Census Tract 9551.01 (part), Gallipolis Ferry CDP, Clendenin district, Mason County, West Virginia",444,345,263,82,37,45,99,89,10
ACSSF,2012e5,wv,000,0036,0002070,080,54,053,08000US540539061236436955101,"Census Tract 9551.01 (part), Henderson town, Clendenin district, Mason County, West Virginia",84,51,41,10,2,8,33,30,3
ACSSF,2012e5,wv,000,0036,0002071,080,54,053,08000US540539061299999955101,"Census Tract 9551.01 (part), Remainder of Clendenin district, Clendenin district, Mason County, West Virginia",446,337,244,93,28,65,109,87,22
ACSSF,2012e5,wv,000,0036,0002072,080,54,053,08000US540539061299999955102,"Census Tract 9551.02 (part), Remainder of Clendenin district, Clendenin district, Mason County, West Virginia",488,285,256,29,0,29,203,110,93
ACSSF,2012e5,wv,000,0036,0002073,080,54,053,08000US540539064846300954900,"Census Tract 9549 (part), Leon town, Cologne district, Mason County, West Virginia",55,41,35,6,2,4,14,11,3
ACSSF,2012e5,wv,000,0036,0002074,080,54,053,08000US540539064899999954802,"Census Tract 9548.02 (part), Remainder of Cologne district, Cologne district, Mason County, West Virginia",39,39,6,33,22,11,0,0,0
ACSSF,2012e5,wv,000,0036,0002075,080,54,053,08000US540539064899999954900,"Census Tract 9549 (part), Remainder of Cologne district, Cologne district, Mason County, West Virginia",594,371,266,105,18,87,223,203,20
ACSSF,2012e5,wv,000,0036,0002076,080,54,053,08000US540539066099999954802,"Census Tract 9548.02 (part), Cooper district, Cooper district, Mason County, West Virginia",333,255,179,76,10,66,78,71,7
ACSSF,2012e5,wv,000,0036,0002077,080,54,053,08000US540539066099999954900,"Census Tract 9549 (part), Cooper district, Cooper district, Mason County, West Virginia",401,310,283,27,0,27,91,49,42
ACSSF,2012e5,wv,000,0036,0002078,080,54,053,08000US540539126035500954801,"Census Tract 9548.01 (part), Hartford City town (part), Graham district, Mason County, West Virginia",18,13,4,9,0,9,5,0,5
ACSSF,2012e5,wv,000,0036,0002079,080,54,053,08000US540539126035500954802,"Census Tract 9548.02 (part), Hartford City town (part), Graham district, Mason County, West Virginia",113,89,77,12,6,6,24,24,0
ACSSF,2012e5,wv,000,0036,0002080,080,54,053,08000US540539126058564954802,"Census Tract 9548.02 (part), New Haven town, Graham district, Mason County, West Virginia",706,462,343,119,19,100,244,235,9
ACSSF,2012e5,wv,000,0036,0002081,080,54,053,08000US540539126099999954801,"Census Tract 9548.01 (part), Remainder of Graham district, Graham district, Mason County, West Virginia",0,0,0,0,0,0,0,0,0
ACSSF,2012e5,wv,000,0036,0002082,080,54,053,08000US540539126099999954802,"Census Tract 9548.02 (part), Remainder of Graham district, Graham district, Mason County, West Virginia",338,265,213,52,29,23,73,60,13
ACSSF,2012e5,wv,000,0036,0002083,080,54,053,08000US540539151202188955102,"Census Tract 9551.02 (part), Apple Grove CDP (part), Hannan district, Mason County, West Virginia",10,10,10,0,0,0,0,0,0
ACSSF,2012e5,wv,000,0036,0002084,080,54,053,08000US540539151299999955102,"Census Tract 9551.02 (part), Remainder of Hannan district, Hannan district, Mason County, West Virginia",918,576,496,80,0,80,342,305,37
ACSSF,2012e5,wv,000,0036,0002085,080,54,053,08000US540539186064708954900,"Census Tract 9549 (part), Point Pleasant city (part), Lewis district, Mason County, West Virginia",89,89,40,49,23,26,0,0,0
ACSSF,2012e5,wv,000,0036,0002086,080,54,053,08000US540539186064708955000,"Census Tract 9550 (part), Point Pleasant city (part), Lewis district, Mason County, West Virginia",1580,965,767,198,9,189,615,528,87
ACSSF,2012e5,wv,000,0036,0002087,080,54,053,08000US540539186099999954802,"Census Tract 9548.02 (part), Remainder of Lewis district, Lewis district, Mason County, West Virginia",57,57,57,0,0,0,0,0,0
ACSSF,2012e5,wv,000,0036,0002088,080,54,053,08000US540539186099999954900,"Census Tract 9549 (part), Remainder of Lewis district, Lewis district, Mason County, West Virginia",457,314,286,28,0,28,143,143,0
ACSSF,2012e5,wv,000,0036,0002089,080,54,053,08000US540539186099999955000,"Census Tract 9550 (part), Remainder of Lewis district, Lewis district, Mason County, West Virginia",115,96,60,36,0,36,19,19,0
ACSSF,2012e5,wv,000,0036,0002090,080,54,053,08000US540539265264708955000,"Census Tract 9550 (part), Point Pleasant city (part), Robinson district, Mason County, West Virginia",104,66,66,0,0,0,38,38,0
ACSSF,2012e5,wv,000,0036,0002091,080,54,053,08000US540539265299999954801,"Census Tract 9548.01 (part), Remainder of Robinson district, Robinson district, Mason County, West Virginia",39,8,8,0,0,0,31,31,0
ACSSF,2012e5,wv,000,0036,0002092,080,54,053,08000US540539265299999954802,"Census Tract 9548.02 (part), Remainder of Robinson district, Robinson district, Mason County, West Virginia",27,27,27,0,0,0,0,0,0
ACSSF,2012e5,wv,000,0036,0002093,080,54,053,08000US540539265299999954900,"Census Tract 9549 (part), Remainder of Robinson district, Robinson district, Mason County, West Virginia",749,465,354,111,0,111,284,265,19
ACSSF,2012e5,wv,000,0036,0002094,080,54,053,08000US540539265299999955000,"Census Tract 9550 (part), Remainder of Robinson district, Robinson district, Mason County, West Virginia",249,109,66,43,0,43,140,48,92
ACSSF,2012e5,wv,000,0036,0002095,080,54,053,08000US540539326499999954900,"Census Tract 9549 (part), Union district, Union district, Mason County, West Virginia",446,374,324,50,0,50,72,64,8
ACSSF,2012e5,wv,000,0036,0002096,080,54,053,08000US540539343235500954801,"Census Tract 9548.01 (part), Hartford City town (part), Waggener district, Mason County, West Virginia",126,96,51,45,12,33,30,25,5
ACSSF,2012e5,wv,000,0036,0002097,080,54,053,08000US540539343235500954802,"Census Tract 9548.02 (part), Hartford City town (part), Waggener district, Mason County, West Virginia",0,0,0,0,0,0,0,0,0
ACSSF,2012e5,wv,000,0036,0002098,080,54,053,08000US540539343252180954801,"Census Tract 9548.01 (part), Mason town, Waggener district, Mason County, West Virginia",447,310,176,134,25,109,137,123,14
ACSSF,2012e5,wv,000,0036,0002099,080,54,053,08000US540539343299999954801,"Census Tract 9548.01 (part), Remainder of Waggener district, Waggener district, Mason County, West Virginia",430,259,178,81,0,81,171,131,40
ACSSF,2012e5,wv,000,0036,0002100,080,54,053,08000US540539343299999954802,"Census Tract 9548.02 (part), Remainder of Waggener district, Waggener district, Mason County, West Virginia",38,38,38,0,0,0,0,0,0
ACSSF,2012e5,wv,000,0036,0002101,080,54,055,08000US540559090008524001900,"Census Tract 19 (part), Bluefield city (part), District I, Mercer County, West Virginia",650,296,129,167,51,116,354,340,14
ACSSF,2012e5,wv,000,0036,0002102,080,54,055,08000US540559090008524002000,"Census Tract 20 (part), Bluefield city (part), District I, Mercer County, West Virginia",773,400,268,132,28,104,373,326,47
ACSSF,2012e5,wv,000,0036,0002103,080,54,055,08000US540559090008524002100,"Census Tract 21, Bluefield city (part), District I, Mercer County, West Virginia",1374,854,722,132,22,110,520,449,71
ACSSF,2012e5,wv,000,0036,0002104,080,54,055,08000US540559090008524002200,"Census Tract 22 (part), Bluefield city (part), District I, Mercer County, West Virginia",1949,1231,1011,220,9,211,718,684,34
ACSSF,2012e5,wv,000,0036,0002105,080,54,055,08000US540559090008524002300,"Census Tract 23 (part), Bluefield city (part), District I, Mercer County, West Virginia",0,0,0,0,0,0,0,0,0
ACSSF,2012e5,wv,000,0036,0002106,080,54,055,08000US540559090008524002400,"Census Tract 24 (part), Bluefield city (part), District I, Mercer County, West Virginia",0,0,0,0,0,0,0,0,0
ACSSF,2012e5,wv,000,0036,0002107,080,54,055,08000US540559090008764001700,"Census Tract 17 (part), Bluewell CDP, District I, Mercer County, West Virginia",901,556,455,101,39,62,345,246,99
ACSSF,2012e5,wv,000,0036,0002108,080,54,055,08000US540559090009796001600,"Census Tract 16 (part), Bramwell town, District I, Mercer County, West Virginia",156,121,74,47,9,38,35,35,0
ACSSF,2012e5,wv,000,0036,0002109,080,54,055,08000US540559090009796001700,"Census Tract 17 (part), Bramwell town, District I, Mercer County, West Virginia",33,33,25,8,4,4,0,0,0
ACSSF,2012e5,wv,000,0036,0002110,080,54,055,08000US540559090010948001700,"Census Tract 17 (part), Brush Fork CDP, District I, Mercer County, West Virginia",176,110,24,86,31,55,66,48,18
ACSSF,2012e5,wv,000,0036,0002111,080,54,055,08000US540559090010948001900,"Census Tract 19 (part), Brush Fork CDP, District I, Mercer County, West Virginia",0,0,0,0,0,0,0,0,0
ACSSF,2012e5,wv,000,0036,0002112,080,54,055,08000US540559090010948002000,"Census Tract 20 (part), Brush Fork CDP, District I, Mercer County, West Virginia",253,177,126,51,7,44,76,46,30
ACSSF,2012e5,wv,000,0036,0002113,080,54,055,08000US540559090099999001600,"Census Tract 16 (part), District Remainder of I, District I, Mercer County, West Virginia",226,169,163,6,0,6,57,57,0
ACSSF,2012e5,wv,000,0036,0002114,080,54,055,08000US540559090099999001700,"Census Tract 17 (part), District Remainder of I, District I, Mercer County, West Virginia",977,677,510,167,30,137,300,196,104
ACSSF,2012e5,wv,000,0036,0002115,080,54,055,08000US540559090099999001800,"Census Tract 18 (part), District Remainder of I, District I, Mercer County, West Virginia",142,105,92,13,0,13,37,37,0
ACSSF,2012e5,wv,000,0036,0002116,080,54,055,08000US540559090099999001900,"Census Tract 19 (part), District Remainder of I, District I, Mercer County, West Virginia",70,36,36,0,0,0,34,34,0
ACSSF,2012e5,wv,000,0036,0002117,080,54,055,08000US540559090099999002000,"Census Tract 20 (part), District Remainder of I, District I, Mercer County, West Virginia",61,44,23,21,21,0,17,17,0
ACSSF,2012e5,wv,000,0036,0002118,080,54,055,08000US540559090099999002200,"Census Tract 22 (part), District Remainder of I, District I, Mercer County, West Virginia",171,96,86,10,0,10,75,75,0
ACSSF,2012e5,wv,000,0036,0002119,080,54,055,08000US540559090099999002300,"Census Tract 23 (part), District Remainder of I, District I, Mercer County, West Virginia",140,120,107,13,0,13,20,20,0
ACSSF,2012e5,wv,000,0036,0002120,080,54,055,08000US540559090099999002400,"Census Tract 24 (part), District Remainder of I, District I, Mercer County, West Virginia",0,0,0,0,0,0,0,0,0
ACSSF,2012e5,wv,000,0036,0002121,080,54,055,08000US540559091265692001200,"Census Tract 12 (part), Princeton city (part), District II, Mercer County, West Virginia",122,68,42,26,0,26,54,54,0
ACSSF,2012e5,wv,000,0036,0002122,080,54,055,08000US540559091265692001300,"Census Tract 13 (part), Princeton city (part), District II, Mercer County, West Virginia",1317,735,448,287,103,184,582,465,117
ACSSF,2012e5,wv,000,0036,0002123,080,54,055,08000US540559091265692001400,"Census Tract 14 (part), Princeton city (part), District II, Mercer County, West Virginia",943,540,451,89,42,47,403,363,40
ACSSF,2012e5,wv,000,0036,0002124,080,54,055,08000US540559091265692001500,"Census Tract 15 (part), Princeton city (part), District II, Mercer County, West Virginia",218,177,149,28,0,28,41,41,0
ACSSF,2012e5,wv,000,0036,0002125,080,54,055,08000US540559091265692001800,"Census Tract 18 (part), Princeton city (part), District II, Mercer County, West Virginia",80,20,0,20,20,0,60,33,27
ACSSF,2012e5,wv,000,0036,0002126,080,54,055,08000US540559091265692002300,"Census Tract 23 (part), Princeton city (part), District II, Mercer County, West Virginia",176,133,105,28,0,28,43,30,13
ACSSF,2012e5,wv,000,0036,0002127,080,54,055,08000US540559091299999001000,"Census Tract 10 (part), District Remainder of II, District II, Mercer County, West Virginia",105,79,47,32,0,32,26,26,0
ACSSF,2012e5,wv,000,0036,0002128,080,54,055,08000US540559091299999001200,"Census Tract 12 (part), District Remainder of II, District II, Mercer County, West Virginia",1341,889,684,205,56,149,452,406,46
ACSSF,2012e5,wv,000,0036,0002129,080,54,055,08000US540559091299999001300,"Census Tract 13 (part), District Remainder of II, District II, Mercer County, West Virginia",347,217,172,45,36,9,130,99,31
ACSSF,2012e5,wv,000,0036,0002130,080,54,055,08000US540559091299999001400,"Census Tract 14 (part), District Remainder of II, District II, Mercer County, West Virginia",45,35,29,6,0,6,10,10,0
ACSSF,2012e5,wv,000,0036,0002131,080,54,055,08000US540559091299999001500,"Census Tract 15 (part), District Remainder of II, District II, Mercer County, West Virginia",1991,1156,936,220,67,153,835,821,14
ACSSF,2012e5,wv,000,0036,0002132,080,54,055,08000US540559091299999001700,"Census Tract 17 (part), District Remainder of II, District II, Mercer County, West Virginia",23,23,23,0,0,0,0,0,0
ACSSF,2012e5,wv,000,0036,0002133,080,54,055,08000US540559091299999001800,"Census Tract 18 (part), District Remainder of II, District II, Mercer County, West Virginia",2163,1312,1126,186,63,123,851,779,72
ACSSF,2012e5,wv,000,0036,0002134,080,54,055,08000US540559091299999002300,"Census Tract 23 (part), District Remainder of II, District II, Mercer County, West Virginia",1068,659,385,274,39,235,409,370,39
ACSSF,2012e5,wv,000,0036,0002135,080,54,055,08000US540559092403292001100,"Census Tract 11 (part), Athens town, District III, Mercer County, West Virginia",236,105,95,10,0,10,131,78,53
ACSSF,2012e5,wv,000,0036,0002136,080,54,055,08000US540559092408524001900,"Census Tract 19 (part), Bluefield city (part), District III, Mercer County, West Virginia",0,0,0,0,0,0,0,0,0
ACSSF,2012e5,wv,000,0036,0002137,080,54,055,08000US540559092445292001000,"Census Tract 10 (part), Lashmeet CDP, District III, Mercer County, West Virginia",100,94,70,24,0,24,6,6,0
ACSSF,2012e5,wv,000,0036,0002138,080,54,055,08000US540559092452420000900,"Census Tract 9 (part), Matoaka town, District III, Mercer County, West Virginia",110,57,34,23,14,9,53,49,4
ACSSF,2012e5,wv,000,0036,0002139,080,54,055,08000US540559092452420001000,"Census Tract 10 (part), Matoaka town, District III, Mercer County, West Virginia",0,0,0,0,0,0,0,0,0
ACSSF,2012e5,wv,000,0036,0002140,080,54,055,08000US540559092455372001600,"Census Tract 16 (part), Montcalm CDP, District III, Mercer County, West Virginia",49,15,3,12,0,12,34,34,0
ACSSF,2012e5,wv,000,0036,0002141,080,54,055,08000US540559092455372001800,"Census Tract 18 (part), Montcalm CDP, District III, Mercer County, West Virginia",152,76,76,0,0,0,76,76,0
ACSSF,2012e5,wv,000,0036,0002142,080,54,055,08000US540559092460196002400,"Census Tract 24 (part), Oakvale town, District III, Mercer County, West Virginia",44,30,26,4,0,4,14,9,5
ACSSF,2012e5,wv,000,0036,0002143,080,54,055,08000US540559092465692002300,"Census Tract 23 (part), Princeton city (part), District III, Mercer County, West Virginia",23,0,0,0,0,0,23,23,0
ACSSF,2012e5,wv,000,0036,0002144,080,54,055,08000US540559092499999000900,"Census Tract 9 (part), District Remainder of III, District III, Mercer County, West Virginia",1212,789,647,142,50,92,423,377,46
ACSSF,2012e5,wv,000,0036,0002145,080,54,055,08000US540559092499999001000,"Census Tract 10 (part), District Remainder of III, District III, Mercer County, West Virginia",1427,1042,885,157,66,91,385,274,111
ACSSF,2012e5,wv,000,0036,0002146,080,54,055,08000US540559092499999001100,"Census Tract 11 (part), District Remainder of III, District III, Mercer County, West Virginia",2005,1367,1138,229,22,207,638,577,61
ACSSF,2012e5,wv,000,0036,0002147,080,54,055,08000US540559092499999001200,"Census Tract 12 (part), District Remainder of III, District III, Mercer County, West Virginia",45,28,28,0,0,0,17,17,0
ACSSF,2012e5,wv,000,0036,0002148,080,54,055,08000US540559092499999001500,"Census Tract 15 (part), District Remainder of III, District III, Mercer County, West Virginia",83,83,72,11,0,11,0,0,0
ACSSF,2012e5,wv,000,0036,0002149,080,54,055,08000US540559092499999001600,"Census Tract 16 (part), District Remainder of III, District III, Mercer County, West Virginia",222,165,124,41,24,17,57,51,6
ACSSF,2012e5,wv,000,0036,0002150,080,54,055,08000US540559092499999001700,"Census Tract 17 (part), District Remainder of III, District III, Mercer County, West Virginia",118,71,71,0,0,0,47,47,0
ACSSF,2012e5,wv,000,0036,0002151,080,54,055,08000US540559092499999001800,"Census Tract 18 (part), District Remainder of III, District III, Mercer County, West Virginia",18,0,0,0,0,0,18,18,0
ACSSF,2012e5,wv,000,0036,0002152,080,54,055,08000US540559092499999001900,"Census Tract 19 (part), District Remainder of III, District III, Mercer County, West Virginia",132,72,67,5,0,5,60,34,26
ACSSF,2012e5,wv,000,0036,0002153,080,54,055,08000US540559092499999002200,"Census Tract 22 (part), District Remainder of III, District III, Mercer County, West Virginia",0,0,0,0,0,0,0,0,0
ACSSF,2012e5,wv,000,0036,0002154,080,54,055,08000US540559092499999002300,"Census Tract 23 (part), District Remainder of III, District III, Mercer County, West Virginia",766,514,385,129,0,129,252,156,96
ACSSF,2012e5,wv,000,0036,0002155,080,54,055,08000US540559092499999002400,"Census Tract 24 (part), District Remainder of III, District III, Mercer County, West Virginia",1051,818,708,110,41,69,233,181,52
ACSSF,2012e5,wv,000,0036,0002156,080,54,057,08000US540579078411620010400,"Census Tract 104 (part), Burlington CDP, District 1, Mineral County, West Virginia",16,16,16,0,0,0,0,0,0
ACSSF,2012e5,wv,000,0036,0002157,080,54,057,08000US540579078424484010700,"Census Tract 107 (part), Elk Garden town, District 1, Mineral County, West Virginia",102,50,38,12,2,10,52,50,2
ACSSF,2012e5,wv,000,0036,0002158,080,54,057,08000US540579078428444010300,"Census Tract 103 (part), Fort Ashby CDP (part), District 1, Mineral County, West Virginia",457,295,231,64,0,64,162,147,15
ACSSF,2012e5,wv,000,0036,0002159,080,54,057,08000US540579078463604010700,"Census Tract 107 (part), Piedmont town, District 1, Mineral County, West Virginia",317,179,93,86,29,57,138,134,4
ACSSF,2012e5,wv,000,0036,0002160,080,54,057,08000US540579078499999010300,"Census Tract 103 (part), District Remainder of 1, District 1, Mineral County, West Virginia",254,139,139,0,0,0,115,115,0
ACSSF,2012e5,wv,000,0036,0002161,080,54,057,08000US540579078499999010400,"Census Tract 104 (part), District Remainder of 1, District 1, Mineral County, West Virginia",1627,1028,857,171,60,111,599,523,76
ACSSF,2012e5,wv,000,0036,0002162,080,54,057,08000US540579078499999010500,"Census Tract 105 (part), District Remainder of 1, District 1, Mineral County, West Virginia",336,266,247,19,19,0,70,56,14
ACSSF,2012e5,wv,000,0036,0002163,080,54,057,08000US540579078499999010700,"Census Tract 107 (part), District Remainder of 1, District 1, Mineral County, West Virginia",432,241,207,34,16,18,191,191,0
ACSSF,2012e5,wv,000,0036,0002164,080,54,057,08000US540579082043492010500,"Census Tract 105 (part), Keyser city, District 2, Mineral County, West Virginia",729,257,115,142,34,108,472,472,0
ACSSF,2012e5,wv,000,0036,0002165,080,54,057,08000US540579082043492010600,"Census Tract 106 (part), Keyser city, District 2, Mineral County, West Virginia",1911,869,633,236,0,236,1042,1005,37
ACSSF,2012e5,wv,000,0036,0002166,080,54,057,08000US540579082099999010500,"Census Tract 105 (part), District Remainder of 2, District 2, Mineral County, West Virginia",751,424,341,83,23,60,327,327,0
ACSSF,2012e5,wv,000,0036,0002167,080,54,057,08000US540579082099999010600,"Census Tract 106 (part), District Remainder of 2, District 2, Mineral County, West Virginia",723,437,311,126,26,100,286,272,14
ACSSF,2012e5,wv,000,0036,0002168,080,54,057,08000US540579082099999010700,"Census Tract 107 (part), District Remainder of 2, District 2, Mineral County, West Virginia",0,0,0,0,0,0,0,0,0
ACSSF,2012e5,wv,000,0036,0002169,080,54,057,08000US540579085613525010100,"Census Tract 101 (part), Carpendale town, District 3, Mineral County, West Virginia",353,255,225,30,7,23,98,86,12
ACSSF,2012e5,wv,000,0036,0002170,080,54,057,08000US540579085628444010300,"Census Tract 103 (part), Fort Ashby CDP (part), District 3, Mineral County, West Virginia",210,88,88,0,0,0,122,104,18
ACSSF,2012e5,wv,000,0036,0002171,080,54,057,08000US540579085668260010100,"Census Tract 101 (part), Ridgeley town, District 3, Mineral County, West Virginia",290,143,90,53,13,40,147,136,11
ACSSF,2012e5,wv,000,0036,0002172,080,54,057,08000US540579085687316010100,"Census Tract 101 (part), Wiley Ford CDP, District 3, Mineral County, West Virginia",386,203,143,60,28,32,183,166,17
ACSSF,2012e5,wv,000,0036,0002173,080,54,057,08000US540579085699999010100,"Census Tract 101 (part), District Remainder of 3, District 3, Mineral County, West Virginia",0,0,0,0,0,0,0,0,0
ACSSF,2012e5,wv,000,0036,0002174,080,54,057,08000US540579085699999010200,"Census Tract 102, District Remainder of 3, District 3, Mineral County, West Virginia",1327,927,761,166,45,121,400,364,36
ACSSF,2012e5,wv,000,0036,0002175,080,54,057,08000US540579085699999010300,"Census Tract 103 (part), District Remainder of 3, District 3, Mineral County, West Virginia",946,666,553,113,17,96,280,254,26
ACSSF,2012e5,wv,000,0036,0002176,080,54,057,08000US540579085699999010400,"Census Tract 104 (part), District Remainder of 3, District 3, Mineral County, West Virginia",16,16,16,0,0,0,0,0,0
ACSSF,2012e5,wv,000,0036,0002177,080,54,057,08000US540579085699999010500,"Census Tract 105 (part), District Remainder of 3, District 3, Mineral County, West Virginia",0,0,0,0,0,0,0,0,0
ACSSF,2012e5,wv,000,0036,0002178,080,54,059,08000US540599014167396957500,"Census Tract 9575 (part), Red Jacket CDP (part), Beech Ben Mate district, Mingo County, West Virginia",154,100,58,42,13,29,54,54,0
ACSSF,2012e5,wv,000,0036,0002179,080,54,059,08000US540599014167396957600,"Census Tract 9576 (part), Red Jacket CDP (part), Beech Ben Mate district, Mingo County, West Virginia",92,38,0,38,20,18,54,0,54
ACSSF,2012e5,wv,000,0036,0002180,080,54,059,08000US540599014199999957500,"Census Tract 9575 (part), Remainder of Beech Ben Mate district, Beech Ben Mate district, Mingo County, West Virginia",351,271,187,84,6,78,80,66,14
ACSSF,2012e5,wv,000,0036,0002181,080,54,059,08000US540599014199999957600,"Census Tract 9576 (part), Remainder of Beech Ben Mate district, Beech Ben Mate district, Mingo County, West Virginia",861,548,450,98,7,91,313,283,30
ACSSF,2012e5,wv,000,0036,0002182,080,54,059,08000US540599177043300957100,"Census Tract 9571 (part), Kermit town, Kermit Harvey district, Mingo County, West Virginia",251,227,136,91,23,68,24,24,0
ACSSF,2012e5,wv,000,0036,0002183,080,54,059,08000US540599177099999957100,"Census Tract 9571 (part), Remainder of Kermit Harvey district, Kermit Harvey district, Mingo County, West Virginia",1249,750,535,215,121,94,499,483,16
ACSSF,2012e5,wv,000,0036,0002184,080,54,059,08000US540599177099999957200,"Census Tract 9572 (part), Remainder of Kermit Harvey district, Kermit Harvey district, Mingo County, West Virginia",101,87,58,29,8,21,14,14,0
ACSSF,2012e5,wv,000,0036,0002185,080,54,059,08000US540599184820980957300,"Census Tract 9573 (part), Delbarton town, Lee district, Mingo County, West Virginia",278,216,151,65,24,41,62,62,0
ACSSF,2012e5,wv,000,0036,0002186,080,54,059,08000US540599184820980957500,"Census Tract 9575 (part), Delbarton town, Lee district, Mingo County, West Virginia",190,133,122,11,4,7,57,57,0
ACSSF,2012e5,wv,000,0036,0002187,080,54,059,08000US540599184899999957200,"Census Tract 9572 (part), Remainder of Lee district, Lee district, Mingo County, West Virginia",702,504,370,134,36,98,198,198,0
ACSSF,2012e5,wv,000,0036,0002188,080,54,059,08000US540599184899999957300,"Census Tract 9573 (part), Remainder of Lee district, Lee district, Mingo County, West Virginia",288,191,173,18,0,18,97,61,36
ACSSF,2012e5,wv,000,0036,0002189,080,54,059,08000US540599184899999957500,"Census Tract 9575 (part), Remainder of Lee district, Lee district, Mingo County, West Virginia",104,104,104,0,0,0,0,0,0
ACSSF,2012e5,wv,000,0036,0002190,080,54,059,08000US540599206452324957500,"Census Tract 9575 (part), Matewan town, Magnolia district, Mingo County, West Virginia",269,101,58,43,8,35,168,150,18
ACSSF,2012e5,wv,000,0036,0002191,080,54,059,08000US540599206452324957600,"Census Tract 9576 (part), Matewan town, Magnolia district, Mingo County, West Virginia",137,81,48,33,17,16,56,56,0
ACSSF,2012e5,wv,000,0036,0002192,080,54,059,08000US540599206467396957500,"Census Tract 9575 (part), Red Jacket CDP (part), Magnolia district, Mingo County, West Virginia",23,10,10,0,0,0,13,13,0
ACSSF,2012e5,wv,000,0036,0002193,080,54,059,08000US540599206499999957300,"Census Tract 9573 (part), Remainder of Magnolia district, Magnolia district, Mingo County, West Virginia",103,103,61,42,30,12,0,0,0
ACSSF,2012e5,wv,000,0036,0002194,080,54,059,08000US540599206499999957500,"Census Tract 9575 (part), Remainder of Magnolia district, Magnolia district, Mingo County, West Virginia",404,283,252,31,1,30,121,108,13
ACSSF,2012e5,wv,000,0036,0002195,080,54,059,08000US540599206499999957600,"Census Tract 9576 (part), Remainder of Magnolia district, Magnolia district, Mingo County, West Virginia",295,226,153,73,0,73,69,59,10
ACSSF,2012e5,wv,000,0036,0002196,080,54,059,08000US540599301230772957700,"Census Tract 9577 (part), Gilbert town, Stafford district, Mingo County, West Virginia",309,217,135,82,39,43,92,86,6
ACSSF,2012e5,wv,000,0036,0002197,080,54,059,08000US540599301230777957700,"Census Tract 9577 (part), Gilbert Creek CDP, Stafford district, Mingo County, West Virginia",469,391,380,11,0,11,78,78,0
ACSSF,2012e5,wv,000,0036,0002198,080,54,059,08000US540599301242292957700,"Census Tract 9577 (part), Justice CDP, Stafford district, Mingo County, West Virginia",141,78,78,0,0,0,63,63,0
ACSSF,2012e5,wv,000,0036,0002199,080,54,059,08000US540599301299999957700,"Census Tract 9577 (part), Remainder of Stafford district, Stafford district, Mingo County, West Virginia",805,523,405,118,22,96,282,282,0
ACSSF,2012e5,wv,000,0036,0002200,080,54,059,08000US540599316214692957300,"Census Tract 9573 (part), Chattaroy CDP (part), Tug Hardee district, Mingo County, West Virginia",187,128,115,13,0,13,59,59,0
ACSSF,2012e5,wv,000,0036,0002201,080,54,059,08000US540599316299999957100,"Census Tract 9571 (part), Remainder of Tug Hardee district, Tug Hardee district, Mingo County, West Virginia",151,117,103,14,0,14,34,34,0
ACSSF,2012e5,wv,000,0036,0002202,080,54,059,08000US540599316299999957200,"Census Tract 9572 (part), Remainder of Tug Hardee district, Tug Hardee district, Mingo County, West Virginia",641,450,305,145,62,83,191,116,75
ACSSF,2012e5,wv,000,0036,0002203,080,54,059,08000US540599316299999957300,"Census Tract 9573 (part), Remainder of Tug Hardee district, Tug Hardee district, Mingo County, West Virginia",616,449,368,81,41,40,167,148,19
ACSSF,2012e5,wv,000,0036,0002204,080,54,059,08000US540599316299999957500,"Census Tract 9575 (part), Remainder of Tug Hardee district, Tug Hardee district, Mingo County, West Virginia",5,5,5,0,0,0,0,0,0
ACSSF,2012e5,wv,000,0036,0002205,080,54,059,08000US540599369614692957400,"Census Tract 9574 (part), Chattaroy CDP (part), Williamson district, Mingo County, West Virginia",98,86,58,28,0,28,12,12,0
ACSSF,2012e5,wv,000,0036,0002206,080,54,059,08000US540599369687508957300,"Census Tract 9573 (part), Williamson city, Williamson district, Mingo County, West Virginia",0,0,0,0,0,0,0,0,0
ACSSF,2012e5,wv,000,0036,0002207,080,54,059,08000US540599369687508957400,"Census Tract 9574 (part), Williamson city, Williamson district, Mingo County, West Virginia",1389,823,487,336,29,307,566,502,64
ACSSF,2012e5,wv,000,0036,0002208,080,54,059,08000US540599369699999957400,"Census Tract 9574 (part), Remainder of Williamson district, Williamson district, Mingo County, West Virginia",79,79,51,28,28,0,0,0,0
ACSSF,2012e5,wv,000,0036,0002209,080,54,059,08000US540599369699999957500,"Census Tract 9575 (part), Remainder of Williamson district, Williamson district, Mingo County, West Virginia",131,59,34,25,0,25,72,72,0
ACSSF,2012e5,wv,000,0036,0002210,080,54,061,08000US540619045655756010101,"Census Tract 101.01, Morgantown city (part), Central district, Monongalia County, West Virginia",193,10,10,0,0,0,183,133,50
ACSSF,2012e5,wv,000,0036,0002211,080,54,061,08000US540619045655756010102,"Census Tract 101.02 (part), Morgantown city (part), Central district, Monongalia County, West Virginia",1294,157,99,58,16,42,1137,700,437
ACSSF,2012e5,wv,000,0036,0002212,080,54,061,08000US540619045655756010201,"Census Tract 102.01 (part), Morgantown city (part), Central district, Monongalia County, West Virginia",531,26,13,13,0,13,505,401,104
ACSSF,2012e5,wv,000,0036,0002213,080,54,061,08000US540619045655756010202,"Census Tract 102.02 (part), Morgantown city (part), Central district, Monongalia County, West Virginia",1052,260,174,86,24,62,792,579,213
ACSSF,2012e5,wv,000,0036,0002214,080,54,061,08000US540619045655756010400,"Census Tract 104 (part), Morgantown city (part), Central district, Monongalia County, West Virginia",670,380,346,34,0,34,290,268,22
ACSSF,2012e5,wv,000,0036,0002215,080,54,061,08000US540619045655756010700,"Census Tract 107 (part), Morgantown city (part), Central district, Monongalia County, West Virginia",1498,627,372,255,118,137,871,675,196
ACSSF,2012e5,wv,000,0036,0002216,080,54,061,08000US540619045655756010800,"Census Tract 108 (part), Morgantown city (part), Central district, Monongalia County, West Virginia",36,18,0,18,6,12,18,18,0
ACSSF,2012e5,wv,000,0036,0002217,080,54,061,08000US540619045655756010901,"Census Tract 109.01, Morgantown city (part), Central district, Monongalia County, West Virginia",1489,512,423,89,45,44,977,729,248
ACSSF,2012e5,wv,000,0036,0002218,080,54,061,08000US540619045655756010902,"Census Tract 109.02 (part), Morgantown city (part), Central district, Monongalia County, West Virginia",793,534,407,127,18,109,259,208,51
ACSSF,2012e5,wv,000,0036,0002219,080,54,061,08000US540619045655756011000,"Census Tract 110 (part), Morgantown city (part), Central district, Monongalia County, West Virginia",759,366,241,125,13,112,393,259,134
ACSSF,2012e5,wv,000,0036,0002220,080,54,061,08000US540619045655756011100,"Census Tract 111 (part), Morgantown city (part), Central district, Monongalia County, West Virginia",0,0,0,0,0,0,0,0,0
ACSSF,2012e5,wv,000,0036,0002221,080,54,061,08000US540619045655756011200,"Census Tract 112 (part), Morgantown city (part), Central district, Monongalia County, West Virginia",0,0,0,0,0,0,0,0,0
ACSSF,2012e5,wv,000,0036,0002222,080,54,061,08000US540619045655756011803,"Census Tract 118.03 (part), Morgantown city (part), Central district, Monongalia County, West Virginia",0,0,0,0,0,0,0,0,0
ACSSF,2012e5,wv,000,0036,0002223,080,54,061,08000US540619045655756011805,"Census Tract 118.05 (part), Morgantown city (part), Central district, Monongalia County, West Virginia",23,0,0,0,0,0,23,23,0
ACSSF,2012e5,wv,000,0036,0002224,080,54,061,08000US540619045655756012000,"Census Tract 120 (part), Morgantown city (part), Central district, Monongalia County, West Virginia",1148,570,511,59,16,43,578,524,54
ACSSF,2012e5,wv,000,0036,0002225,080,54,061,08000US540619045676516010400,"Census Tract 104 (part), Star City town (part), Central district, Monongalia County, West Virginia",849,369,238,131,43,88,480,379,101
ACSSF,2012e5,wv,000,0036,0002226,080,54,061,08000US540619045676516011200,"Census Tract 112 (part), Star City town (part), Central district, Monongalia County, West Virginia",0,0,0,0,0,0,0,0,0
ACSSF,2012e5,wv,000,0036,0002227,080,54,061,08000US540619045699999010400,"Census Tract 104 (part), Remainder of Central district, Central district, Monongalia County, West Virginia",74,46,3,43,0,43,28,28,0
ACSSF,2012e5,wv,000,0036,0002228,080,54,061,08000US540619045699999010700,"Census Tract 107 (part), Remainder of Central district, Central district, Monongalia County, West Virginia",0,0,0,0,0,0,0,0,0
ACSSF,2012e5,wv,000,0036,0002229,080,54,061,08000US540619045699999010902,"Census Tract 109.02 (part), Remainder of Central district, Central district, Monongalia County, West Virginia",9,0,0,0,0,0,9,0,9
ACSSF,2012e5,wv,000,0036,0002230,080,54,061,08000US540619045699999011000,"Census Tract 110 (part), Remainder of Central district, Central district, Monongalia County, West Virginia",0,0,0,0,0,0,0,0,0
ACSSF,2012e5,wv,000,0036,0002231,080,54,061,08000US540619045699999011200,"Census Tract 112 (part), Remainder of Central district, Central district, Monongalia County, West Virginia",0,0,0,0,0,0,0,0,0
ACSSF,2012e5,wv,000,0036,0002232,080,54,061,08000US540619045699999011803,"Census Tract 118.03 (part), Remainder of Central district, Central district, Monongalia County, West Virginia",0,0,0,0,0,0,0,0,0
ACSSF,2012e5,wv,000,0036,0002233,080,54,061,08000US540619045699999011805,"Census Tract 118.05 (part), Remainder of Central district, Central district, Monongalia County, West Virginia",0,0,0,0,0,0,0,0,0
ACSSF,2012e5,wv,000,0036,0002234,080,54,061,08000US540619045699999012000,"Census Tract 120 (part), Remainder of Central district, Central district, Monongalia County, West Virginia",0,0,0,0,0,0,0,0,0
ACSSF,2012e5,wv,000,0036,0002235,080,54,061,08000US540619098310420011803,"Census Tract 118.03 (part), Brookhaven CDP (part), Eastern district, Monongalia County, West Virginia",661,348,276,72,18,54,313,233,80
ACSSF,2012e5,wv,000,0036,0002236,080,54,061,08000US540619098310420011805,"Census Tract 118.05 (part), Brookhaven CDP (part), Eastern district, Monongalia County, West Virginia",1180,873,642,231,95,136,307,214,93
ACSSF,2012e5,wv,000,0036,0002237,080,54,061,08000US540619098310420011806,"Census Tract 118.06 (part), Brookhaven CDP (part), Eastern district, Monongalia County, West Virginia",0,0,0,0,0,0,0,0,0
ACSSF,2012e5,wv,000,0036,0002238,080,54,061,08000US540619098314775010800,"Census Tract 108 (part), Cheat Lake CDP, Eastern district, Monongalia County, West Virginia",0,0,0,0,0,0,0,0,0
ACSSF,2012e5,wv,000,0036,0002239,080,54,061,08000US540619098314775011600,"Census Tract 116 (part), Cheat Lake CDP, Eastern district, Monongalia County, West Virginia",0,0,0,0,0,0,0,0,0
ACSSF,2012e5,wv,000,0036,0002240,080,54,061,08000US540619098314775011700,"Census Tract 117 (part), Cheat Lake CDP, Eastern district, Monongalia County, West Virginia",1190,826,771,55,0,55,364,326,38
ACSSF,2012e5,wv,000,0036,0002241,080,54,061,08000US540619098314775011805,"Census Tract 118.05 (part), Cheat Lake CDP, Eastern district, Monongalia County, West Virginia",212,167,137,30,0,30,45,45,0
ACSSF,2012e5,wv,000,0036,0002242,080,54,061,08000US540619098314775011806,"Census Tract 118.06 (part), Cheat Lake CDP, Eastern district, Monongalia County, West Virginia",1508,1061,971,90,53,37,447,347,100
ACSSF,2012e5,wv,000,0036,0002243,080,54,061,08000US540619098355756010102,"Census Tract 101.02 (part), Morgantown city (part), Eastern district, Monongalia County, West Virginia",0,0,0,0,0,0,0,0,0
ACSSF,2012e5,wv,000,0036,0002244,080,54,061,08000US540619098355756010201,"Census Tract 102.01 (part), Morgantown city (part), Eastern district, Monongalia County, West Virginia",152,18,18,0,0,0,134,123,11
ACSSF,2012e5,wv,000,0036,0002245,080,54,061,08000US540619098355756010202,"Census Tract 102.02 (part), Morgantown city (part), Eastern district, Monongalia County, West Virginia",0,0,0,0,0,0,0,0,0
ACSSF,2012e5,wv,000,0036,0002246,080,54,061,08000US540619098355756010400,"Census Tract 104 (part), Morgantown city (part), Eastern district, Monongalia County, West Virginia",67,9,9,0,0,0,58,51,7
ACSSF,2012e5,wv,000,0036,0002247,080,54,061,08000US540619098355756010600,"Census Tract 106 (part), Morgantown city (part), Eastern district, Monongalia County, West Virginia",195,39,25,14,0,14,156,91,65
ACSSF,2012e5,wv,000,0036,0002248,080,54,061,08000US540619098355756010700,"Census Tract 107 (part), Morgantown city (part), Eastern district, Monongalia County, West Virginia",0,0,0,0,0,0,0,0,0
ACSSF,2012e5,wv,000,0036,0002249,080,54,061,08000US540619098355756010800,"Census Tract 108 (part), Morgantown city (part), Eastern district, Monongalia County, West Virginia",21,21,21,0,0,0,0,0,0
ACSSF,2012e5,wv,000,0036,0002250,080,54,061,08000US540619098355756010902,"Census Tract 109.02 (part), Morgantown city (part), Eastern district, Monongalia County, West Virginia",8,8,8,0,0,0,0,0,0
ACSSF,2012e5,wv,000,0036,0002251,080,54,061,08000US540619098355756011000,"Census Tract 110 (part), Morgantown city (part), Eastern district, Monongalia County, West Virginia",257,108,94,14,0,14,149,125,24
ACSSF,2012e5,wv,000,0036,0002252,080,54,061,08000US540619098355756011600,"Census Tract 116 (part), Morgantown city (part), Eastern district, Monongalia County, West Virginia",14,0,0,0,0,0,14,0,14
ACSSF,2012e5,wv,000,0036,0002253,080,54,061,08000US540619098355756011805,"Census Tract 118.05 (part), Morgantown city (part), Eastern district, Monongalia County, West Virginia",0,0,0,0,0,0,0,0,0
ACSSF,2012e5,wv,000,0036,0002254,080,54,061,08000US540619098355756012000,"Census Tract 120 (part), Morgantown city (part), Eastern district, Monongalia County, West Virginia",0,0,0,0,0,0,0,0,0
ACSSF,2012e5,wv,000,0036,0002255,080,54,061,08000US540619098399999010102,"Census Tract 101.02 (part), Remainder of Eastern district, Eastern district, Monongalia County, West Virginia",0,0,0,0,0,0,0,0,0
ACSSF,2012e5,wv,000,0036,0002256,080,54,061,08000US540619098399999010201,"Census Tract 102.01 (part), Remainder of Eastern district, Eastern district, Monongalia County, West Virginia",1408,321,274,47,37,10,1087,749,338
ACSSF,2012e5,wv,000,0036,0002257,080,54,061,08000US540619098399999010202,"Census Tract 102.02 (part), Remainder of Eastern district, Eastern district, Monongalia County, West Virginia",670,101,89,12,0,12,569,380,189
ACSSF,2012e5,wv,000,0036,0002258,080,54,061,08000US540619098399999010400,"Census Tract 104 (part), Remainder of Eastern district, Eastern district, Monongalia County, West Virginia",181,40,40,0,0,0,141,116,25
ACSSF,2012e5,wv,000,0036,0002259,080,54,061,08000US540619098399999010600,"Census Tract 106 (part), Remainder of Eastern district, Eastern district, Monongalia County, West Virginia",2088,848,556,292,58,234,1240,917,323
ACSSF,2012e5,wv,000,0036,0002260,080,54,061,08000US540619098399999010700,"Census Tract 107 (part), Remainder of Eastern district, Eastern district, Monongalia County, West Virginia",93,49,39,10,10,0,44,27,17
ACSSF,2012e5,wv,000,0036,0002261,080,54,061,08000US540619098399999010800,"Census Tract 108 (part), Remainder of Eastern district, Eastern district, Monongalia County, West Virginia",1587,831,612,219,101,118,756,541,215
ACSSF,2012e5,wv,000,0036,0002262,080,54,061,08000US540619098399999010902,"Census Tract 109.02 (part), Remainder of Eastern district, Eastern district, Monongalia County, West Virginia",448,194,146,48,22,26,254,217,37
ACSSF,2012e5,wv,000,0036,0002263,080,54,061,08000US540619098399999011000,"Census Tract 110 (part), Remainder of Eastern district, Eastern district, Monongalia County, West Virginia",236,109,27,82,0,82,127,97,30
ACSSF,2012e5,wv,000,0036,0002264,080,54,061,08000US540619098399999011100,"Census Tract 111 (part), Remainder of Eastern district, Eastern district, Monongalia County, West Virginia",0,0,0,0,0,0,0,0,0
ACSSF,2012e5,wv,000,0036,0002265,080,54,061,08000US540619098399999011600,"Census Tract 116 (part), Remainder of Eastern district, Eastern district, Monongalia County, West Virginia",2017,1165,975,190,44,146,852,680,172
ACSSF,2012e5,wv,000,0036,0002266,080,54,061,08000US540619098399999011700,"Census Tract 117 (part), Remainder of Eastern district, Eastern district, Monongalia County, West Virginia",169,143,118,25,16,9,26,26,0
ACSSF,2012e5,wv,000,0036,0002267,080,54,061,08000US540619098399999011803,"Census Tract 118.03 (part), Remainder of Eastern district, Eastern district, Monongalia County, West Virginia",202,183,175,8,0,8,19,16,3
ACSSF,2012e5,wv,000,0036,0002268,080,54,061,08000US540619098399999011805,"Census Tract 118.05 (part), Remainder of Eastern district, Eastern district, Monongalia County, West Virginia",72,57,57,0,0,0,15,0,15
ACSSF,2012e5,wv,000,0036,0002269,080,54,061,08000US540619098399999011806,"Census Tract 118.06 (part), Remainder of Eastern district, Eastern district, Monongalia County, West Virginia",135,68,54,14,14,0,67,57,10
ACSSF,2012e5,wv,000,0036,0002270,080,54,061,08000US540619098399999012000,"Census Tract 120 (part), Remainder of Eastern district, Eastern district, Monongalia County, West Virginia",420,178,126,52,52,0,242,184,58
ACSSF,2012e5,wv,000,0036,0002271,080,54,061,08000US540619361208092011400,"Census Tract 114 (part), Blacksville town, Western district, Monongalia County, West Virginia",46,27,17,10,8,2,19,16,3
ACSSF,2012e5,wv,000,0036,0002272,080,54,061,08000US540619361210420011803,"Census Tract 118.03 (part), Brookhaven CDP (part), Western district, Monongalia County, West Virginia",37,14,14,0,0,0,23,23,0
ACSSF,2012e5,wv,000,0036,0002273,080,54,061,08000US540619361213756011500,"Census Tract 115 (part), Cassville CDP, Western district, Monongalia County, West Virginia",256,178,178,0,0,0,78,78,0
ACSSF,2012e5,wv,000,0036,0002274,080,54,061,08000US540619361232932011200,"Census Tract 112 (part), Granville town, Western district, Monongalia County, West Virginia",262,126,75,51,22,29,136,124,12
ACSSF,2012e5,wv,000,0036,0002275,080,54,061,08000US540619361255756010400,"Census Tract 104 (part), Morgantown city (part), Western district, Monongalia County, West Virginia",0,0,0,0,0,0,0,0,0
ACSSF,2012e5,wv,000,0036,0002276,080,54,061,08000US540619361255756011000,"Census Tract 110 (part), Morgantown city (part), Western district, Monongalia County, West Virginia",0,0,0,0,0,0,0,0,0
ACSSF,2012e5,wv,000,0036,0002277,080,54,061,08000US540619361255756011500,"Census Tract 115 (part), Morgantown city (part), Western district, Monongalia County, West Virginia",0,0,0,0,0,0,0,0,0
ACSSF,2012e5,wv,000,0036,0002278,080,54,061,08000US540619361255756011804,"Census Tract 118.04 (part), Morgantown city (part), Western district, Monongalia County, West Virginia",15,15,15,0,0,0,0,0,0
ACSSF,2012e5,wv,000,0036,0002279,080,54,061,08000US540619361262788011400,"Census Tract 114 (part), Pentress CDP, Western district, Monongalia County, West Virginia",43,43,43,0,0,0,0,0,0
ACSSF,2012e5,wv,000,0036,0002280,080,54,061,08000US540619361262788011500,"Census Tract 115 (part), Pentress CDP, Western district, Monongalia County, West Virginia",22,22,22,0,0,0,0,0,0
ACSSF,2012e5,wv,000,0036,0002281,080,54,061,08000US540619361276516010400,"Census Tract 104 (part), Star City town (part), Western district, Monongalia County, West Virginia",0,0,0,0,0,0,0,0,0
ACSSF,2012e5,wv,000,0036,0002282,080,54,061,08000US540619361276516011200,"Census Tract 112 (part), Star City town (part), Western district, Monongalia County, West Virginia",0,0,0,0,0,0,0,0,0
ACSSF,2012e5,wv,000,0036,0002283,080,54,061,08000US540619361276516011500,"Census Tract 115 (part), Star City town (part), Western district, Monongalia County, West Virginia",0,0,0,0,0,0,0,0,0
ACSSF,2012e5,wv,000,0036,0002284,080,54,061,08000US540619361285996011100,"Census Tract 111 (part), Westover city, Western district, Monongalia County, West Virginia",946,507,376,131,27,104,439,389,50
ACSSF,2012e5,wv,000,0036,0002285,080,54,061,08000US540619361285996011200,"Census Tract 112 (part), Westover city, Western district, Monongalia County, West Virginia",632,447,323,124,43,81,185,147,38
ACSSF,2012e5,wv,000,0036,0002286,080,54,061,08000US540619361299999010400,"Census Tract 104 (part), Remainder of Western district, Western district, Monongalia County, West Virginia",0,0,0,0,0,0,0,0,0
ACSSF,2012e5,wv,000,0036,0002287,080,54,061,08000US540619361299999011000,"Census Tract 110 (part), Remainder of Western district, Western district, Monongalia County, West Virginia",287,169,103,66,0,66,118,78,40
ACSSF,2012e5,wv,000,0036,0002288,080,54,061,08000US540619361299999011100,"Census Tract 111 (part), Remainder of Western district, Western district, Monongalia County, West Virginia",228,138,134,4,0,4,90,44,46
ACSSF,2012e5,wv,000,0036,0002289,080,54,061,08000US540619361299999011200,"Census Tract 112 (part), Remainder of Western district, Western district, Monongalia County, West Virginia",56,33,8,25,0,25,23,23,0
ACSSF,2012e5,wv,000,0036,0002290,080,54,061,08000US540619361299999011300,"Census Tract 113, Remainder of Western district, Western district, Monongalia County, West Virginia",1553,1038,785,253,125,128,515,480,35
ACSSF,2012e5,wv,000,0036,0002291,080,54,061,08000US540619361299999011400,"Census Tract 114 (part), Remainder of Western district, Western district, Monongalia County, West Virginia",1167,809,681,128,32,96,358,310,48
ACSSF,2012e5,wv,000,0036,0002292,080,54,061,08000US540619361299999011500,"Census Tract 115 (part), Remainder of Western district, Western district, Monongalia County, West Virginia",1476,1037,809,228,49,179,439,407,32
ACSSF,2012e5,wv,000,0036,0002293,080,54,061,08000US540619361299999011803,"Census Tract 118.03 (part), Remainder of Western district, Western district, Monongalia County, West Virginia",437,331,314,17,0,17,106,89,17
ACSSF,2012e5,wv,000,0036,0002294,080,54,061,08000US540619361299999011804,"Census Tract 118.04 (part), Remainder of Western district, Western district, Monongalia County, West Virginia",1296,963,911,52,0,52,333,231,102
ACSSF,2012e5,wv,000,0036,0002295,080,54,061,08000US540619361299999011900,"Census Tract 119, Remainder of Western district, Western district, Monongalia County, West Virginia",1409,979,882,97,40,57,430,330,100
ACSSF,2012e5,wv,000,0036,0002296,080,54,063,08000US540639045781940950200,"Census Tract 9502 (part), Union town, Central district, Monroe County, West Virginia",268,152,75,77,26,51,116,98,18
ACSSF,2012e5,wv,000,0036,0002297,080,54,063,08000US540639045799999950100,"Census Tract 9501 (part), Remainder of Central district, Central district, Monroe County, West Virginia",82,72,67,5,0,5,10,10,0
ACSSF,2012e5,wv,000,0036,0002298,080,54,063,08000US540639045799999950200,"Census Tract 9502 (part), Remainder of Central district, Central district, Monroe County, West Virginia",1293,893,716,177,53,124,400,312,88
ACSSF,2012e5,wv,000,0036,0002299,080,54,063,08000US540639045799999950300,"Census Tract 9503 (part), Remainder of Central district, Central district, Monroe County, West Virginia",316,228,215,13,13,0,88,54,34
ACSSF,2012e5,wv,000,0036,0002300,080,54,063,08000US540639098400772950200,"Census Tract 9502 (part), Alderson town (part), Eastern district, Monroe County, West Virginia",78,57,29,28,6,22,21,21,0
ACSSF,2012e5,wv,000,0036,0002301,080,54,063,08000US540639098499999950100,"Census Tract 9501 (part), Remainder of Eastern district, Eastern district, Monroe County, West Virginia",1440,1037,875,162,58,104,403,360,43
ACSSF,2012e5,wv,000,0036,0002302,080,54,063,08000US540639098499999950200,"Census Tract 9502 (part), Remainder of Eastern district, Eastern district, Monroe County, West Virginia",285,198,138,60,13,47,87,78,9
ACSSF,2012e5,wv,000,0036,0002303,080,54,063,08000US540639361363052950300,"Census Tract 9503 (part), Peterstown town, Western district, Monroe County, West Virginia",278,154,140,14,6,8,124,121,3
ACSSF,2012e5,wv,000,0036,0002304,080,54,063,08000US540639361399999950200,"Census Tract 9502 (part), Remainder of Western district, Western district, Monroe County, West Virginia",15,8,8,0,0,0,7,0,7
ACSSF,2012e5,wv,000,0036,0002305,080,54,063,08000US540639361399999950300,"Census Tract 9503 (part), Remainder of Western district, Western district, Monroe County, West Virginia",1559,1134,920,214,38,176,425,352,73
ACSSF,2012e5,wv,000,0036,0002306,080,54,065,08000US540659078604876970800,"Census Tract 9708 (part), Bath (Berkeley Springs) town (part), District 1, Morgan County, West Virginia",14,2,2,0,0,0,12,12,0
ACSSF,2012e5,wv,000,0036,0002307,080,54,065,08000US540659078633100970900,"Census Tract 9709 (part), Great Cacapon CDP, District 1, Morgan County, West Virginia",128,96,53,43,0,43,32,16,16
ACSSF,2012e5,wv,000,0036,0002308,080,54,065,08000US540659078662332970900,"Census Tract 9709 (part), Paw Paw town, District 1, Morgan County, West Virginia",205,102,64,38,2,36,103,94,9
ACSSF,2012e5,wv,000,0036,0002309,080,54,065,08000US540659078699999970800,"Census Tract 9708 (part), District Remainder of 1, District 1, Morgan County, West Virginia",519,202,198,4,4,0,317,298,19
ACSSF,2012e5,wv,000,0036,0002310,080,54,065,08000US540659078699999970900,"Census Tract 9709 (part), District Remainder of 1, District 1, Morgan County, West Virginia",861,327,226,101,21,80,534,480,54
ACSSF,2012e5,wv,000,0036,0002311,080,54,065,08000US540659078699999971000,"Census Tract 9710 (part), District Remainder of 1, District 1, Morgan County, West Virginia",571,344,265,79,0,79,227,227,0
ACSSF,2012e5,wv,000,0036,0002312,080,54,065,08000US540659082204876970800,"Census Tract 9708 (part), Bath (Berkeley Springs) town (part), District 2, Morgan County, West Virginia",430,128,80,48,0,48,302,262,40
ACSSF,2012e5,wv,000,0036,0002313,080,54,065,08000US540659082299999970700,"Census Tract 9707 (part), District Remainder of 2, District 2, Morgan County, West Virginia",75,17,17,0,0,0,58,58,0
ACSSF,2012e5,wv,000,0036,0002314,080,54,065,08000US540659082299999970800,"Census Tract 9708 (part), District Remainder of 2, District 2, Morgan County, West Virginia",786,509,396,113,15,98,277,260,17
ACSSF,2012e5,wv,000,0036,0002315,080,54,065,08000US540659082299999971000,"Census Tract 9710 (part), District Remainder of 2, District 2, Morgan County, West Virginia",1257,515,436,79,33,46,742,659,83
ACSSF,2012e5,wv,000,0036,0002316,080,54,065,08000US540659085899999970700,"Census Tract 9707 (part), District 3, District 3, Morgan County, West Virginia",2452,1445,1222,223,98,125,1007,979,28
ACSSF,2012e5,wv,000,0036,0002317,080,54,065,08000US540659085899999970800,"Census Tract 9708 (part), District 3, District 3, Morgan County, West Virginia",0,0,0,0,0,0,0,0,0
ACSSF,2012e5,wv,000,0036,0002318,080,54,065,08000US540659085899999971000,"Census Tract 9710 (part), District 3, District 3, Morgan County, West Virginia",8,8,8,0,0,0,0,0,0
ACSSF,2012e5,wv,000,0036,0002319,080,54,067,08000US540679013218604950400,"Census Tract 9504 (part), Craigsville CDP, Beaver district, Nicholas County, West Virginia",933,679,514,165,38,127,254,254,0
ACSSF,2012e5,wv,000,0036,0002320,080,54,067,08000US540679013227196950500,"Census Tract 9505 (part), Fenwick CDP, Beaver district, Nicholas County, West Virginia",55,51,36,15,15,0,4,0,4
ACSSF,2012e5,wv,000,0036,0002321,080,54,067,08000US540679013268116950500,"Census Tract 9505 (part), Richwood city, Beaver district, Nicholas County, West Virginia",502,326,201,125,48,77,176,176,0
ACSSF,2012e5,wv,000,0036,0002322,080,54,067,08000US540679013268116950600,"Census Tract 9506 (part), Richwood city, Beaver district, Nicholas County, West Virginia",492,327,216,111,19,92,165,131,34
ACSSF,2012e5,wv,000,0036,0002323,080,54,067,08000US540679013280476950100,"Census Tract 9501 (part), Tioga CDP, Beaver district, Nicholas County, West Virginia",24,24,10,14,0,14,0,0,0
ACSSF,2012e5,wv,000,0036,0002324,080,54,067,08000US540679013280476950400,"Census Tract 9504 (part), Tioga CDP, Beaver district, Nicholas County, West Virginia",0,0,0,0,0,0,0,0,0
ACSSF,2012e5,wv,000,0036,0002325,080,54,067,08000US540679013299999950100,"Census Tract 9501 (part), Remainder of Beaver district, Beaver district, Nicholas County, West Virginia",74,49,31,18,18,0,25,25,0
ACSSF,2012e5,wv,000,0036,0002326,080,54,067,08000US540679013299999950400,"Census Tract 9504 (part), Remainder of Beaver district, Beaver district, Nicholas County, West Virginia",887,650,553,97,38,59,237,210,27
ACSSF,2012e5,wv,000,0036,0002327,080,54,067,08000US540679013299999950500,"Census Tract 9505 (part), Remainder of Beaver district, Beaver district, Nicholas County, West Virginia",101,88,82,6,0,6,13,13,0
ACSSF,2012e5,wv,000,0036,0002328,080,54,067,08000US540679013299999950600,"Census Tract 9506 (part), Remainder of Beaver district, Beaver district, Nicholas County, West Virginia",60,16,5,11,0,11,44,44,0
ACSSF,2012e5,wv,000,0036,0002329,080,54,067,08000US540679134499999950200,"Census Tract 9502 (part), Grant district, Grant district, Nicholas County, West Virginia",688,627,389,238,146,92,61,61,0
ACSSF,2012e5,wv,000,0036,0002330,080,54,067,08000US540679134499999950300,"Census Tract 9503 (part), Grant district, Grant district, Nicholas County, West Virginia",0,0,0,0,0,0,0,0,0
ACSSF,2012e5,wv,000,0036,0002331,080,54,067,08000US540679150007756950100,"Census Tract 9501 (part), Birch River CDP, Hamilton district, Nicholas County, West Virginia",43,43,43,0,0,0,0,0,0
ACSSF,2012e5,wv,000,0036,0002332,080,54,067,08000US540679150099999950100,"Census Tract 9501 (part), Remainder of Hamilton district, Hamilton district, Nicholas County, West Virginia",907,727,642,85,73,12,180,145,35
ACSSF,2012e5,wv,000,0036,0002333,080,54,067,08000US540679150099999950200,"Census Tract 9502 (part), Remainder of Hamilton district, Hamilton district, Nicholas County, West Virginia",17,17,17,0,0,0,0,0,0
ACSSF,2012e5,wv,000,0036,0002334,080,54,067,08000US540679150099999950400,"Census Tract 9504 (part), Remainder of Hamilton district, Hamilton district, Nicholas County, West Virginia",94,82,73,9,9,0,12,12,0
ACSSF,2012e5,wv,000,0036,0002335,080,54,067,08000US540679171606052950300,"Census Tract 9503 (part), Belva CDP, Jefferson district, Nicholas County, West Virginia",33,33,22,11,0,11,0,0,0
ACSSF,2012e5,wv,000,0036,0002336,080,54,067,08000US540679171621628950300,"Census Tract 9503 (part), Dixie CDP (part), Jefferson district, Nicholas County, West Virginia",61,61,61,0,0,0,0,0,0
ACSSF,2012e5,wv,000,0036,0002337,080,54,067,08000US540679171699999950200,"Census Tract 9502 (part), Remainder of Jefferson district, Jefferson district, Nicholas County, West Virginia",24,24,24,0,0,0,0,0,0
ACSSF,2012e5,wv,000,0036,0002338,080,54,067,08000US540679171699999950300,"Census Tract 9503 (part), Remainder of Jefferson district, Jefferson district, Nicholas County, West Virginia",394,293,227,66,37,29,101,101,0
ACSSF,2012e5,wv,000,0036,0002339,080,54,067,08000US540679175258180950600,"Census Tract 9506 (part), Nettie CDP, Kentucky district, Nicholas County, West Virginia",358,264,221,43,43,0,94,94,0
ACSSF,2012e5,wv,000,0036,0002340,080,54,067,08000US540679175299999950600,"Census Tract 9506 (part), Remainder of Kentucky district, Kentucky district, Nicholas County, West Virginia",1336,995,841,154,35,119,341,245,96
ACSSF,2012e5,wv,000,0036,0002341,080,54,067,08000US540679307277980950100,"Census Tract 9501 (part), Summersville town (part), Summersville district, Nicholas County, West Virginia",0,0,0,0,0,0,0,0,0
ACSSF,2012e5,wv,000,0036,0002342,080,54,067,08000US540679307277980950200,"Census Tract 9502 (part), Summersville town (part), Summersville district, Nicholas County, West Virginia",1578,1020,916,104,23,81,558,537,21
ACSSF,2012e5,wv,000,0036,0002343,080,54,067,08000US540679307299999950100,"Census Tract 9501 (part), Remainder of Summersville district, Summersville district, Nicholas County, West Virginia",99,57,57,0,0,0,42,9,33
ACSSF,2012e5,wv,000,0036,0002344,080,54,067,08000US540679307299999950200,"Census Tract 9502 (part), Remainder of Summersville district, Summersville district, Nicholas County, West Virginia",508,400,280,120,18,102,108,108,0
ACSSF,2012e5,wv,000,0036,0002345,080,54,067,08000US540679366077980950700,"Census Tract 9507 (part), Summersville town (part), Wilderness district, Nicholas County, West Virginia",0,0,0,0,0,0,0,0,0
ACSSF,2012e5,wv,000,0036,0002346,080,54,067,08000US540679366099999950600,"Census Tract 9506 (part), Remainder of Wilderness district, Wilderness district, Nicholas County, West Virginia",19,0,0,0,0,0,19,19,0
ACSSF,2012e5,wv,000,0036,0002347,080,54,067,08000US540679366099999950700,"Census Tract 9507 (part), Remainder of Wilderness district, Wilderness district, Nicholas County, West Virginia",1079,792,660,132,47,85,287,250,37
ACSSF,2012e5,wv,000,0036,0002348,080,54,069,08000US540699078815916002000,"Census Tract 20 (part), Clearview village, District 1, Ohio County, West Virginia",230,177,164,13,0,13,53,48,5
ACSSF,2012e5,wv,000,0036,0002349,080,54,069,08000US540699078880932001800,"Census Tract 18 (part), Triadelphia town, District 1, Ohio County, West Virginia",10,0,0,0,0,0,10,1,9
ACSSF,2012e5,wv,000,0036,0002350,080,54,069,08000US540699078880932002100,"Census Tract 21 (part), Triadelphia town, District 1, Ohio County, West Virginia",122,67,50,17,2,15,55,45,10
ACSSF,2012e5,wv,000,0036,0002351,080,54,069,08000US540699078880932002200,"Census Tract 22 (part), Triadelphia town, District 1, Ohio County, West Virginia",273,166,136,30,10,20,107,74,33
ACSSF,2012e5,wv,000,0036,0002352,080,54,069,08000US540699078882732002100,"Census Tract 21 (part), Valley Grove village, District 1, Ohio County, West Virginia",122,101,88,13,3,10,21,19,2
ACSSF,2012e5,wv,000,0036,0002353,080,54,069,08000US540699078882732002200,"Census Tract 22 (part), Valley Grove village, District 1, Ohio County, West Virginia",90,66,66,0,0,0,24,14,10
ACSSF,2012e5,wv,000,0036,0002354,080,54,069,08000US540699078885876002000,"Census Tract 20 (part), West Liberty town, District 1, Ohio County, West Virginia",3,3,3,0,0,0,0,0,0
ACSSF,2012e5,wv,000,0036,0002355,080,54,069,08000US540699078885876002100,"Census Tract 21 (part), West Liberty town, District 1, Ohio County, West Virginia",203,84,59,25,4,21,119,49,70
ACSSF,2012e5,wv,000,0036,0002356,080,54,069,08000US540699078886452000200,"Census Tract 2 (part), Wheeling city (part), District 1, Ohio County, West Virginia",1345,869,679,190,52,138,476,416,60
ACSSF,2012e5,wv,000,0036,0002357,080,54,069,08000US540699078886452000400,"Census Tract 4 (part), Wheeling city (part), District 1, Ohio County, West Virginia",13,0,0,0,0,0,13,13,0
ACSSF,2012e5,wv,000,0036,0002358,080,54,069,08000US540699078886452001500,"Census Tract 15 (part), Wheeling city (part), District 1, Ohio County, West Virginia",12,12,12,0,0,0,0,0,0
ACSSF,2012e5,wv,000,0036,0002359,080,54,069,08000US540699078886452001700,"Census Tract 17 (part), Wheeling city (part), District 1, Ohio County, West Virginia",288,188,85,103,3,100,100,100,0
ACSSF,2012e5,wv,000,0036,0002360,080,54,069,08000US540699078886452002000,"Census Tract 20 (part), Wheeling city (part), District 1, Ohio County, West Virginia",277,206,206,0,0,0,71,71,0
ACSSF,2012e5,wv,000,0036,0002361,080,54,069,08000US540699078899999000200,"Census Tract 2 (part), District Remainder of 1, District 1, Ohio County, West Virginia",20,20,13,7,0,7,0,0,0
ACSSF,2012e5,wv,000,0036,0002362,080,54,069,08000US540699078899999000300,"Census Tract 3 (part), District Remainder of 1, District 1, Ohio County, West Virginia",0,0,0,0,0,0,0,0,0
ACSSF,2012e5,wv,000,0036,0002363,080,54,069,08000US540699078899999001500,"Census Tract 15 (part), District Remainder of 1, District 1, Ohio County, West Virginia",39,16,16,0,0,0,23,23,0
ACSSF,2012e5,wv,000,0036,0002364,080,54,069,08000US540699078899999001600,"Census Tract 16 (part), District Remainder of 1, District 1, Ohio County, West Virginia",0,0,0,0,0,0,0,0,0
ACSSF,2012e5,wv,000,0036,0002365,080,54,069,08000US540699078899999001700,"Census Tract 17 (part), District Remainder of 1, District 1, Ohio County, West Virginia",6,6,6,0,0,0,0,0,0
ACSSF,2012e5,wv,000,0036,0002366,080,54,069,08000US540699078899999001800,"Census Tract 18 (part), District Remainder of 1, District 1, Ohio County, West Virginia",183,183,161,22,15,7,0,0,0
ACSSF,2012e5,wv,000,0036,0002367,080,54,069,08000US540699078899999002000,"Census Tract 20 (part), District Remainder of 1, District 1, Ohio County, West Virginia",1443,1043,871,172,17,155,400,368,32
ACSSF,2012e5,wv,000,0036,0002368,080,54,069,08000US540699078899999002100,"Census Tract 21 (part), District Remainder of 1, District 1, Ohio County, West Virginia",858,512,470,42,16,26,346,315,31
ACSSF,2012e5,wv,000,0036,0002369,080,54,069,08000US540699078899999002200,"Census Tract 22 (part), District Remainder of 1, District 1, Ohio County, West Virginia",700,503,416,87,46,41,197,175,22
ACSSF,2012e5,wv,000,0036,0002370,080,54,069,08000US540699082486452000300,"Census Tract 3 (part), Wheeling city (part), District 2, Ohio County, West Virginia",821,457,340,117,71,46,364,345,19
ACSSF,2012e5,wv,000,0036,0002371,080,54,069,08000US540699082486452000400,"Census Tract 4 (part), Wheeling city (part), District 2, Ohio County, West Virginia",583,231,176,55,7,48,352,323,29
ACSSF,2012e5,wv,000,0036,0002372,080,54,069,08000US540699082486452000500,"Census Tract 5, Wheeling city (part), District 2, Ohio County, West Virginia",694,371,240,131,55,76,323,293,30
ACSSF,2012e5,wv,000,0036,0002373,080,54,069,08000US540699082486452000600,"Census Tract 6, Wheeling city (part), District 2, Ohio County, West Virginia",502,219,56,163,16,147,283,232,51
ACSSF,2012e5,wv,000,0036,0002374,080,54,069,08000US540699082486452000700,"Census Tract 7, Wheeling city (part), District 2, Ohio County, West Virginia",378,201,116,85,10,75,177,167,10
ACSSF,2012e5,wv,000,0036,0002375,080,54,069,08000US540699082486452001300,"Census Tract 13 (part), Wheeling city (part), District 2, Ohio County, West Virginia",130,93,49,44,0,44,37,37,0
ACSSF,2012e5,wv,000,0036,0002376,080,54,069,08000US540699082486452001400,"Census Tract 14 (part), Wheeling city (part), District 2, Ohio County, West Virginia",136,72,28,44,0,44,64,49,15
ACSSF,2012e5,wv,000,0036,0002377,080,54,069,08000US540699082486452001500,"Census Tract 15 (part), Wheeling city (part), District 2, Ohio County, West Virginia",1102,614,458,156,35,121,488,412,76
ACSSF,2012e5,wv,000,0036,0002378,080,54,069,08000US540699082486452001600,"Census Tract 16 (part), Wheeling city (part), District 2, Ohio County, West Virginia",359,209,178,31,0,31,150,143,7
ACSSF,2012e5,wv,000,0036,0002379,080,54,069,08000US540699082486452002600,"Census Tract 26 (part), Wheeling city (part), District 2, Ohio County, West Virginia",550,138,65,73,25,48,412,387,25
ACSSF,2012e5,wv,000,0036,0002380,080,54,069,08000US540699082486452002700,"Census Tract 27, Wheeling city (part), District 2, Ohio County, West Virginia",451,101,42,59,14,45,350,345,5
ACSSF,2012e5,wv,000,0036,0002381,080,54,069,08000US540699082499999001300,"Census Tract 13 (part), District Remainder of 2, District 2, Ohio County, West Virginia",192,173,115,58,0,58,19,19,0
ACSSF,2012e5,wv,000,0036,0002382,080,54,069,08000US540699082499999001500,"Census Tract 15 (part), District Remainder of 2, District 2, Ohio County, West Virginia",0,0,0,0,0,0,0,0,0
ACSSF,2012e5,wv,000,0036,0002383,080,54,069,08000US540699082499999002000,"Census Tract 20 (part), District Remainder of 2, District 2, Ohio County, West Virginia",0,0,0,0,0,0,0,0,0
ACSSF,2012e5,wv,000,0036,0002384,080,54,069,08000US540699086206940001800,"Census Tract 18 (part), Bethlehem village, District 3, Ohio County, West Virginia",18,18,18,0,0,0,0,0,0
ACSSF,2012e5,wv,000,0036,0002385,080,54,069,08000US540699086206940001901,"Census Tract 19.01, Bethlehem village, District 3, Ohio County, West Virginia",1014,675,572,103,29,74,339,315,24
ACSSF,2012e5,wv,000,0036,0002386,080,54,069,08000US540699086286452001300,"Census Tract 13 (part), Wheeling city (part), District 3, Ohio County, West Virginia",299,200,129,71,19,52,99,99,0
ACSSF,2012e5,wv,000,0036,0002387,080,54,069,08000US540699086286452001400,"Census Tract 14 (part), Wheeling city (part), District 3, Ohio County, West Virginia",1260,488,401,87,11,76,772,683,89
ACSSF,2012e5,wv,000,0036,0002388,080,54,069,08000US540699086286452001600,"Census Tract 16 (part), Wheeling city (part), District 3, Ohio County, West Virginia",610,304,286,18,0,18,306,299,7
ACSSF,2012e5,wv,000,0036,0002389,080,54,069,08000US540699086286452001700,"Census Tract 17 (part), Wheeling city (part), District 3, Ohio County, West Virginia",400,302,265,37,4,33,98,95,3
ACSSF,2012e5,wv,000,0036,0002390,080,54,069,08000US540699086286452001800,"Census Tract 18 (part), Wheeling city (part), District 3, Ohio County, West Virginia",1924,1075,723,352,40,312,849,717,132
ACSSF,2012e5,wv,000,0036,0002391,080,54,069,08000US540699086286452002200,"Census Tract 22 (part), Wheeling city (part), District 3, Ohio County, West Virginia",0,0,0,0,0,0,0,0,0
ACSSF,2012e5,wv,000,0036,0002392,080,54,069,08000US540699086286452002600,"Census Tract 26 (part), Wheeling city (part), District 3, Ohio County, West Virginia",486,337,187,150,12,138,149,128,21
ACSSF,2012e5,wv,000,0036,0002393,080,54,069,08000US540699086299999001300,"Census Tract 13 (part), District Remainder of 3, District 3, Ohio County, West Virginia",56,38,26,12,0,12,18,18,0
ACSSF,2012e5,wv,000,0036,0002394,080,54,069,08000US540699086299999001600,"Census Tract 16 (part), District Remainder of 3, District 3, Ohio County, West Virginia",0,0,0,0,0,0,0,0,0
ACSSF,2012e5,wv,000,0036,0002395,080,54,069,08000US540699086299999001800,"Census Tract 18 (part), District Remainder of 3, District 3, Ohio County, West Virginia",294,248,239,9,0,9,46,46,0
ACSSF,2012e5,wv,000,0036,0002396,080,54,069,08000US540699086299999002000,"Census Tract 20 (part), District Remainder of 3, District 3, Ohio County, West Virginia",12,12,0,12,0,12,0,0,0
ACSSF,2012e5,wv,000,0036,0002397,080,54,071,08000US540719046229044970500,"Census Tract 9705 (part), Franklin town, Central district, Pendleton County, West Virginia",329,166,109,57,8,49,163,147,16
ACSSF,2012e5,wv,000,0036,0002398,080,54,071,08000US540719046299999970400,"Census Tract 9704 (part), Remainder of Central district, Central district, Pendleton County, West Virginia",0,0,0,0,0,0,0,0,0
ACSSF,2012e5,wv,000,0036,0002399,080,54,071,08000US540719046299999970500,"Census Tract 9705 (part), Remainder of Central district, Central district, Pendleton County, West Virginia",708,510,453,57,10,47,198,149,49
ACSSF,2012e5,wv,000,0036,0002400,080,54,071,08000US540719046299999970600,"Census Tract 9706 (part), Remainder of Central district, Central district, Pendleton County, West Virginia",20,20,5,15,10,5,0,0,0
ACSSF,2012e5,wv,000,0036,0002401,080,54,071,08000US540719098709868970600,"Census Tract 9706 (part), Brandywine CDP, Eastern district, Pendleton County, West Virginia",105,85,47,38,10,28,20,20,0
ACSSF,2012e5,wv,000,0036,0002402,080,54,071,08000US540719098799999970500,"Census Tract 9705 (part), Remainder of Eastern district, Eastern district, Pendleton County, West Virginia",211,96,74,22,22,0,115,109,6
ACSSF,2012e5,wv,000,0036,0002403,080,54,071,08000US540719098799999970600,"Census Tract 9706 (part), Remainder of Eastern district, Eastern district, Pendleton County, West Virginia",802,484,398,86,20,66,318,265,53
ACSSF,2012e5,wv,000,0036,0002404,080,54,071,08000US540719361599999970400,"Census Tract 9704 (part), Western district, Western district, Pendleton County, West Virginia",800,544,483,61,13,48,256,234,22
ACSSF,2012e5,wv,000,0036,0002405,080,54,071,08000US540719361599999970500,"Census Tract 9705 (part), Western district, Western district, Pendleton County, West Virginia",380,202,169,33,17,16,178,178,0
ACSSF,2012e5,wv,000,0036,0002406,080,54,073,08000US540739089206004962200,"Census Tract 9622 (part), Belmont city, District A, Pleasants County, West Virginia",426,255,209,46,7,39,171,161,10
ACSSF,2012e5,wv,000,0036,0002407,080,54,073,08000US540739089299999962200,"Census Tract 9622 (part), District Remainder of A, District A, Pleasants County, West Virginia",294,190,183,7,0,7,104,53,51
ACSSF,2012e5,wv,000,0036,0002408,080,54,073,08000US540739089499999962100,"Census Tract 9621 (part), District B, District B, Pleasants County, West Virginia",335,209,199,10,0,10,126,114,12
ACSSF,2012e5,wv,000,0036,0002409,080,54,073,08000US540739089499999962200,"Census Tract 9622 (part), District B, District B, Pleasants County, West Virginia",331,261,219,42,30,12,70,70,0
ACSSF,2012e5,wv,000,0036,0002410,080,54,073,08000US540739089671356962100,"Census Tract 9621 (part), St. Marys city (part), District C, Pleasants County, West Virginia",49,15,11,4,0,4,34,34,0
ACSSF,2012e5,wv,000,0036,0002411,080,54,073,08000US540739089671356962200,"Census Tract 9622 (part), St. Marys city (part), District C, Pleasants County, West Virginia",655,438,325,113,21,92,217,195,22
ACSSF,2012e5,wv,000,0036,0002412,080,54,073,08000US540739089699999962100,"Census Tract 9621 (part), District Remainder of C, District C, Pleasants County, West Virginia",51,45,36,9,0,9,6,6,0
ACSSF,2012e5,wv,000,0036,0002413,080,54,073,08000US540739089699999962200,"Census Tract 9622 (part), District Remainder of C, District C, Pleasants County, West Virginia",0,0,0,0,0,0,0,0,0
ACSSF,2012e5,wv,000,0036,0002414,080,54,073,08000US540739089871356962100,"Census Tract 9621 (part), St. Marys city (part), District D, Pleasants County, West Virginia",127,84,69,15,0,15,43,35,8
ACSSF,2012e5,wv,000,0036,0002415,080,54,073,08000US540739089899999962100,"Census Tract 9621 (part), District Remainder of D, District D, Pleasants County, West Virginia",458,345,296,49,10,39,113,93,20
ACSSF,2012e5,wv,000,0036,0002416,080,54,073,08000US540739089899999962200,"Census Tract 9622 (part), District Remainder of D, District D, Pleasants County, West Virginia",0,0,0,0,0,0,0,0,0
ACSSF,2012e5,wv,000,0036,0002417,080,54,075,08000US540759099651676960200,"Census Tract 9602 (part), Marlinton town (part), Edray district, Pocahontas County, West Virginia",506,261,135,126,44,82,245,194,51
ACSSF,2012e5,wv,000,0036,0002418,080,54,075,08000US540759099651676960300,"Census Tract 9603 (part), Marlinton town (part), Edray district, Pocahontas County, West Virginia",21,18,13,5,0,5,3,3,0
ACSSF,2012e5,wv,000,0036,0002419,080,54,075,08000US540759099699999960102,"Census Tract 9601.02 (part), Remainder of Edray district, Edray district, Pocahontas County, West Virginia",21,0,0,0,0,0,21,9,12
ACSSF,2012e5,wv,000,0036,0002420,080,54,075,08000US540759099699999960200,"Census Tract 9602 (part), Remainder of Edray district, Edray district, Pocahontas County, West Virginia",667,511,448,63,34,29,156,149,7
ACSSF,2012e5,wv,000,0036,0002421,080,54,075,08000US540759099699999960300,"Census Tract 9603 (part), Remainder of Edray district, Edray district, Pocahontas County, West Virginia",198,156,119,37,11,26,42,42,0
ACSSF,2012e5,wv,000,0036,0002422,080,54,075,08000US540759141604780960101,"Census Tract 9601.01 (part), Bartow CDP, Greenbank district, Pocahontas County, West Virginia",92,54,54,0,0,0,38,38,0
ACSSF,2012e5,wv,000,0036,0002423,080,54,075,08000US540759141613684960102,"Census Tract 9601.02 (part), Cass CDP, Greenbank district, Pocahontas County, West Virginia",0,0,0,0,0,0,0,0,0
ACSSF,2012e5,wv,000,0036,0002424,080,54,075,08000US540759141613684960200,"Census Tract 9602 (part), Cass CDP, Greenbank district, Pocahontas County, West Virginia",0,0,0,0,0,0,0,0,0
ACSSF,2012e5,wv,000,0036,0002425,080,54,075,08000US540759141622852960102,"Census Tract 9601.02 (part), Durbin town, Greenbank district, Pocahontas County, West Virginia",133,86,66,20,5,15,47,37,10
ACSSF,2012e5,wv,000,0036,0002426,080,54,075,08000US540759141628948960102,"Census Tract 9601.02 (part), Frank CDP, Greenbank district, Pocahontas County, West Virginia",24,14,0,14,4,10,10,10,0
ACSSF,2012e5,wv,000,0036,0002427,080,54,075,08000US540759141633124960101,"Census Tract 9601.01 (part), Green Bank CDP, Greenbank district, Pocahontas County, West Virginia",60,60,60,0,0,0,0,0,0
ACSSF,2012e5,wv,000,0036,0002428,080,54,075,08000US540759141633124960102,"Census Tract 9601.02 (part), Green Bank CDP, Greenbank district, Pocahontas County, West Virginia",0,0,0,0,0,0,0,0,0
ACSSF,2012e5,wv,000,0036,0002429,080,54,075,08000US540759141699999960101,"Census Tract 9601.01 (part), Remainder of Greenbank district, Greenbank district, Pocahontas County, West Virginia",431,322,322,0,0,0,109,98,11
ACSSF,2012e5,wv,000,0036,0002430,080,54,075,08000US540759141699999960102,"Census Tract 9601.02 (part), Remainder of Greenbank district, Greenbank district, Pocahontas County, West Virginia",308,195,152,43,29,14,113,93,20
ACSSF,2012e5,wv,000,0036,0002431,080,54,075,08000US540759141699999960200,"Census Tract 9602 (part), Remainder of Greenbank district, Greenbank district, Pocahontas County, West Virginia",71,50,50,0,0,0,21,21,0
ACSSF,2012e5,wv,000,0036,0002432,080,54,075,08000US540759165639412960200,"Census Tract 9602 (part), Huntersville CDP, Huntersville district, Pocahontas County, West Virginia",133,83,69,14,0,14,50,50,0
ACSSF,2012e5,wv,000,0036,0002433,080,54,075,08000US540759165651676960200,"Census Tract 9602 (part), Marlinton town (part), Huntersville district, Pocahontas County, West Virginia",14,11,8,3,0,3,3,3,0
ACSSF,2012e5,wv,000,0036,0002434,080,54,075,08000US540759165699999960101,"Census Tract 9601.01 (part), Remainder of Huntersville district, Huntersville district, Pocahontas County, West Virginia",37,19,0,19,19,0,18,6,12
ACSSF,2012e5,wv,000,0036,0002435,080,54,075,08000US540759165699999960200,"Census Tract 9602 (part), Remainder of Huntersville district, Huntersville district, Pocahontas County, West Virginia",338,224,205,19,0,19,114,101,13
ACSSF,2012e5,wv,000,0036,0002436,080,54,075,08000US540759165699999960300,"Census Tract 9603 (part), Remainder of Huntersville district, Huntersville district, Pocahontas County, West Virginia",14,14,14,0,0,0,0,0,0
ACSSF,2012e5,wv,000,0036,0002437,080,54,075,08000US540759194437372960300,"Census Tract 9603 (part), Hillsboro town, Little Levels district, Pocahontas County, West Virginia",101,54,36,18,7,11,47,44,3
ACSSF,2012e5,wv,000,0036,0002438,080,54,075,08000US540759194499999960200,"Census Tract 9602 (part), Remainder of Little Levels district, Little Levels district, Pocahontas County, West Virginia",12,12,12,0,0,0,0,0,0
ACSSF,2012e5,wv,000,0036,0002439,080,54,075,08000US540759194499999960300,"Census Tract 9603 (part), Remainder of Little Levels district, Little Levels district, Pocahontas County, West Virginia",602,401,347,54,20,34,201,174,27
ACSSF,2012e5,wv,000,0036,0002440,080,54,077,08000US540779109603460964200,"Census Tract 9642 (part), Aurora CDP, Fifth district, Preston County, West Virginia",110,78,78,0,0,0,32,18,14
ACSSF,2012e5,wv,000,0036,0002441,080,54,077,08000US540779109658300964400,"Census Tract 9644 (part), Newburg town (part), Fifth district, Preston County, West Virginia",111,90,77,13,0,13,21,21,0
ACSSF,2012e5,wv,000,0036,0002442,080,54,077,08000US540779109670588964500,"Census Tract 9645 (part), Rowlesburg town (part), Fifth district, Preston County, West Virginia",248,162,141,21,0,21,86,76,10
ACSSF,2012e5,wv,000,0036,0002443,080,54,077,08000US540779109681268964400,"Census Tract 9644 (part), Tunnelton town, Fifth district, Preston County, West Virginia",84,61,46,15,2,13,23,17,6
ACSSF,2012e5,wv,000,0036,0002444,080,54,077,08000US540779109681268964500,"Census Tract 9645 (part), Tunnelton town, Fifth district, Preston County, West Virginia",52,37,33,4,0,4,15,15,0
ACSSF,2012e5,wv,000,0036,0002445,080,54,077,08000US540779109699999964200,"Census Tract 9642 (part), Remainder of Fifth district, Fifth district, Preston County, West Virginia",502,417,333,84,0,84,85,59,26
ACSSF,2012e5,wv,000,0036,0002446,080,54,077,08000US540779109699999964300,"Census Tract 9643 (part), Remainder of Fifth district, Fifth district, Preston County, West Virginia",12,12,12,0,0,0,0,0,0
ACSSF,2012e5,wv,000,0036,0002447,080,54,077,08000US540779109699999964400,"Census Tract 9644 (part), Remainder of Fifth district, Fifth district, Preston County, West Virginia",427,265,219,46,20,26,162,153,9
ACSSF,2012e5,wv,000,0036,0002448,080,54,077,08000US540779109699999964500,"Census Tract 9645 (part), Remainder of Fifth district, Fifth district, Preston County, West Virginia",795,623,560,63,43,20,172,126,46
ACSSF,2012e5,wv,000,0036,0002449,080,54,077,08000US540779110010852963800,"Census Tract 9638 (part), Bruceton Mills town, First district, Preston County, West Virginia",34,28,13,15,7,8,6,6,0
ACSSF,2012e5,wv,000,0036,0002450,080,54,077,08000US540779110052228963900,"Census Tract 9639 (part), Masontown town, First district, Preston County, West Virginia",371,245,199,46,12,34,126,96,30
ACSSF,2012e5,wv,000,0036,0002451,080,54,077,08000US540779110067636963900,"Census Tract 9639 (part), Reedsville town, First district, Preston County, West Virginia",52,52,52,0,0,0,0,0,0
ACSSF,2012e5,wv,000,0036,0002452,080,54,077,08000US540779110067636964300,"Census Tract 9643 (part), Reedsville town, First district, Preston County, West Virginia",188,103,77,26,3,23,85,74,11
ACSSF,2012e5,wv,000,0036,0002453,080,54,077,08000US540779110099999963800,"Census Tract 9638 (part), Remainder of First district, First district, Preston County, West Virginia",470,353,311,42,25,17,117,83,34
ACSSF,2012e5,wv,000,0036,0002454,080,54,077,08000US540779110099999963900,"Census Tract 9639 (part), Remainder of First district, First district, Preston County, West Virginia",958,683,556,127,24,103,275,195,80
ACSSF,2012e5,wv,000,0036,0002455,080,54,077,08000US540779110099999964300,"Census Tract 9643 (part), Remainder of First district, First district, Preston County, West Virginia",637,517,392,125,46,79,120,107,13
ACSSF,2012e5,wv,000,0036,0002456,080,54,077,08000US540779113400748964100,"Census Tract 9641 (part), Albright town, Fourth district, Preston County, West Virginia",114,95,85,10,5,5,19,19,0
ACSSF,2012e5,wv,000,0036,0002457,080,54,077,08000US540779113444044964000,"Census Tract 9640 (part), Kingwood city (part), Fourth district, Preston County, West Virginia",522,233,203,30,0,30,289,265,24
ACSSF,2012e5,wv,000,0036,0002458,080,54,077,08000US540779113444044964300,"Census Tract 9643 (part), Kingwood city (part), Fourth district, Preston County, West Virginia",211,114,94,20,0,20,97,97,0
ACSSF,2012e5,wv,000,0036,0002459,080,54,077,08000US540779113470588964200,"Census Tract 9642 (part), Rowlesburg town (part), Fourth district, Preston County, West Virginia",83,64,55,9,7,2,19,7,12
ACSSF,2012e5,wv,000,0036,0002460,080,54,077,08000US540779113479708964100,"Census Tract 9641 (part), Terra Alta town (part), Fourth district, Preston County, West Virginia",207,143,129,14,0,14,64,50,14
ACSSF,2012e5,wv,000,0036,0002461,080,54,077,08000US540779113479708964200,"Census Tract 9642 (part), Terra Alta town (part), Fourth district, Preston County, West Virginia",307,226,151,75,34,41,81,68,13
ACSSF,2012e5,wv,000,0036,0002462,080,54,077,08000US540779113499999963900,"Census Tract 9639 (part), Remainder of Fourth district, Fourth district, Preston County, West Virginia",0,0,0,0,0,0,0,0,0
ACSSF,2012e5,wv,000,0036,0002463,080,54,077,08000US540779113499999964000,"Census Tract 9640 (part), Remainder of Fourth district, Fourth district, Preston County, West Virginia",55,45,45,0,0,0,10,10,0
ACSSF,2012e5,wv,000,0036,0002464,080,54,077,08000US540779113499999964100,"Census Tract 9641 (part), Remainder of Fourth district, Fourth district, Preston County, West Virginia",297,180,157,23,0,23,117,101,16
ACSSF,2012e5,wv,000,0036,0002465,080,54,077,08000US540779113499999964200,"Census Tract 9642 (part), Remainder of Fourth district, Fourth district, Preston County, West Virginia",540,368,295,73,4,69,172,152,20
ACSSF,2012e5,wv,000,0036,0002466,080,54,077,08000US540779113499999964300,"Census Tract 9643 (part), Remainder of Fourth district, Fourth district, Preston County, West Virginia",62,29,29,0,0,0,33,24,9
ACSSF,2012e5,wv,000,0036,0002467,080,54,077,08000US540779274209844963800,"Census Tract 9638 (part), Brandonville town, Second district, Preston County, West Virginia",71,59,50,9,1,8,12,12,0
ACSSF,2012e5,wv,000,0036,0002468,080,54,077,08000US540779274279708964100,"Census Tract 9641 (part), Terra Alta town (part), Second district, Preston County, West Virginia",131,86,36,50,20,30,45,36,9
ACSSF,2012e5,wv,000,0036,0002469,080,54,077,08000US540779274279708964200,"Census Tract 9642 (part), Terra Alta town (part), Second district, Preston County, West Virginia",99,71,45,26,17,9,28,25,3
ACSSF,2012e5,wv,000,0036,0002470,080,54,077,08000US540779274299999963800,"Census Tract 9638 (part), Remainder of Second district, Second district, Preston County, West Virginia",1191,694,626,68,30,38,497,358,139
ACSSF,2012e5,wv,000,0036,0002471,080,54,077,08000US540779274299999964100,"Census Tract 9641 (part), Remainder of Second district, Second district, Preston County, West Virginia",1020,752,680,72,44,28,268,257,11
ACSSF,2012e5,wv,000,0036,0002472,080,54,077,08000US540779274299999964200,"Census Tract 9642 (part), Remainder of Second district, Second district, Preston County, West Virginia",38,29,13,16,16,0,9,9,0
ACSSF,2012e5,wv,000,0036,0002473,080,54,077,08000US540779310244044964000,"Census Tract 9640 (part), Kingwood city (part), Third district, Preston County, West Virginia",650,467,390,77,0,77,183,171,12
ACSSF,2012e5,wv,000,0036,0002474,080,54,077,08000US540779310258300964400,"Census Tract 9644 (part), Newburg town (part), Third district, Preston County, West Virginia",96,69,27,42,38,4,27,19,8
ACSSF,2012e5,wv,000,0036,0002475,080,54,077,08000US540779310299999963900,"Census Tract 9639 (part), Remainder of Third district, Third district, Preston County, West Virginia",235,171,117,54,31,23,64,64,0
ACSSF,2012e5,wv,000,0036,0002476,080,54,077,08000US540779310299999964000,"Census Tract 9640 (part), Remainder of Third district, Third district, Preston County, West Virginia",511,322,234,88,63,25,189,109,80
ACSSF,2012e5,wv,000,0036,0002477,080,54,077,08000US540779310299999964300,"Census Tract 9643 (part), Remainder of Third district, Third district, Preston County, West Virginia",726,440,266,174,56,118,286,261,25
ACSSF,2012e5,wv,000,0036,0002478,080,54,077,08000US540779310299999964400,"Census Tract 9644 (part), Remainder of Third district, Third district, Preston County, West Virginia",563,508,436,72,45,27,55,55,0
ACSSF,2012e5,wv,000,0036,0002479,080,54,079,08000US540799029211284020200,"Census Tract 202 (part), Buffalo town, Buffalo-Union district, Putnam County, West Virginia",511,331,273,58,26,32,180,138,42
ACSSF,2012e5,wv,000,0036,0002480,080,54,079,08000US540799029211284020300,"Census Tract 203 (part), Buffalo town, Buffalo-Union district, Putnam County, West Virginia",0,0,0,0,0,0,0,0,0
ACSSF,2012e5,wv,000,0036,0002481,080,54,079,08000US540799029224292020200,"Census Tract 202 (part), Eleanor town, Buffalo-Union district, Putnam County, West Virginia",788,591,492,99,18,81,197,146,51
ACSSF,2012e5,wv,000,0036,0002482,080,54,079,08000US540799029238260020100,"Census Tract 201 (part), Hometown CDP, Buffalo-Union district, Putnam County, West Virginia",215,184,135,49,0,49,31,31,0
ACSSF,2012e5,wv,000,0036,0002483,080,54,079,08000US540799029239532020300,"Census Tract 203 (part), Hurricane city (part), Buffalo-Union district, Putnam County, West Virginia",61,49,41,8,8,0,12,12,0
ACSSF,2012e5,wv,000,0036,0002484,080,54,079,08000US540799029299999020100,"Census Tract 201 (part), Remainder of Buffalo-Union district, Buffalo-Union district, Putnam County, West Virginia",964,837,658,179,66,113,127,71,56
ACSSF,2012e5,wv,000,0036,0002485,080,54,079,08000US540799029299999020200,"Census Tract 202 (part), Remainder of Buffalo-Union district, Buffalo-Union district, Putnam County, West Virginia",838,686,490,196,45,151,152,84,68
ACSSF,2012e5,wv,000,0036,0002486,080,54,079,08000US540799029299999020300,"Census Tract 203 (part), Remainder of Buffalo-Union district, Buffalo-Union district, Putnam County, West Virginia",775,633,476,157,56,101,142,133,9
ACSSF,2012e5,wv,000,0036,0002487,080,54,079,08000US540799072019516020603,"Census Tract 206.03 (part), Culloden CDP (part), Curry district, Putnam County, West Virginia",81,66,32,34,10,24,15,15,0
ACSSF,2012e5,wv,000,0036,0002488,080,54,079,08000US540799072019516020700,"Census Tract 207 (part), Culloden CDP (part), Curry district, Putnam County, West Virginia",0,0,0,0,0,0,0,0,0
ACSSF,2012e5,wv,000,0036,0002489,080,54,079,08000US540799072039532020603,"Census Tract 206.03 (part), Hurricane city (part), Curry district, Putnam County, West Virginia",1471,1116,822,294,44,250,355,336,19
ACSSF,2012e5,wv,000,0036,0002490,080,54,079,08000US540799072039532020604,"Census Tract 206.04 (part), Hurricane city (part), Curry district, Putnam County, West Virginia",0,0,0,0,0,0,0,0,0
ACSSF,2012e5,wv,000,0036,0002491,080,54,079,08000US540799072039532020700,"Census Tract 207 (part), Hurricane city (part), Curry district, Putnam County, West Virginia",108,108,93,15,15,0,0,0,0
ACSSF,2012e5,wv,000,0036,0002492,080,54,079,08000US540799072099999020603,"Census Tract 206.03 (part), Remainder of Curry district, Curry district, Putnam County, West Virginia",297,211,184,27,15,12,86,86,0
ACSSF,2012e5,wv,000,0036,0002493,080,54,079,08000US540799072099999020700,"Census Tract 207 (part), Remainder of Curry district, Curry district, Putnam County, West Virginia",1624,1208,1013,195,11,184,416,338,78
ACSSF,2012e5,wv,000,0036,0002494,080,54,079,08000US540799250804204020100,"Census Tract 201 (part), Bancroft town, Pocatalico district, Putnam County, West Virginia",342,214,76,138,77,61,128,120,8
ACSSF,2012e5,wv,000,0036,0002495,080,54,079,08000US540799250859068020500,"Census Tract 205 (part), Nitro city (part), Pocatalico district, Putnam County, West Virginia",481,325,242,83,22,61,156,105,51
ACSSF,2012e5,wv,000,0036,0002496,080,54,079,08000US540799250864516020100,"Census Tract 201 (part), Poca town (part), Pocatalico district, Putnam County, West Virginia",0,0,0,0,0,0,0,0,0
ACSSF,2012e5,wv,000,0036,0002497,080,54,079,08000US540799250864516020500,"Census Tract 205 (part), Poca town (part), Pocatalico district, Putnam County, West Virginia",531,415,306,109,42,67,116,101,15
ACSSF,2012e5,wv,000,0036,0002498,080,54,079,08000US540799250899999020100,"Census Tract 201 (part), Remainder of Pocatalico district, Pocatalico district, Putnam County, West Virginia",516,350,262,88,10,78,166,166,0
ACSSF,2012e5,wv,000,0036,0002499,080,54,079,08000US540799250899999020500,"Census Tract 205 (part), Remainder of Pocatalico district, Pocatalico district, Putnam County, West Virginia",1508,902,665,237,56,181,606,542,64
ACSSF,2012e5,wv,000,0036,0002500,080,54,079,08000US540799273639532020300,"Census Tract 203 (part), Hurricane city (part), Scott district, Putnam County, West Virginia",8,8,8,0,0,0,0,0,0
ACSSF,2012e5,wv,000,0036,0002501,080,54,079,08000US540799273659068020400,"Census Tract 204 (part), Nitro city (part), Scott district, Putnam County, West Virginia",0,0,0,0,0,0,0,0,0
ACSSF,2012e5,wv,000,0036,0002502,080,54,079,08000US540799273659068020601,"Census Tract 206.01 (part), Nitro city (part), Scott district, Putnam County, West Virginia",0,0,0,0,0,0,0,0,0
ACSSF,2012e5,wv,000,0036,0002503,080,54,079,08000US540799273664516020400,"Census Tract 204 (part), Poca town (part), Scott district, Putnam County, West Virginia",0,0,0,0,0,0,0,0,0
ACSSF,2012e5,wv,000,0036,0002504,080,54,079,08000US540799273679545020300,"Census Tract 203 (part), Teays Valley CDP (part), Scott district, Putnam County, West Virginia",0,0,0,0,0,0,0,0,0
ACSSF,2012e5,wv,000,0036,0002505,080,54,079,08000US540799273679545020601,"Census Tract 206.01 (part), Teays Valley CDP (part), Scott district, Putnam County, West Virginia",915,724,628,96,14,82,191,133,58
ACSSF,2012e5,wv,000,0036,0002506,080,54,079,08000US540799273687988020400,"Census Tract 204 (part), Winfield town, Scott district, Putnam County, West Virginia",1005,725,593,132,22,110,280,241,39
ACSSF,2012e5,wv,000,0036,0002507,080,54,079,08000US540799273699999020300,"Census Tract 203 (part), Remainder of Scott district, Scott district, Putnam County, West Virginia",770,639,528,111,34,77,131,125,6
ACSSF,2012e5,wv,000,0036,0002508,080,54,079,08000US540799273699999020400,"Census Tract 204 (part), Remainder of Scott district, Scott district, Putnam County, West Virginia",1413,993,900,93,28,65,420,353,67
ACSSF,2012e5,wv,000,0036,0002509,080,54,079,08000US540799273699999020603,"Census Tract 206.03 (part), Remainder of Scott district, Scott district, Putnam County, West Virginia",213,168,64,104,14,90,45,32,13
ACSSF,2012e5,wv,000,0036,0002510,080,54,079,08000US540799309039532020603,"Census Tract 206.03 (part), Hurricane city (part), Teays district, Putnam County, West Virginia",59,50,50,0,0,0,9,9,0
ACSSF,2012e5,wv,000,0036,0002511,080,54,079,08000US540799309039532020604,"Census Tract 206.04 (part), Hurricane city (part), Teays district, Putnam County, West Virginia",99,99,82,17,17,0,0,0,0
ACSSF,2012e5,wv,000,0036,0002512,080,54,079,08000US540799309039532020605,"Census Tract 206.05 (part), Hurricane city (part), Teays district, Putnam County, West Virginia",508,401,377,24,0,24,107,97,10
ACSSF,2012e5,wv,000,0036,0002513,080,54,079,08000US540799309079545020601,"Census Tract 206.01 (part), Teays Valley CDP (part), Teays district, Putnam County, West Virginia",1202,826,674,152,24,128,376,337,39
ACSSF,2012e5,wv,000,0036,0002514,080,54,079,08000US540799309079545020604,"Census Tract 206.04 (part), Teays Valley CDP (part), Teays district, Putnam County, West Virginia",874,744,661,83,27,56,130,130,0
ACSSF,2012e5,wv,000,0036,0002515,080,54,079,08000US540799309079545020605,"Census Tract 206.05 (part), Teays Valley CDP (part), Teays district, Putnam County, West Virginia",2292,1591,1518,73,26,47,701,574,127
ACSSF,2012e5,wv,000,0036,0002516,080,54,079,08000US540799309099999020603,"Census Tract 206.03 (part), Remainder of Teays district, Teays district, Putnam County, West Virginia",481,449,369,80,16,64,32,32,0
ACSSF,2012e5,wv,000,0036,0002517,080,54,079,08000US540799309099999020604,"Census Tract 206.04 (part), Remainder of Teays district, Teays district, Putnam County, West Virginia",45,36,20,16,16,0,9,9,0
ACSSF,2012e5,wv,000,0036,0002518,080,54,079,08000US540799309099999020605,"Census Tract 206.05 (part), Remainder of Teays district, Teays district, Putnam County, West Virginia",135,135,135,0,0,0,0,0,0
ACSSF,2012e5,wv,000,0036,0002519,080,54,079,08000US540799309099999020700,"Census Tract 207 (part), Remainder of Teays district, Teays district, Putnam County, West Virginia",0,0,0,0,0,0,0,0,0
ACSSF,2012e5,wv,000,0036,0002520,080,54,081,08000US540819079205332000600,"Census Tract 6 (part), Beckley city (part), District 1, Raleigh County, West Virginia",0,0,0,0,0,0,0,0,0
ACSSF,2012e5,wv,000,0036,0002521,080,54,081,08000US540819079205332000700,"Census Tract 7 (part), Beckley city (part), District 1, Raleigh County, West Virginia",0,0,0,0,0,0,0,0,0
ACSSF,2012e5,wv,000,0036,0002522,080,54,081,08000US540819079205332001300,"Census Tract 13 (part), Beckley city (part), District 1, Raleigh County, West Virginia",0,0,0,0,0,0,0,0,0
ACSSF,2012e5,wv,000,0036,0002523,080,54,081,08000US540819079208956001100,"Census Tract 11 (part), Bolt CDP, District 1, Raleigh County, West Virginia",167,125,125,0,0,0,42,34,8
ACSSF,2012e5,wv,000,0036,0002524,080,54,081,08000US540819079216516000900,"Census Tract 9 (part), Coal City CDP, District 1, Raleigh County, West Virginia",623,452,413,39,0,39,171,154,17
ACSSF,2012e5,wv,000,0036,0002525,080,54,081,08000US540819079218508001001,"Census Tract 10.01 (part), Crab Orchard CDP, District 1, Raleigh County, West Virginia",1201,836,724,112,42,70,365,310,55
ACSSF,2012e5,wv,000,0036,0002526,080,54,081,08000US540819079223644001300,"Census Tract 13 (part), Eccles CDP, District 1, Raleigh County, West Virginia",108,15,15,0,0,0,93,44,49
ACSSF,2012e5,wv,000,0036,0002527,080,54,081,08000US540819079230724000900,"Census Tract 9 (part), Ghent CDP, District 1, Raleigh County, West Virginia",209,154,116,38,0,38,55,35,20
ACSSF,2012e5,wv,000,0036,0002528,080,54,081,08000US540819079232068001100,"Census Tract 11 (part), Glen White CDP, District 1, Raleigh County, West Virginia",230,122,122,0,0,0,108,108,0
ACSSF,2012e5,wv,000,0036,0002529,080,54,081,08000US540819079236292000900,"Census Tract 9 (part), Helen CDP, District 1, Raleigh County, West Virginia",57,57,0,57,0,57,0,0,0
ACSSF,2012e5,wv,000,0036,0002530,080,54,081,08000US540819079246468001100,"Census Tract 11 (part), Lester town, District 1, Raleigh County, West Virginia",139,98,56,42,2,40,41,40,1
ACSSF,2012e5,wv,000,0036,0002531,080,54,081,08000US540819079249492000700,"Census Tract 7 (part), Mabscott town (part), District 1, Raleigh County, West Virginia",522,351,299,52,0,52,171,133,38
ACSSF,2012e5,wv,000,0036,0002532,080,54,081,08000US540819079249564000700,"Census Tract 7 (part), MacArthur CDP (part), District 1, Raleigh County, West Virginia",757,455,270,185,110,75,302,282,20
ACSSF,2012e5,wv,000,0036,0002533,080,54,081,08000US540819079267996000900,"Census Tract 9 (part), Rhodell town, District 1, Raleigh County, West Virginia",97,49,35,14,1,13,48,39,9
ACSSF,2012e5,wv,000,0036,0002534,080,54,081,08000US540819079275172001001,"Census Tract 10.01 (part), Sophia town, District 1, Raleigh County, West Virginia",12,6,6,0,0,0,6,6,0
ACSSF,2012e5,wv,000,0036,0002535,080,54,081,08000US540819079275172001002,"Census Tract 10.02 (part), Sophia town, District 1, Raleigh County, West Virginia",520,342,236,106,0,106,178,165,13
ACSSF,2012e5,wv,000,0036,0002536,080,54,081,08000US540819079299999000300,"Census Tract 3 (part), District Remainder of 1, District 1, Raleigh County, West Virginia",0,0,0,0,0,0,0,0,0
ACSSF,2012e5,wv,000,0036,0002537,080,54,081,08000US540819079299999000600,"Census Tract 6 (part), District Remainder of 1, District 1, Raleigh County, West Virginia",12,0,0,0,0,0,12,12,0
ACSSF,2012e5,wv,000,0036,0002538,080,54,081,08000US540819079299999000700,"Census Tract 7 (part), District Remainder of 1, District 1, Raleigh County, West Virginia",0,0,0,0,0,0,0,0,0
ACSSF,2012e5,wv,000,0036,0002539,080,54,081,08000US540819079299999000900,"Census Tract 9 (part), District Remainder of 1, District 1, Raleigh County, West Virginia",1117,873,695,178,17,161,244,188,56
ACSSF,2012e5,wv,000,0036,0002540,080,54,081,08000US540819079299999001001,"Census Tract 10.01 (part), District Remainder of 1, District 1, Raleigh County, West Virginia",861,649,402,247,96,151,212,194,18
ACSSF,2012e5,wv,000,0036,0002541,080,54,081,08000US540819079299999001002,"Census Tract 10.02 (part), District Remainder of 1, District 1, Raleigh County, West Virginia",796,536,377,159,12,147,260,220,40
ACSSF,2012e5,wv,000,0036,0002542,080,54,081,08000US540819079299999001100,"Census Tract 11 (part), District Remainder of 1, District 1, Raleigh County, West Virginia",1536,1219,1015,204,146,58,317,295,22
ACSSF,2012e5,wv,000,0036,0002543,080,54,081,08000US540819079299999001200,"Census Tract 12 (part), District Remainder of 1, District 1, Raleigh County, West Virginia",13,13,13,0,0,0,0,0,0
ACSSF,2012e5,wv,000,0036,0002544,080,54,081,08000US540819079299999001300,"Census Tract 13 (part), District Remainder of 1, District 1, Raleigh County, West Virginia",1001,588,515,73,42,31,413,341,72
ACSSF,2012e5,wv,000,0036,0002545,080,54,081,08000US540819082805332000200,"Census Tract 2 (part), Beckley city (part), District 2, Raleigh County, West Virginia",139,59,25,34,0,34,80,43,37
ACSSF,2012e5,wv,000,0036,0002546,080,54,081,08000US540819082805332000400,"Census Tract 4 (part), Beckley city (part), District 2, Raleigh County, West Virginia",586,316,183,133,27,106,270,245,25
ACSSF,2012e5,wv,000,0036,0002547,080,54,081,08000US540819082805332000500,"Census Tract 5 (part), Beckley city (part), District 2, Raleigh County, West Virginia",1241,603,523,80,16,64,638,602,36
ACSSF,2012e5,wv,000,0036,0002548,080,54,081,08000US540819082805332000600,"Census Tract 6 (part), Beckley city (part), District 2, Raleigh County, West Virginia",1476,995,662,333,54,279,481,395,86
ACSSF,2012e5,wv,000,0036,0002549,080,54,081,08000US540819082805332001300,"Census Tract 13 (part), Beckley city (part), District 2, Raleigh County, West Virginia",0,0,0,0,0,0,0,0,0
ACSSF,2012e5,wv,000,0036,0002550,080,54,081,08000US540819082805332001400,"Census Tract 14 (part), Beckley city (part), District 2, Raleigh County, West Virginia",6,6,0,6,0,6,0,0,0
ACSSF,2012e5,wv,000,0036,0002551,080,54,081,08000US540819082805332001500,"Census Tract 15 (part), Beckley city (part), District 2, Raleigh County, West Virginia",68,14,6,8,0,8,54,54,0
ACSSF,2012e5,wv,000,0036,0002552,080,54,081,08000US540819082809676001400,"Census Tract 14 (part), Bradley CDP, District 2, Raleigh County, West Virginia",629,432,368,64,0,64,197,115,82
ACSSF,2012e5,wv,000,0036,0002553,080,54,081,08000US540819082863988001500,"Census Tract 15 (part), Piney View CDP, District 2, Raleigh County, West Virginia",446,308,279,29,0,29,138,127,11
ACSSF,2012e5,wv,000,0036,0002554,080,54,081,08000US540819082865836001400,"Census Tract 14 (part), Prosperity CDP, District 2, Raleigh County, West Virginia",750,472,296,176,25,151,278,248,30
ACSSF,2012e5,wv,000,0036,0002555,080,54,081,08000US540819082876444001500,"Census Tract 15 (part), Stanaford CDP (part), District 2, Raleigh County, West Virginia",254,173,136,37,37,0,81,75,6
ACSSF,2012e5,wv,000,0036,0002556,080,54,081,08000US540819082899999000400,"Census Tract 4 (part), District Remainder of 2, District 2, Raleigh County, West Virginia",85,28,18,10,0,10,57,31,26
ACSSF,2012e5,wv,000,0036,0002557,080,54,081,08000US540819082899999000500,"Census Tract 5 (part), District Remainder of 2, District 2, Raleigh County, West Virginia",871,484,330,154,47,107,387,291,96
ACSSF,2012e5,wv,000,0036,0002558,080,54,081,08000US540819082899999000600,"Census Tract 6 (part), District Remainder of 2, District 2, Raleigh County, West Virginia",71,32,32,0,0,0,39,39,0
ACSSF,2012e5,wv,000,0036,0002559,080,54,081,08000US540819082899999001100,"Census Tract 11 (part), District Remainder of 2, District 2, Raleigh County, West Virginia",150,88,67,21,0,21,62,46,16
ACSSF,2012e5,wv,000,0036,0002560,080,54,081,08000US540819082899999001200,"Census Tract 12 (part), District Remainder of 2, District 2, Raleigh County, West Virginia",1737,1316,1037,279,93,186,421,355,66
ACSSF,2012e5,wv,000,0036,0002561,080,54,081,08000US540819082899999001300,"Census Tract 13 (part), District Remainder of 2, District 2, Raleigh County, West Virginia",1037,747,553,194,67,127,290,268,22
ACSSF,2012e5,wv,000,0036,0002562,080,54,081,08000US540819082899999001400,"Census Tract 14 (part), District Remainder of 2, District 2, Raleigh County, West Virginia",554,461,369,92,26,66,93,93,0
ACSSF,2012e5,wv,000,0036,0002563,080,54,081,08000US540819082899999001500,"Census Tract 15 (part), District Remainder of 2, District 2, Raleigh County, West Virginia",222,98,93,5,0,5,124,106,18
ACSSF,2012e5,wv,000,0036,0002564,080,54,081,08000US540819086405260000804,"Census Tract 8.04 (part), Beaver CDP, District 3, Raleigh County, West Virginia",630,402,318,84,18,66,228,228,0
ACSSF,2012e5,wv,000,0036,0002565,080,54,081,08000US540819086405332000200,"Census Tract 2 (part), Beckley city (part), District 3, Raleigh County, West Virginia",1212,626,282,344,101,243,586,497,89
ACSSF,2012e5,wv,000,0036,0002566,080,54,081,08000US540819086405332000300,"Census Tract 3 (part), Beckley city (part), District 3, Raleigh County, West Virginia",1401,878,517,361,27,334,523,426,97
ACSSF,2012e5,wv,000,0036,0002567,080,54,081,08000US540819086405332000400,"Census Tract 4 (part), Beckley city (part), District 3, Raleigh County, West Virginia",751,394,313,81,37,44,357,309,48
ACSSF,2012e5,wv,000,0036,0002568,080,54,081,08000US540819086405332000600,"Census Tract 6 (part), Beckley city (part), District 3, Raleigh County, West Virginia",312,162,101,61,39,22,150,134,16
ACSSF,2012e5,wv,000,0036,0002569,080,54,081,08000US540819086405332000700,"Census Tract 7 (part), Beckley city (part), District 3, Raleigh County, West Virginia",0,0,0,0,0,0,0,0,0
ACSSF,2012e5,wv,000,0036,0002570,080,54,081,08000US540819086405332001500,"Census Tract 15 (part), Beckley city (part), District 3, Raleigh County, West Virginia",241,180,180,0,0,0,61,61,0
ACSSF,2012e5,wv,000,0036,0002571,080,54,081,08000US540819086420164000804,"Census Tract 8.04 (part), Daniels CDP, District 3, Raleigh County, West Virginia",752,448,407,41,0,41,304,304,0
ACSSF,2012e5,wv,000,0036,0002572,080,54,081,08000US540819086449492000700,"Census Tract 7 (part), Mabscott town (part), District 3, Raleigh County, West Virginia",0,0,0,0,0,0,0,0,0
ACSSF,2012e5,wv,000,0036,0002573,080,54,081,08000US540819086449564000200,"Census Tract 2 (part), MacArthur CDP (part), District 3, Raleigh County, West Virginia",0,0,0,0,0,0,0,0,0
ACSSF,2012e5,wv,000,0036,0002574,080,54,081,08000US540819086449564000700,"Census Tract 7 (part), MacArthur CDP (part), District 3, Raleigh County, West Virginia",69,41,17,24,16,8,28,28,0
ACSSF,2012e5,wv,000,0036,0002575,080,54,081,08000US540819086473108000803,"Census Tract 8.03 (part), Shady Spring CDP, District 3, Raleigh County, West Virginia",1061,747,573,174,100,74,314,297,17
ACSSF,2012e5,wv,000,0036,0002576,080,54,081,08000US540819086473108000804,"Census Tract 8.04 (part), Shady Spring CDP, District 3, Raleigh County, West Virginia",194,105,73,32,12,20,89,89,0
ACSSF,2012e5,wv,000,0036,0002577,080,54,081,08000US540819086476444001500,"Census Tract 15 (part), Stanaford CDP (part), District 3, Raleigh County, West Virginia",268,188,165,23,0,23,80,70,10
ACSSF,2012e5,wv,000,0036,0002578,080,54,081,08000US540819086499999000200,"Census Tract 2 (part), District Remainder of 3, District 3, Raleigh County, West Virginia",37,31,0,31,31,0,6,6,0
ACSSF,2012e5,wv,000,0036,0002579,080,54,081,08000US540819086499999000300,"Census Tract 3 (part), District Remainder of 3, District 3, Raleigh County, West Virginia",406,286,204,82,0,82,120,87,33
ACSSF,2012e5,wv,000,0036,0002580,080,54,081,08000US540819086499999000400,"Census Tract 4 (part), District Remainder of 3, District 3, Raleigh County, West Virginia",0,0,0,0,0,0,0,0,0
ACSSF,2012e5,wv,000,0036,0002581,080,54,081,08000US540819086499999000700,"Census Tract 7 (part), District Remainder of 3, District 3, Raleigh County, West Virginia",98,60,60,0,0,0,38,12,26
ACSSF,2012e5,wv,000,0036,0002582,080,54,081,08000US540819086499999000802,"Census Tract 8.02, District Remainder of 3, District 3, Raleigh County, West Virginia",1579,1159,994,165,66,99,420,392,28
ACSSF,2012e5,wv,000,0036,0002583,080,54,081,08000US540819086499999000803,"Census Tract 8.03 (part), District Remainder of 3, District 3, Raleigh County, West Virginia",754,525,460,65,12,53,229,229,0
ACSSF,2012e5,wv,000,0036,0002584,080,54,081,08000US540819086499999000804,"Census Tract 8.04 (part), District Remainder of 3, District 3, Raleigh County, West Virginia",881,674,604,70,54,16,207,151,56
ACSSF,2012e5,wv,000,0036,0002585,080,54,081,08000US540819086499999000900,"Census Tract 9 (part), District Remainder of 3, District 3, Raleigh County, West Virginia",309,147,138,9,0,9,162,162,0
ACSSF,2012e5,wv,000,0036,0002586,080,54,081,08000US540819086499999001001,"Census Tract 10.01 (part), District Remainder of 3, District 3, Raleigh County, West Virginia",0,0,0,0,0,0,0,0,0
ACSSF,2012e5,wv,000,0036,0002587,080,54,081,08000US540819086499999001002,"Census Tract 10.02 (part), District Remainder of 3, District 3, Raleigh County, West Virginia",0,0,0,0,0,0,0,0,0
ACSSF,2012e5,wv,000,0036,0002588,080,54,081,08000US540819086499999001500,"Census Tract 15 (part), District Remainder of 3, District 3, Raleigh County, West Virginia",245,142,110,32,9,23,103,103,0
ACSSF,2012e5,wv,000,0036,0002589,080,54,083,08000US540839015606988966400,"Census Tract 9664 (part), Beverly town, Beverly district, Randolph County, West Virginia",348,241,136,105,39,66,107,103,4
ACSSF,2012e5,wv,000,0036,0002590,080,54,083,08000US540839015609364966300,"Census Tract 9663 (part), Bowden CDP, Beverly district, Randolph County, West Virginia",0,0,0,0,0,0,0,0,0
ACSSF,2012e5,wv,000,0036,0002591,080,54,083,08000US540839015624580966000,"Census Tract 9660 (part), Elkins city (part), Beverly district, Randolph County, West Virginia",0,0,0,0,0,0,0,0,0
ACSSF,2012e5,wv,000,0036,0002592,080,54,083,08000US540839015624580966400,"Census Tract 9664 (part), Elkins city (part), Beverly district, Randolph County, West Virginia",40,40,40,0,0,0,0,0,0
ACSSF,2012e5,wv,000,0036,0002593,080,54,083,08000US540839015699999965900,"Census Tract 9659 (part), Remainder of Beverly district, Beverly district, Randolph County, West Virginia",123,82,82,0,0,0,41,32,9
ACSSF,2012e5,wv,000,0036,0002594,080,54,083,08000US540839015699999966000,"Census Tract 9660 (part), Remainder of Beverly district, Beverly district, Randolph County, West Virginia",5,5,5,0,0,0,0,0,0
ACSSF,2012e5,wv,000,0036,0002595,080,54,083,08000US540839015699999966200,"Census Tract 9662 (part), Remainder of Beverly district, Beverly district, Randolph County, West Virginia",0,0,0,0,0,0,0,0,0
ACSSF,2012e5,wv,000,0036,0002596,080,54,083,08000US540839015699999966300,"Census Tract 9663 (part), Remainder of Beverly district, Beverly district, Randolph County, West Virginia",49,37,37,0,0,0,12,12,0
ACSSF,2012e5,wv,000,0036,0002597,080,54,083,08000US540839015699999966400,"Census Tract 9664 (part), Remainder of Beverly district, Beverly district, Randolph County, West Virginia",1325,829,590,239,99,140,496,469,27
ACSSF,2012e5,wv,000,0036,0002598,080,54,083,08000US540839015699999966500,"Census Tract 9665 (part), Remainder of Beverly district, Beverly district, Randolph County, West Virginia",43,27,27,0,0,0,16,16,0
ACSSF,2012e5,wv,000,0036,0002599,080,54,083,08000US540839093635092966300,"Census Tract 9663 (part), Harman town, Dry Fork district, Randolph County, West Virginia",101,64,53,11,0,11,37,37,0
ACSSF,2012e5,wv,000,0036,0002600,080,54,083,08000US540839093686932966300,"Census Tract 9663 (part), Whitmer CDP, Dry Fork district, Randolph County, West Virginia",28,28,15,13,0,13,0,0,0
ACSSF,2012e5,wv,000,0036,0002601,080,54,083,08000US540839093699999966300,"Census Tract 9663 (part), Remainder of Dry Fork district, Dry Fork district, Randolph County, West Virginia",571,403,349,54,0,54,168,155,13
ACSSF,2012e5,wv,000,0036,0002602,080,54,083,08000US540839093699999966500,"Census Tract 9665 (part), Remainder of Dry Fork district, Dry Fork district, Randolph County, West Virginia",20,0,0,0,0,0,20,20,0
ACSSF,2012e5,wv,000,0036,0002603,080,54,083,08000US540839166839628966500,"Census Tract 9665 (part), Huttonsville town, Huttonsville district, Randolph County, West Virginia",96,54,49,5,2,3,42,31,11
ACSSF,2012e5,wv,000,0036,0002604,080,54,083,08000US540839166854100966500,"Census Tract 9665 (part), Mill Creek town, Huttonsville district, Randolph County, West Virginia",314,178,132,46,14,32,136,127,9
ACSSF,2012e5,wv,000,0036,0002605,080,54,083,08000US540839166899999966500,"Census Tract 9665 (part), Remainder of Huttonsville district, Huttonsville district, Randolph County, West Virginia",511,388,368,20,17,3,123,123,0
ACSSF,2012e5,wv,000,0036,0002606,080,54,083,08000US540839182424580966000,"Census Tract 9660 (part), Elkins city (part), Leadsville district, Randolph County, West Virginia",1064,695,519,176,62,114,369,369,0
ACSSF,2012e5,wv,000,0036,0002607,080,54,083,08000US540839182424580966100,"Census Tract 9661 (part), Elkins city (part), Leadsville district, Randolph County, West Virginia",1501,800,500,300,50,250,701,602,99
ACSSF,2012e5,wv,000,0036,0002608,080,54,083,08000US540839182424580966200,"Census Tract 9662 (part), Elkins city (part), Leadsville district, Randolph County, West Virginia",349,221,170,51,14,37,128,122,6
ACSSF,2012e5,wv,000,0036,0002609,080,54,083,08000US540839182499999965900,"Census Tract 9659 (part), Remainder of Leadsville district, Leadsville district, Randolph County, West Virginia",72,31,31,0,0,0,41,41,0
ACSSF,2012e5,wv,000,0036,0002610,080,54,083,08000US540839182499999966000,"Census Tract 9660 (part), Remainder of Leadsville district, Leadsville district, Randolph County, West Virginia",592,342,284,58,11,47,250,250,0
ACSSF,2012e5,wv,000,0036,0002611,080,54,083,08000US540839182499999966100,"Census Tract 9661 (part), Remainder of Leadsville district, Leadsville district, Randolph County, West Virginia",26,16,16,0,0,0,10,10,0
ACSSF,2012e5,wv,000,0036,0002612,080,54,083,08000US540839182499999966200,"Census Tract 9662 (part), Remainder of Leadsville district, Leadsville district, Randolph County, West Virginia",1076,839,703,136,54,82,237,237,0
ACSSF,2012e5,wv,000,0036,0002613,080,54,083,08000US540839182499999966300,"Census Tract 9663 (part), Remainder of Leadsville district, Leadsville district, Randolph County, West Virginia",43,43,43,0,0,0,0,0,0
ACSSF,2012e5,wv,000,0036,0002614,080,54,083,08000US540839182499999966400,"Census Tract 9664 (part), Remainder of Leadsville district, Leadsville district, Randolph County, West Virginia",419,279,265,14,14,0,140,140,0
ACSSF,2012e5,wv,000,0036,0002615,080,54,083,08000US540839214836340965900,"Census Tract 9659 (part), Helvetia CDP, Middle Fork district, Randolph County, West Virginia",0,0,0,0,0,0,0,0,0
ACSSF,2012e5,wv,000,0036,0002616,080,54,083,08000US540839214863484965900,"Census Tract 9659 (part), Pickens CDP, Middle Fork district, Randolph County, West Virginia",22,13,0,13,0,13,9,9,0
ACSSF,2012e5,wv,000,0036,0002617,080,54,083,08000US540839214899999965900,"Census Tract 9659 (part), Remainder of Middle Fork district, Middle Fork district, Randolph County, West Virginia",250,206,189,17,9,8,44,25,19
ACSSF,2012e5,wv,000,0036,0002618,080,54,083,08000US540839214899999966500,"Census Tract 9665 (part), Remainder of Middle Fork district, Middle Fork district, Randolph County, West Virginia",13,13,13,0,0,0,0,0,0
ACSSF,2012e5,wv,000,0036,0002619,080,54,083,08000US540839222082756966500,"Census Tract 9665 (part), Valley Head CDP, Mingo district, Randolph County, West Virginia",139,94,46,48,15,33,45,45,0
ACSSF,2012e5,wv,000,0036,0002620,080,54,083,08000US540839222099999965900,"Census Tract 9659 (part), Remainder of Mingo district, Mingo district, Randolph County, West Virginia",15,15,15,0,0,0,0,0,0
ACSSF,2012e5,wv,000,0036,0002621,080,54,083,08000US540839222099999966500,"Census Tract 9665 (part), Remainder of Mingo district, Mingo district, Randolph County, West Virginia",279,229,212,17,8,9,50,42,8
ACSSF,2012e5,wv,000,0036,0002622,080,54,083,08000US540839229255540966300,"Census Tract 9663 (part), Montrose town, New Interest district, Randolph County, West Virginia",64,51,38,13,3,10,13,11,2
ACSSF,2012e5,wv,000,0036,0002623,080,54,083,08000US540839229299999966200,"Census Tract 9662 (part), Remainder of New Interest district, New Interest district, Randolph County, West Virginia",101,90,90,0,0,0,11,11,0
ACSSF,2012e5,wv,000,0036,0002624,080,54,083,08000US540839229299999966300,"Census Tract 9663 (part), Remainder of New Interest district, New Interest district, Randolph County, West Virginia",324,236,178,58,48,10,88,88,0
ACSSF,2012e5,wv,000,0036,0002625,080,54,083,08000US540839264088324965900,"Census Tract 9659 (part), Womelsdorf (Coalton) town, Roaring Creek district, Randolph County, West Virginia",119,77,63,14,4,10,42,42,0
ACSSF,2012e5,wv,000,0036,0002626,080,54,083,08000US540839264099999965900,"Census Tract 9659 (part), Remainder of Roaring Creek district, Roaring Creek district, Randolph County, West Virginia",613,475,392,83,16,67,138,138,0
ACSSF,2012e5,wv,000,0036,0002627,080,54,083,08000US540839264099999966000,"Census Tract 9660 (part), Remainder of Roaring Creek district, Roaring Creek district, Randolph County, West Virginia",14,14,14,0,0,0,0,0,0
ACSSF,2012e5,wv,000,0036,0002628,080,54,083,08000US540839342019948965900,"Census Tract 9659 (part), Dailey CDP, Valley Bend district, Randolph County, West Virginia",30,18,18,0,0,0,12,12,0
ACSSF,2012e5,wv,000,0036,0002629,080,54,083,08000US540839342019948966400,"Census Tract 9664 (part), Dailey CDP, Valley Bend district, Randolph County, West Virginia",0,0,0,0,0,0,0,0,0
ACSSF,2012e5,wv,000,0036,0002630,080,54,083,08000US540839342023140966400,"Census Tract 9664 (part), East Dailey CDP, Valley Bend district, Randolph County, West Virginia",158,76,76,0,0,0,82,82,0
ACSSF,2012e5,wv,000,0036,0002631,080,54,083,08000US540839342082564965900,"Census Tract 9659 (part), Valley Bend CDP, Valley Bend district, Randolph County, West Virginia",154,129,108,21,0,21,25,25,0
ACSSF,2012e5,wv,000,0036,0002632,080,54,083,08000US540839342099999965900,"Census Tract 9659 (part), Remainder of Valley Bend district, Valley Bend district, Randolph County, West Virginia",62,53,13,40,0,40,9,9,0
ACSSF,2012e5,wv,000,0036,0002633,080,54,083,08000US540839342099999966300,"Census Tract 9663 (part), Remainder of Valley Bend district, Valley Bend district, Randolph County, West Virginia",7,7,7,0,0,0,0,0,0
ACSSF,2012e5,wv,000,0036,0002634,080,54,083,08000US540839342099999966400,"Census Tract 9664 (part), Remainder of Valley Bend district, Valley Bend district, Randolph County, West Virginia",43,43,43,0,0,0,0,0,0
ACSSF,2012e5,wv,000,0036,0002635,080,54,083,08000US540839342099999966500,"Census Tract 9665 (part), Remainder of Valley Bend district, Valley Bend district, Randolph County, West Virginia",115,95,95,0,0,0,20,20,0
ACSSF,2012e5,wv,000,0036,0002636,080,54,085,08000US540859055224844962300,"Census Tract 9623 (part), Ellenboro town, Clay district, Ritchie County, West Virginia",200,144,127,17,2,15,56,48,8
ACSSF,2012e5,wv,000,0036,0002637,080,54,085,08000US540859055224844962500,"Census Tract 9625 (part), Ellenboro town, Clay district, Ritchie County, West Virginia",0,0,0,0,0,0,0,0,0
ACSSF,2012e5,wv,000,0036,0002638,080,54,085,08000US540859055235428962500,"Census Tract 9625 (part), Harrisville town (part), Clay district, Ritchie County, West Virginia",0,0,0,0,0,0,0,0,0
ACSSF,2012e5,wv,000,0036,0002639,080,54,085,08000US540859055262764962300,"Census Tract 9623 (part), Pennsboro city, Clay district, Ritchie County, West Virginia",503,319,195,124,33,91,184,176,8
ACSSF,2012e5,wv,000,0036,0002640,080,54,085,08000US540859055299999962300,"Census Tract 9623 (part), Remainder of Clay district, Clay district, Ritchie County, West Virginia",768,545,495,50,23,27,223,223,0
ACSSF,2012e5,wv,000,0036,0002641,080,54,085,08000US540859055299999962500,"Census Tract 9625 (part), Remainder of Clay district, Clay district, Ritchie County, West Virginia",18,18,18,0,0,0,0,0,0
ACSSF,2012e5,wv,000,0036,0002642,080,54,085,08000US540859138012124962400,"Census Tract 9624 (part), Cairo town, Grant district, Ritchie County, West Virginia",143,100,62,38,20,18,43,36,7
ACSSF,2012e5,wv,000,0036,0002643,080,54,085,08000US540859138099999962300,"Census Tract 9623 (part), Remainder of Grant district, Grant district, Ritchie County, West Virginia",85,64,16,48,11,37,21,21,0
ACSSF,2012e5,wv,000,0036,0002644,080,54,085,08000US540859138099999962400,"Census Tract 9624 (part), Remainder of Grant district, Grant district, Ritchie County, West Virginia",534,318,276,42,16,26,216,197,19
ACSSF,2012e5,wv,000,0036,0002645,080,54,085,08000US540859138099999962500,"Census Tract 9625 (part), Remainder of Grant district, Grant district, Ritchie County, West Virginia",0,0,0,0,0,0,0,0,0
ACSSF,2012e5,wv,000,0036,0002646,080,54,085,08000US540859224499999962400,"Census Tract 9624 (part), Murphy district, Murphy district, Ritchie County, West Virginia",442,281,229,52,8,44,161,144,17
ACSSF,2012e5,wv,000,0036,0002647,080,54,085,08000US540859224499999962500,"Census Tract 9625 (part), Murphy district, Murphy district, Ritchie County, West Virginia",10,10,10,0,0,0,0,0,0
ACSSF,2012e5,wv,000,0036,0002648,080,54,085,08000US540859333603364962500,"Census Tract 9625 (part), Auburn town, Union district, Ritchie County, West Virginia",45,27,13,14,3,11,18,15,3
ACSSF,2012e5,wv,000,0036,0002649,080,54,085,08000US540859333635428962500,"Census Tract 9625 (part), Harrisville town (part), Union district, Ritchie County, West Virginia",856,554,388,166,38,128,302,281,21
ACSSF,2012e5,wv,000,0036,0002650,080,54,085,08000US540859333665956962300,"Census Tract 9623 (part), Pullman town, Union district, Ritchie County, West Virginia",82,53,43,10,2,8,29,29,0
ACSSF,2012e5,wv,000,0036,0002651,080,54,085,08000US540859333665956962500,"Census Tract 9625 (part), Pullman town, Union district, Ritchie County, West Virginia",5,3,3,0,0,0,2,2,0
ACSSF,2012e5,wv,000,0036,0002652,080,54,085,08000US540859333699999962300,"Census Tract 9623 (part), Remainder of Union district, Union district, Ritchie County, West Virginia",49,27,27,0,0,0,22,22,0
ACSSF,2012e5,wv,000,0036,0002653,080,54,085,08000US540859333699999962400,"Census Tract 9624 (part), Remainder of Union district, Union district, Ritchie County, West Virginia",89,68,68,0,0,0,21,21,0
ACSSF,2012e5,wv,000,0036,0002654,080,54,085,08000US540859333699999962500,"Census Tract 9625 (part), Remainder of Union district, Union district, Ritchie County, West Virginia",291,171,112,59,33,26,120,100,20
ACSSF,2012e5,wv,000,0036,0002655,080,54,087,08000US540879079367660962800,"Census Tract 9628 (part), Reedy town, District I, Roane County, West Virginia",49,37,32,5,0,5,12,11,1
ACSSF,2012e5,wv,000,0036,0002656,080,54,087,08000US540879079375820963000,"Census Tract 9630 (part), Spencer city (part), District I, Roane County, West Virginia",367,230,166,64,15,49,137,137,0
ACSSF,2012e5,wv,000,0036,0002657,080,54,087,08000US540879079399999962800,"Census Tract 9628 (part), District Remainder of I, District I, Roane County, West Virginia",372,234,228,6,6,0,138,89,49
ACSSF,2012e5,wv,000,0036,0002658,080,54,087,08000US540879079399999962900,"Census Tract 9629 (part), District Remainder of I, District I, Roane County, West Virginia",757,530,439,91,37,54,227,173,54
ACSSF,2012e5,wv,000,0036,0002659,080,54,087,08000US540879079399999963000,"Census Tract 9630 (part), District Remainder of I, District I, Roane County, West Virginia",408,211,189,22,0,22,197,180,17
ACSSF,2012e5,wv,000,0036,0002660,080,54,087,08000US540879082975820963000,"Census Tract 9630 (part), Spencer city (part), District II, Roane County, West Virginia",710,319,233,86,3,83,391,368,23
ACSSF,2012e5,wv,000,0036,0002661,080,54,087,08000US540879082999999962800,"Census Tract 9628 (part), District Remainder of II, District II, Roane County, West Virginia",424,247,221,26,2,24,177,142,35
ACSSF,2012e5,wv,000,0036,0002662,080,54,087,08000US540879082999999962900,"Census Tract 9629 (part), District Remainder of II, District II, Roane County, West Virginia",216,105,61,44,13,31,111,70,41
ACSSF,2012e5,wv,000,0036,0002663,080,54,087,08000US540879082999999963000,"Census Tract 9630 (part), District Remainder of II, District II, Roane County, West Virginia",184,127,80,47,0,47,57,35,22
ACSSF,2012e5,wv,000,0036,0002664,080,54,087,08000US540879082999999963100,"Census Tract 9631 (part), District Remainder of II, District II, Roane County, West Virginia",271,207,176,31,0,31,64,64,0
ACSSF,2012e5,wv,000,0036,0002665,080,54,087,08000US540879086599999962900,"Census Tract 9629 (part), District III, District III, Roane County, West Virginia",660,473,402,71,13,58,187,169,18
ACSSF,2012e5,wv,000,0036,0002666,080,54,087,08000US540879086599999963100,"Census Tract 9631 (part), District III, District III, Roane County, West Virginia",1399,1026,815,211,45,166,373,339,34
ACSSF,2012e5,wv,000,0036,0002667,080,54,089,08000US540899021637636000500,"Census Tract 5 (part), Hinton city (part), Bluestone River district, Summers County, West Virginia",154,102,73,29,8,21,52,52,0
ACSSF,2012e5,wv,000,0036,0002668,080,54,089,08000US540899021637636000600,"Census Tract 6 (part), Hinton city (part), Bluestone River district, Summers County, West Virginia",14,0,0,0,0,0,14,14,0
ACSSF,2012e5,wv,000,0036,0002669,080,54,089,08000US540899021637636000700,"Census Tract 7 (part), Hinton city (part), Bluestone River district, Summers County, West Virginia",176,49,24,25,19,6,127,127,0
ACSSF,2012e5,wv,000,0036,0002670,080,54,089,08000US540899021637636000800,"Census Tract 8 (part), Hinton city (part), Bluestone River district, Summers County, West Virginia",0,0,0,0,0,0,0,0,0
ACSSF,2012e5,wv,000,0036,0002671,080,54,089,08000US540899021699999000500,"Census Tract 5 (part), Remainder of Bluestone River district, Bluestone River district, Summers County, West Virginia",0,0,0,0,0,0,0,0,0
ACSSF,2012e5,wv,000,0036,0002672,080,54,089,08000US540899021699999000600,"Census Tract 6 (part), Remainder of Bluestone River district, Bluestone River district, Summers County, West Virginia",33,0,0,0,0,0,33,33,0
ACSSF,2012e5,wv,000,0036,0002673,080,54,089,08000US540899021699999000700,"Census Tract 7 (part), Remainder of Bluestone River district, Bluestone River district, Summers County, West Virginia",0,0,0,0,0,0,0,0,0
ACSSF,2012e5,wv,000,0036,0002674,080,54,089,08000US540899021699999000800,"Census Tract 8 (part), Remainder of Bluestone River district, Bluestone River district, Summers County, West Virginia",1534,1120,927,193,53,140,414,386,28
ACSSF,2012e5,wv,000,0036,0002675,080,54,089,08000US540899144037636000600,"Census Tract 6 (part), Hinton city (part), Greenbrier River district, Summers County, West Virginia",66,49,49,0,0,0,17,17,0
ACSSF,2012e5,wv,000,0036,0002676,080,54,089,08000US540899144037636000700,"Census Tract 7 (part), Hinton city (part), Greenbrier River district, Summers County, West Virginia",407,224,160,64,36,28,183,183,0
ACSSF,2012e5,wv,000,0036,0002677,080,54,089,08000US540899144099999000500,"Census Tract 5 (part), Remainder of Greenbrier River district, Greenbrier River district, Summers County, West Virginia",0,0,0,0,0,0,0,0,0
ACSSF,2012e5,wv,000,0036,0002678,080,54,089,08000US540899144099999000600,"Census Tract 6 (part), Remainder of Greenbrier River district, Greenbrier River district, Summers County, West Virginia",1379,916,760,156,110,46,463,418,45
ACSSF,2012e5,wv,000,0036,0002679,080,54,089,08000US540899144099999000700,"Census Tract 7 (part), Remainder of Greenbrier River district, Greenbrier River district, Summers County, West Virginia",0,0,0,0,0,0,0,0,0
ACSSF,2012e5,wv,000,0036,0002680,080,54,089,08000US540899231637636000500,"Census Tract 5 (part), Hinton city (part), New River district, Summers County, West Virginia",217,173,122,51,17,34,44,22,22
ACSSF,2012e5,wv,000,0036,0002681,080,54,089,08000US540899231637636000700,"Census Tract 7 (part), Hinton city (part), New River district, Summers County, West Virginia",132,50,12,38,0,38,82,82,0
ACSSF,2012e5,wv,000,0036,0002682,080,54,089,08000US540899231699999000500,"Census Tract 5 (part), Remainder of New River district, New River district, Summers County, West Virginia",781,546,420,126,39,87,235,227,8
ACSSF,2012e5,wv,000,0036,0002683,080,54,089,08000US540899231699999000600,"Census Tract 6 (part), Remainder of New River district, New River district, Summers County, West Virginia",377,261,216,45,23,22,116,92,24
ACSSF,2012e5,wv,000,0036,0002684,080,54,091,08000US540919099332716964600,"Census Tract 9646 (part), Grafton city (part), Eastern district, Taylor County, West Virginia",940,603,347,256,13,243,337,282,55
ACSSF,2012e5,wv,000,0036,0002685,080,54,091,08000US540919099332716964700,"Census Tract 9647 (part), Grafton city (part), Eastern district, Taylor County, West Virginia",0,0,0,0,0,0,0,0,0
ACSSF,2012e5,wv,000,0036,0002686,080,54,091,08000US540919099332716964900,"Census Tract 9649 (part), Grafton city (part), Eastern district, Taylor County, West Virginia",0,0,0,0,0,0,0,0,0
ACSSF,2012e5,wv,000,0036,0002687,080,54,091,08000US540919099399999964600,"Census Tract 9646 (part), Remainder of Eastern district, Eastern district, Taylor County, West Virginia",867,656,587,69,26,43,211,183,28
ACSSF,2012e5,wv,000,0036,0002688,080,54,091,08000US540919099399999964700,"Census Tract 9647 (part), Remainder of Eastern district, Eastern district, Taylor County, West Virginia",0,0,0,0,0,0,0,0,0
ACSSF,2012e5,wv,000,0036,0002689,080,54,091,08000US540919099399999964800,"Census Tract 9648 (part), Remainder of Eastern district, Eastern district, Taylor County, West Virginia",0,0,0,0,0,0,0,0,0
ACSSF,2012e5,wv,000,0036,0002690,080,54,091,08000US540919099399999964900,"Census Tract 9649 (part), Remainder of Eastern district, Eastern district, Taylor County, West Virginia",532,404,368,36,10,26,128,123,5
ACSSF,2012e5,wv,000,0036,0002691,080,54,091,08000US540919317532716964600,"Census Tract 9646 (part), Grafton city (part), Tygart district, Taylor County, West Virginia",528,321,178,143,72,71,207,207,0
ACSSF,2012e5,wv,000,0036,0002692,080,54,091,08000US540919317532716964800,"Census Tract 9648 (part), Grafton city (part), Tygart district, Taylor County, West Virginia",544,306,255,51,9,42,238,227,11
ACSSF,2012e5,wv,000,0036,0002693,080,54,091,08000US540919317532716964900,"Census Tract 9649 (part), Grafton city (part), Tygart district, Taylor County, West Virginia",170,134,84,50,0,50,36,21,15
ACSSF,2012e5,wv,000,0036,0002694,080,54,091,08000US540919317599999964600,"Census Tract 9646 (part), Remainder of Tygart district, Tygart district, Taylor County, West Virginia",0,0,0,0,0,0,0,0,0
ACSSF,2012e5,wv,000,0036,0002695,080,54,091,08000US540919317599999964800,"Census Tract 9648 (part), Remainder of Tygart district, Tygart district, Taylor County, West Virginia",386,348,274,74,15,59,38,29,9
ACSSF,2012e5,wv,000,0036,0002696,080,54,091,08000US540919317599999964900,"Census Tract 9649 (part), Remainder of Tygart district, Tygart district, Taylor County, West Virginia",0,0,0,0,0,0,0,0,0
ACSSF,2012e5,wv,000,0036,0002697,080,54,091,08000US540919362127940964800,"Census Tract 9648 (part), Flemington town, Western district, Taylor County, West Virginia",120,96,72,24,4,20,24,22,2
ACSSF,2012e5,wv,000,0036,0002698,080,54,091,08000US540919362199999964600,"Census Tract 9646 (part), Remainder of Western district, Western district, Taylor County, West Virginia",0,0,0,0,0,0,0,0,0
ACSSF,2012e5,wv,000,0036,0002699,080,54,091,08000US540919362199999964700,"Census Tract 9647 (part), Remainder of Western district, Western district, Taylor County, West Virginia",1855,1431,1208,223,44,179,424,324,100
ACSSF,2012e5,wv,000,0036,0002700,080,54,091,08000US540919362199999964800,"Census Tract 9648 (part), Remainder of Western district, Western district, Taylor County, West Virginia",858,653,454,199,63,136,205,205,0
ACSSF,2012e5,wv,000,0036,0002701,080,54,093,08000US540939019234492965300,"Census Tract 9653 (part), Hambleton town, Black Fork district, Tucker County, West Virginia",101,50,42,8,3,5,51,31,20
ACSSF,2012e5,wv,000,0036,0002702,080,54,093,08000US540939019236460965300,"Census Tract 9653 (part), Hendricks town, Black Fork district, Tucker County, West Virginia",144,102,80,22,6,16,42,41,1
ACSSF,2012e5,wv,000,0036,0002703,080,54,093,08000US540939019262284965400,"Census Tract 9654 (part), Parsons city, Black Fork district, Tucker County, West Virginia",657,462,358,104,29,75,195,167,28
ACSSF,2012e5,wv,000,0036,0002704,080,54,093,08000US540939019299999965200,"Census Tract 9652 (part), Remainder of Black Fork district, Black Fork district, Tucker County, West Virginia",0,0,0,0,0,0,0,0,0
ACSSF,2012e5,wv,000,0036,0002705,080,54,093,08000US540939019299999965300,"Census Tract 9653 (part), Remainder of Black Fork district, Black Fork district, Tucker County, West Virginia",15,15,0,15,15,0,0,0,0
ACSSF,2012e5,wv,000,0036,0002706,080,54,093,08000US540939019299999965400,"Census Tract 9654 (part), Remainder of Black Fork district, Black Fork district, Tucker County, West Virginia",642,464,417,47,35,12,178,157,21
ACSSF,2012e5,wv,000,0036,0002707,080,54,093,08000US540939062499999965200,"Census Tract 9652 (part), Clover district, Clover district, Tucker County, West Virginia",186,148,126,22,0,22,38,38,0
ACSSF,2012e5,wv,000,0036,0002708,080,54,093,08000US540939062499999965400,"Census Tract 9654 (part), Clover district, Clover district, Tucker County, West Virginia",0,0,0,0,0,0,0,0,0
ACSSF,2012e5,wv,000,0036,0002709,080,54,093,08000US540939074420428965300,"Census Tract 9653 (part), Davis town, Davis district, Tucker County, West Virginia",276,167,155,12,0,12,109,107,2
ACSSF,2012e5,wv,000,0036,0002710,080,54,093,08000US540939074480020965300,"Census Tract 9653 (part), Thomas city (part), Davis district, Tucker County, West Virginia",0,0,0,0,0,0,0,0,0
ACSSF,2012e5,wv,000,0036,0002711,080,54,093,08000US540939074499999965300,"Census Tract 9653 (part), Remainder of Davis district, Davis district, Tucker County, West Virginia",30,16,8,8,0,8,14,14,0
ACSSF,2012e5,wv,000,0036,0002712,080,54,093,08000US540939094899999965300,"Census Tract 9653 (part), Dry Fork district, Dry Fork district, Tucker County, West Virginia",320,241,241,0,0,0,79,54,25
ACSSF,2012e5,wv,000,0036,0002713,080,54,093,08000US540939105680020965200,"Census Tract 9652 (part), Thomas city (part), Fairfax district, Tucker County, West Virginia",258,125,96,29,7,22,133,131,2
ACSSF,2012e5,wv,000,0036,0002714,080,54,093,08000US540939105680020965300,"Census Tract 9653 (part), Thomas city (part), Fairfax district, Tucker County, West Virginia",0,0,0,0,0,0,0,0,0
ACSSF,2012e5,wv,000,0036,0002715,080,54,093,08000US540939105699999965200,"Census Tract 9652 (part), Remainder of Fairfax district, Fairfax district, Tucker County, West Virginia",81,76,69,7,0,7,5,5,0
ACSSF,2012e5,wv,000,0036,0002716,080,54,093,08000US540939105699999965300,"Census Tract 9653 (part), Remainder of Fairfax district, Fairfax district, Tucker County, West Virginia",0,0,0,0,0,0,0,0,0
ACSSF,2012e5,wv,000,0036,0002717,080,54,093,08000US540939105699999965400,"Census Tract 9654 (part), Remainder of Fairfax district, Fairfax district, Tucker County, West Virginia",0,0,0,0,0,0,0,0,0
ACSSF,2012e5,wv,000,0036,0002718,080,54,093,08000US540939189699999965200,"Census Tract 9652 (part), Licking district, Licking district, Tucker County, West Virginia",37,32,11,21,0,21,5,5,0
ACSSF,2012e5,wv,000,0036,0002719,080,54,093,08000US540939268899999965200,"Census Tract 9652 (part), St. George district, St. George district, Tucker County, West Virginia",296,192,140,52,14,38,104,104,0
ACSSF,2012e5,wv,000,0036,0002720,080,54,093,08000US540939268899999965400,"Census Tract 9654 (part), St. George district, St. George district, Tucker County, West Virginia",86,66,45,21,21,0,20,20,0
ACSSF,2012e5,wv,000,0036,0002721,080,54,095,08000US540959046929404961900,"Census Tract 9619 (part), Friendly town, Central district, Tyler County, West Virginia",43,28,26,2,0,2,15,15,0
ACSSF,2012e5,wv,000,0036,0002722,080,54,095,08000US540959046953572961900,"Census Tract 9619 (part), Middlebourne town, Central district, Tyler County, West Virginia",372,223,153,70,14,56,149,141,8
ACSSF,2012e5,wv,000,0036,0002723,080,54,095,08000US540959046999999961800,"Census Tract 9618 (part), Remainder of Central district, Central district, Tyler County, West Virginia",0,0,0,0,0,0,0,0,0
ACSSF,2012e5,wv,000,0036,0002724,080,54,095,08000US540959046999999961900,"Census Tract 9619 (part), Remainder of Central district, Central district, Tyler County, West Virginia",515,365,351,14,0,14,150,141,9
ACSSF,2012e5,wv,000,0036,0002725,080,54,095,08000US540959046999999962000,"Census Tract 9620 (part), Remainder of Central district, Central district, Tyler County, West Virginia",5,5,0,5,0,5,0,0,0
ACSSF,2012e5,wv,000,0036,0002726,080,54,095,08000US540959233461636961800,"Census Tract 9618 (part), Paden City city (part), North district, Tyler County, West Virginia",335,200,168,32,28,4,135,135,0
ACSSF,2012e5,wv,000,0036,0002727,080,54,095,08000US540959233499999961800,"Census Tract 9618 (part), Remainder of North district, North district, Tyler County, West Virginia",154,91,91,0,0,0,63,26,37
ACSSF,2012e5,wv,000,0036,0002728,080,54,095,08000US540959233499999961900,"Census Tract 9619 (part), Remainder of North district, North district, Tyler County, West Virginia",379,316,264,52,21,31,63,49,14
ACSSF,2012e5,wv,000,0036,0002729,080,54,095,08000US540959233499999962000,"Census Tract 9620 (part), Remainder of North district, North district, Tyler County, West Virginia",6,6,6,0,0,0,0,0,0
ACSSF,2012e5,wv,000,0036,0002730,080,54,095,08000US540959289899999961900,"Census Tract 9619 (part), South district, South district, Tyler County, West Virginia",135,103,71,32,10,22,32,22,10
ACSSF,2012e5,wv,000,0036,0002731,080,54,095,08000US540959289899999962000,"Census Tract 9620 (part), South district, South district, Tyler County, West Virginia",824,630,496,134,54,80,194,186,8
ACSSF,2012e5,wv,000,0036,0002732,080,54,095,08000US540959359274380961800,"Census Tract 9618 (part), Sistersville city, West district, Tyler County, West Virginia",586,380,262,118,20,98,206,167,39
ACSSF,2012e5,wv,000,0036,0002733,080,54,095,08000US540959359299999961800,"Census Tract 9618 (part), Remainder of West district, West district, Tyler County, West Virginia",281,206,177,29,19,10,75,75,0
ACSSF,2012e5,wv,000,0036,0002734,080,54,095,08000US540959359299999961900,"Census Tract 9619 (part), Remainder of West district, West district, Tyler County, West Virginia",0,0,0,0,0,0,0,0,0
ACSSF,2012e5,wv,000,0036,0002735,080,54,097,08000US540979110211188966600,"Census Tract 9666 (part), Buckhannon city (part), First district, Upshur County, West Virginia",32,32,23,9,0,9,0,0,0
ACSSF,2012e5,wv,000,0036,0002736,080,54,097,08000US540979110211188966700,"Census Tract 9667 (part), Buckhannon city (part), First district, Upshur County, West Virginia",887,564,402,162,36,126,323,284,39
ACSSF,2012e5,wv,000,0036,0002737,080,54,097,08000US540979110211188966800,"Census Tract 9668 (part), Buckhannon city (part), First district, Upshur County, West Virginia",460,210,145,65,11,54,250,210,40
ACSSF,2012e5,wv,000,0036,0002738,080,54,097,08000US540979110211188966900,"Census Tract 9669 (part), Buckhannon city (part), First district, Upshur County, West Virginia",448,310,242,68,0,68,138,103,35
ACSSF,2012e5,wv,000,0036,0002739,080,54,097,08000US540979110299999966600,"Census Tract 9666 (part), Remainder of First district, First district, Upshur County, West Virginia",809,498,344,154,46,108,311,284,27
ACSSF,2012e5,wv,000,0036,0002740,080,54,097,08000US540979110299999966700,"Census Tract 9667 (part), Remainder of First district, First district, Upshur County, West Virginia",0,0,0,0,0,0,0,0,0
ACSSF,2012e5,wv,000,0036,0002741,080,54,097,08000US540979110299999966800,"Census Tract 9668 (part), Remainder of First district, First district, Upshur County, West Virginia",194,131,105,26,10,16,63,63,0
ACSSF,2012e5,wv,000,0036,0002742,080,54,097,08000US540979110299999966900,"Census Tract 9669 (part), Remainder of First district, First district, Upshur County, West Virginia",0,0,0,0,0,0,0,0,0
ACSSF,2012e5,wv,000,0036,0002743,080,54,097,08000US540979110299999967100,"Census Tract 9671 (part), Remainder of First district, First district, Upshur County, West Virginia",67,42,42,0,0,0,25,25,0
ACSSF,2012e5,wv,000,0036,0002744,080,54,097,08000US540979274511188966800,"Census Tract 9668 (part), Buckhannon city (part), Second district, Upshur County, West Virginia",0,0,0,0,0,0,0,0,0
ACSSF,2012e5,wv,000,0036,0002745,080,54,097,08000US540979274599999966600,"Census Tract 9666 (part), Remainder of Second district, Second district, Upshur County, West Virginia",785,642,558,84,12,72,143,125,18
ACSSF,2012e5,wv,000,0036,0002746,080,54,097,08000US540979274599999966700,"Census Tract 9667 (part), Remainder of Second district, Second district, Upshur County, West Virginia",0,0,0,0,0,0,0,0,0
ACSSF,2012e5,wv,000,0036,0002747,080,54,097,08000US540979274599999966800,"Census Tract 9668 (part), Remainder of Second district, Second district, Upshur County, West Virginia",495,368,326,42,0,42,127,127,0
ACSSF,2012e5,wv,000,0036,0002748,080,54,097,08000US540979274599999967000,"Census Tract 9670 (part), Remainder of Second district, Second district, Upshur County, West Virginia",67,67,60,7,7,0,0,0,0
ACSSF,2012e5,wv,000,0036,0002749,080,54,097,08000US540979274599999967100,"Census Tract 9671 (part), Remainder of Second district, Second district, Upshur County, West Virginia",1579,1175,1001,174,72,102,404,377,27
ACSSF,2012e5,wv,000,0036,0002750,080,54,097,08000US540979310511188966900,"Census Tract 9669 (part), Buckhannon city (part), Third district, Upshur County, West Virginia",7,7,7,0,0,0,0,0,0
ACSSF,2012e5,wv,000,0036,0002751,080,54,097,08000US540979310599999966600,"Census Tract 9666 (part), Remainder of Third district, Third district, Upshur County, West Virginia",206,98,66,32,32,0,108,108,0
ACSSF,2012e5,wv,000,0036,0002752,080,54,097,08000US540979310599999966700,"Census Tract 9667 (part), Remainder of Third district, Third district, Upshur County, West Virginia",0,0,0,0,0,0,0,0,0
ACSSF,2012e5,wv,000,0036,0002753,080,54,097,08000US540979310599999966800,"Census Tract 9668 (part), Remainder of Third district, Third district, Upshur County, West Virginia",399,263,233,30,22,8,136,108,28
ACSSF,2012e5,wv,000,0036,0002754,080,54,097,08000US540979310599999966900,"Census Tract 9669 (part), Remainder of Third district, Third district, Upshur County, West Virginia",788,622,450,172,8,164,166,120,46
ACSSF,2012e5,wv,000,0036,0002755,080,54,097,08000US540979310599999967000,"Census Tract 9670 (part), Remainder of Third district, Third district, Upshur County, West Virginia",1861,1291,1072,219,120,99,570,421,149
ACSSF,2012e5,wv,000,0036,0002756,080,54,097,08000US540979310599999967100,"Census Tract 9671 (part), Remainder of Third district, Third district, Upshur County, West Virginia",0,0,0,0,0,0,0,0,0
ACSSF,2012e5,wv,000,0036,0002757,080,54,099,08000US540999032428516020800,"Census Tract 208 (part), Fort Gay town, Butler district, Wayne County, West Virginia",408,243,156,87,23,64,165,158,7
ACSSF,2012e5,wv,000,0036,0002758,080,54,099,08000US540999032445580020600,"Census Tract 206 (part), Lavalette CDP (part), Butler district, Wayne County, West Virginia",181,58,58,0,0,0,123,123,0
ACSSF,2012e5,wv,000,0036,0002759,080,54,099,08000US540999032465596020700,"Census Tract 207 (part), Prichard CDP, Butler district, Wayne County, West Virginia",180,107,96,11,0,11,73,73,0
ACSSF,2012e5,wv,000,0036,0002760,080,54,099,08000US540999032499999020400,"Census Tract 204 (part), Remainder of Butler district, Butler district, Wayne County, West Virginia",766,439,305,134,10,124,327,285,42
ACSSF,2012e5,wv,000,0036,0002761,080,54,099,08000US540999032499999020600,"Census Tract 206 (part), Remainder of Butler district, Butler district, Wayne County, West Virginia",396,240,194,46,0,46,156,140,16
ACSSF,2012e5,wv,000,0036,0002762,080,54,099,08000US540999032499999020700,"Census Tract 207 (part), Remainder of Butler district, Butler district, Wayne County, West Virginia",1081,857,750,107,39,68,224,224,0
ACSSF,2012e5,wv,000,0036,0002763,080,54,099,08000US540999032499999020800,"Census Tract 208 (part), Remainder of Butler district, Butler district, Wayne County, West Virginia",593,429,324,105,42,63,164,130,34
ACSSF,2012e5,wv,000,0036,0002764,080,54,099,08000US540999032499999020900,"Census Tract 209 (part), Remainder of Butler district, Butler district, Wayne County, West Virginia",108,53,43,10,0,10,55,55,0
ACSSF,2012e5,wv,000,0036,0002765,080,54,099,08000US540999049214308005200,"Census Tract 52 (part), Ceredo city (part), Ceredo district, Wayne County, West Virginia",19,19,3,16,0,16,0,0,0
ACSSF,2012e5,wv,000,0036,0002766,080,54,099,08000US540999049214308020100,"Census Tract 201 (part), Ceredo city (part), Ceredo district, Wayne County, West Virginia",12,4,0,4,0,4,8,0,8
ACSSF,2012e5,wv,000,0036,0002767,080,54,099,08000US540999049214308020300,"Census Tract 203 (part), Ceredo city (part), Ceredo district, Wayne County, West Virginia",564,264,184,80,47,33,300,232,68
ACSSF,2012e5,wv,000,0036,0002768,080,54,099,08000US540999049214308020400,"Census Tract 204 (part), Ceredo city (part), Ceredo district, Wayne County, West Virginia",128,83,55,28,10,18,45,35,10
ACSSF,2012e5,wv,000,0036,0002769,080,54,099,08000US540999049243180020300,"Census Tract 203 (part), Kenova city, Ceredo district, Wayne County, West Virginia",1436,771,474,297,96,201,665,637,28
ACSSF,2012e5,wv,000,0036,0002770,080,54,099,08000US540999049243180020400,"Census Tract 204 (part), Kenova city, Ceredo district, Wayne County, West Virginia",0,0,0,0,0,0,0,0,0
ACSSF,2012e5,wv,000,0036,0002771,080,54,099,08000US540999049299999020300,"Census Tract 203 (part), Remainder of Ceredo district, Ceredo district, Wayne County, West Virginia",151,89,74,15,0,15,62,0,62
ACSSF,2012e5,wv,000,0036,0002772,080,54,099,08000US540999049299999020400,"Census Tract 204 (part), Remainder of Ceredo district, Ceredo district, Wayne County, West Virginia",737,614,539,75,29,46,123,99,24
ACSSF,2012e5,wv,000,0036,0002773,080,54,099,08000US540999303619300021000,"Census Tract 210 (part), Crum CDP, Stonewall district, Wayne County, West Virginia",33,19,11,8,0,8,14,14,0
ACSSF,2012e5,wv,000,0036,0002774,080,54,099,08000US540999303699999020500,"Census Tract 205 (part), Remainder of Stonewall district, Stonewall district, Wayne County, West Virginia",173,147,129,18,0,18,26,14,12
ACSSF,2012e5,wv,000,0036,0002775,080,54,099,08000US540999303699999020800,"Census Tract 208 (part), Remainder of Stonewall district, Stonewall district, Wayne County, West Virginia",623,446,311,135,50,85,177,149,28
ACSSF,2012e5,wv,000,0036,0002776,080,54,099,08000US540999303699999020900,"Census Tract 209 (part), Remainder of Stonewall district, Stonewall district, Wayne County, West Virginia",1018,670,516,154,66,88,348,298,50
ACSSF,2012e5,wv,000,0036,0002777,080,54,099,08000US540999303699999021000,"Census Tract 210 (part), Remainder of Stonewall district, Stonewall district, Wayne County, West Virginia",1099,796,640,156,13,143,303,256,47
ACSSF,2012e5,wv,000,0036,0002778,080,54,099,08000US540999337245580020500,"Census Tract 205 (part), Lavalette CDP (part), Union district, Wayne County, West Virginia",123,105,105,0,0,0,18,18,0
ACSSF,2012e5,wv,000,0036,0002779,080,54,099,08000US540999337245580020600,"Census Tract 206 (part), Lavalette CDP (part), Union district, Wayne County, West Virginia",138,94,77,17,0,17,44,44,0
ACSSF,2012e5,wv,000,0036,0002780,080,54,099,08000US540999337284940020500,"Census Tract 205 (part), Wayne town, Union district, Wayne County, West Virginia",350,172,147,25,0,25,178,167,11
ACSSF,2012e5,wv,000,0036,0002781,080,54,099,08000US540999337284940020600,"Census Tract 206 (part), Wayne town, Union district, Wayne County, West Virginia",517,415,257,158,37,121,102,81,21
ACSSF,2012e5,wv,000,0036,0002782,080,54,099,08000US540999337284940020900,"Census Tract 209 (part), Wayne town, Union district, Wayne County, West Virginia",115,110,107,3,0,3,5,5,0
ACSSF,2012e5,wv,000,0036,0002783,080,54,099,08000US540999337299999020400,"Census Tract 204 (part), Remainder of Union district, Union district, Wayne County, West Virginia",266,233,200,33,0,33,33,33,0
ACSSF,2012e5,wv,000,0036,0002784,080,54,099,08000US540999337299999020500,"Census Tract 205 (part), Remainder of Union district, Union district, Wayne County, West Virginia",1275,836,631,205,39,166,439,354,85
ACSSF,2012e5,wv,000,0036,0002785,080,54,099,08000US540999337299999020600,"Census Tract 206 (part), Remainder of Union district, Union district, Wayne County, West Virginia",808,638,543,95,0,95,170,156,14
ACSSF,2012e5,wv,000,0036,0002786,080,54,099,08000US540999337299999020700,"Census Tract 207 (part), Remainder of Union district, Union district, Wayne County, West Virginia",28,7,7,0,0,0,21,21,0
ACSSF,2012e5,wv,000,0036,0002787,080,54,099,08000US540999337299999020900,"Census Tract 209 (part), Remainder of Union district, Union district, Wayne County, West Virginia",36,20,17,3,0,3,16,16,0
ACSSF,2012e5,wv,000,0036,0002788,080,54,099,08000US540999362414308005100,"Census Tract 51 (part), Ceredo city (part), Westmoreland district, Wayne County, West Virginia",0,0,0,0,0,0,0,0,0
ACSSF,2012e5,wv,000,0036,0002789,080,54,099,08000US540999362414308005200,"Census Tract 52 (part), Ceredo city (part), Westmoreland district, Wayne County, West Virginia",0,0,0,0,0,0,0,0,0
ACSSF,2012e5,wv,000,0036,0002790,080,54,099,08000US540999362414308020100,"Census Tract 201 (part), Ceredo city (part), Westmoreland district, Wayne County, West Virginia",19,3,3,0,0,0,16,11,5
ACSSF,2012e5,wv,000,0036,0002791,080,54,099,08000US540999362439460005100,"Census Tract 51 (part), Huntington city (part), Westmoreland district, Wayne County, West Virginia",813,512,350,162,46,116,301,263,38
ACSSF,2012e5,wv,000,0036,0002792,080,54,099,08000US540999362439460005200,"Census Tract 52 (part), Huntington city (part), Westmoreland district, Wayne County, West Virginia",826,469,363,106,20,86,357,323,34
ACSSF,2012e5,wv,000,0036,0002793,080,54,099,08000US540999362439460020100,"Census Tract 201 (part), Huntington city (part), Westmoreland district, Wayne County, West Virginia",0,0,0,0,0,0,0,0,0
ACSSF,2012e5,wv,000,0036,0002794,080,54,099,08000US540999362439460020400,"Census Tract 204 (part), Huntington city (part), Westmoreland district, Wayne County, West Virginia",0,0,0,0,0,0,0,0,0
ACSSF,2012e5,wv,000,0036,0002795,080,54,099,08000US540999362499999005100,"Census Tract 51 (part), Remainder of Westmoreland district, Westmoreland district, Wayne County, West Virginia",22,22,22,0,0,0,0,0,0
ACSSF,2012e5,wv,000,0036,0002796,080,54,099,08000US540999362499999005200,"Census Tract 52 (part), Remainder of Westmoreland district, Westmoreland district, Wayne County, West Virginia",35,20,10,10,0,10,15,15,0
ACSSF,2012e5,wv,000,0036,0002797,080,54,099,08000US540999362499999020100,"Census Tract 201 (part), Remainder of Westmoreland district, Westmoreland district, Wayne County, West Virginia",966,616,523,93,27,66,350,295,55
ACSSF,2012e5,wv,000,0036,0002798,080,54,099,08000US540999362499999020400,"Census Tract 204 (part), Remainder of Westmoreland district, Westmoreland district, Wayne County, West Virginia",604,397,307,90,0,90,207,207,0
ACSSF,2012e5,wv,000,0036,0002799,080,54,099,08000US540999362499999020600,"Census Tract 206 (part), Remainder of Westmoreland district, Westmoreland district, Wayne County, West Virginia",136,136,59,77,0,77,0,0,0
ACSSF,2012e5,wv,000,0036,0002800,080,54,101,08000US541019047100364970100,"Census Tract 9701 (part), Addison (Webster Springs) town, Central district, Webster County, West Virginia",33,33,32,1,0,1,0,0,0
ACSSF,2012e5,wv,000,0036,0002801,080,54,101,08000US541019047100364970200,"Census Tract 9702 (part), Addison (Webster Springs) town, Central district, Webster County, West Virginia",473,320,183,137,19,118,153,148,5
ACSSF,2012e5,wv,000,0036,0002802,080,54,101,08000US541019047199999970100,"Census Tract 9701 (part), Remainder of Central district, Central district, Webster County, West Virginia",515,384,266,118,71,47,131,80,51
ACSSF,2012e5,wv,000,0036,0002803,080,54,101,08000US541019047199999970200,"Census Tract 9702 (part), Remainder of Central district, Central district, Webster County, West Virginia",237,193,160,33,19,14,44,39,5
ACSSF,2012e5,wv,000,0036,0002804,080,54,101,08000US541019047199999970300,"Census Tract 9703 (part), Remainder of Central district, Central district, Webster County, West Virginia",84,43,43,0,0,0,41,35,6
ACSSF,2012e5,wv,000,0036,0002805,080,54,101,08000US541019236006436970200,"Census Tract 9702 (part), Bergoo CDP, Northern district, Webster County, West Virginia",13,13,4,9,0,9,0,0,0
ACSSF,2012e5,wv,000,0036,0002806,080,54,101,08000US541019236099999970100,"Census Tract 9701 (part), Remainder of Northern district, Northern district, Webster County, West Virginia",858,657,595,62,32,30,201,164,37
ACSSF,2012e5,wv,000,0036,0002807,080,54,101,08000US541019236099999970200,"Census Tract 9702 (part), Remainder of Northern district, Northern district, Webster County, West Virginia",305,194,145,49,15,34,111,104,7
ACSSF,2012e5,wv,000,0036,0002808,080,54,101,08000US541019292512436970300,"Census Tract 9703 (part), Camden-on-Gauley town, Southern district, Webster County, West Virginia",57,37,23,14,0,14,20,15,5
ACSSF,2012e5,wv,000,0036,0002809,080,54,101,08000US541019292518412970100,"Census Tract 9701 (part), Cowen town, Southern district, Webster County, West Virginia",15,8,8,0,0,0,7,7,0
ACSSF,2012e5,wv,000,0036,0002810,080,54,101,08000US541019292518412970300,"Census Tract 9703 (part), Cowen town, Southern district, Webster County, West Virginia",227,149,107,42,16,26,78,78,0
ACSSF,2012e5,wv,000,0036,0002811,080,54,101,08000US541019292599999970100,"Census Tract 9701 (part), Remainder of Southern district, Southern district, Webster County, West Virginia",793,481,425,56,0,56,312,244,68
ACSSF,2012e5,wv,000,0036,0002812,080,54,101,08000US541019292599999970300,"Census Tract 9703 (part), Remainder of Southern district, Southern district, Webster County, West Virginia",505,392,311,81,31,50,113,110,3
ACSSF,2012e5,wv,000,0036,0002813,080,54,103,08000US541039079439340030400,"Census Tract 304 (part), Hundred town, District 1, Wetzel County, West Virginia",120,76,65,11,2,9,44,30,14
ACSSF,2012e5,wv,000,0036,0002814,080,54,103,08000US541039079440636030500,"Census Tract 305 (part), Jacksonburg CDP, District 1, Wetzel County, West Virginia",24,8,8,0,0,0,16,16,0
ACSSF,2012e5,wv,000,0036,0002815,080,54,103,08000US541039079447788030400,"Census Tract 304 (part), Littleton CDP, District 1, Wetzel County, West Virginia",87,81,4,77,14,63,6,3,3
ACSSF,2012e5,wv,000,0036,0002816,080,54,103,08000US541039079463892030500,"Census Tract 305 (part), Pine Grove town, District 1, Wetzel County, West Virginia",232,169,117,52,10,42,63,63,0
ACSSF,2012e5,wv,000,0036,0002817,080,54,103,08000US541039079467252030500,"Census Tract 305 (part), Reader CDP, District 1, Wetzel County, West Virginia",219,140,112,28,15,13,79,79,0
ACSSF,2012e5,wv,000,0036,0002818,080,54,103,08000US541039079474788030500,"Census Tract 305 (part), Smithfield town, District 1, Wetzel County, West Virginia",88,54,36,18,4,14,34,34,0
ACSSF,2012e5,wv,000,0036,0002819,080,54,103,08000US541039079499999030400,"Census Tract 304 (part), District Remainder of 1, District 1, Wetzel County, West Virginia",485,321,291,30,22,8,164,164,0
ACSSF,2012e5,wv,000,0036,0002820,080,54,103,08000US541039079499999030500,"Census Tract 305 (part), District Remainder of 1, District 1, Wetzel County, West Virginia",1045,713,634,79,36,43,332,325,7
ACSSF,2012e5,wv,000,0036,0002821,080,54,103,08000US541039079499999030700,"Census Tract 307 (part), District Remainder of 1, District 1, Wetzel County, West Virginia",140,127,127,0,0,0,13,13,0
ACSSF,2012e5,wv,000,0036,0002822,080,54,103,08000US541039079499999030800,"Census Tract 308 (part), District Remainder of 1, District 1, Wetzel County, West Virginia",18,18,18,0,0,0,0,0,0
ACSSF,2012e5,wv,000,0036,0002823,080,54,103,08000US541039083061636030700,"Census Tract 307 (part), Paden City city (part), District 2, Wetzel County, West Virginia",843,531,402,129,39,90,312,312,0
ACSSF,2012e5,wv,000,0036,0002824,080,54,103,08000US541039083099999004900,"Census Tract 49 (part), District Remainder of 2, District 2, Wetzel County, West Virginia",74,59,12,47,0,47,15,0,15
ACSSF,2012e5,wv,000,0036,0002825,080,54,103,08000US541039083099999030400,"Census Tract 304 (part), District Remainder of 2, District 2, Wetzel County, West Virginia",587,444,338,106,35,71,143,124,19
ACSSF,2012e5,wv,000,0036,0002826,080,54,103,08000US541039083099999030500,"Census Tract 305 (part), District Remainder of 2, District 2, Wetzel County, West Virginia",145,101,101,0,0,0,44,33,11
ACSSF,2012e5,wv,000,0036,0002827,080,54,103,08000US541039083099999030700,"Census Tract 307 (part), District Remainder of 2, District 2, Wetzel County, West Virginia",387,280,232,48,0,48,107,63,44
ACSSF,2012e5,wv,000,0036,0002828,080,54,103,08000US541039083099999030800,"Census Tract 308 (part), District Remainder of 2, District 2, Wetzel County, West Virginia",228,219,191,28,18,10,9,9,0
ACSSF,2012e5,wv,000,0036,0002829,080,54,103,08000US541039086758684004900,"Census Tract 49 (part), New Martinsville city, District 3, Wetzel County, West Virginia",1464,899,733,166,5,161,565,510,55
ACSSF,2012e5,wv,000,0036,0002830,080,54,103,08000US541039086758684030700,"Census Tract 307 (part), New Martinsville city, District 3, Wetzel County, West Virginia",504,302,239,63,0,63,202,179,23
ACSSF,2012e5,wv,000,0036,0002831,080,54,103,08000US541039086758684030800,"Census Tract 308 (part), New Martinsville city, District 3, Wetzel County, West Virginia",290,185,149,36,0,36,105,83,22
ACSSF,2012e5,wv,000,0036,0002832,080,54,103,08000US541039086799999004900,"Census Tract 49 (part), District Remainder of 3, District 3, Wetzel County, West Virginia",0,0,0,0,0,0,0,0,0
ACSSF,2012e5,wv,000,0036,0002833,080,54,103,08000US541039086799999030700,"Census Tract 307 (part), District Remainder of 3, District 3, Wetzel County, West Virginia",0,0,0,0,0,0,0,0,0
ACSSF,2012e5,wv,000,0036,0002834,080,54,105,08000US541059047324364030101,"Census Tract 301.01 (part), Elizabeth town, Central district, Wirt County, West Virginia",415,261,175,86,30,56,154,132,22
ACSSF,2012e5,wv,000,0036,0002835,080,54,105,08000US541059047324364030102,"Census Tract 301.02 (part), Elizabeth town, Central district, Wirt County, West Virginia",0,0,0,0,0,0,0,0,0
ACSSF,2012e5,wv,000,0036,0002836,080,54,105,08000US541059047399999030101,"Census Tract 301.01 (part), Remainder of Central district, Central district, Wirt County, West Virginia",193,143,112,31,0,31,50,50,0
ACSSF,2012e5,wv,000,0036,0002837,080,54,105,08000US541059047399999030102,"Census Tract 301.02 (part), Remainder of Central district, Central district, Wirt County, West Virginia",161,128,124,4,0,4,33,8,25
ACSSF,2012e5,wv,000,0036,0002838,080,54,105,08000US541059234499999030101,"Census Tract 301.01 (part), Northeast district, Northeast district, Wirt County, West Virginia",85,56,56,0,0,0,29,29,0
ACSSF,2012e5,wv,000,0036,0002839,080,54,105,08000US541059234499999030102,"Census Tract 301.02 (part), Northeast district, Northeast district, Wirt County, West Virginia",585,338,242,96,0,96,247,146,101
ACSSF,2012e5,wv,000,0036,0002840,080,54,105,08000US541059295899999030101,"Census Tract 301.01 (part), Southwest district, Southwest district, Wirt County, West Virginia",770,585,531,54,12,42,185,154,31
ACSSF,2012e5,wv,000,0036,0002841,080,54,105,08000US541059295899999030102,"Census Tract 301.02 (part), Southwest district, Southwest district, Wirt County, West Virginia",94,48,42,6,0,6,46,29,17
ACSSF,2012e5,wv,000,0036,0002842,080,54,107,08000US541079058899999010601,"Census Tract 106.01 (part), Clay district, Clay district, Wood County, West Virginia",23,15,15,0,0,0,8,0,8
ACSSF,2012e5,wv,000,0036,0002843,080,54,107,08000US541079058899999010602,"Census Tract 106.02 (part), Clay district, Clay district, Wood County, West Virginia",564,480,441,39,0,39,84,71,13
ACSSF,2012e5,wv,000,0036,0002844,080,54,107,08000US541079058899999010701,"Census Tract 107.01 (part), Clay district, Clay district, Wood County, West Virginia",1984,1308,1142,166,16,150,676,558,118
ACSSF,2012e5,wv,000,0036,0002845,080,54,107,08000US541079156099999010800,"Census Tract 108 (part), Harris district, Harris district, Wood County, West Virginia",632,396,365,31,9,22,236,177,59
ACSSF,2012e5,wv,000,0036,0002846,080,54,107,08000US541079156099999010901,"Census Tract 109.01 (part), Harris district, Harris district, Wood County, West Virginia",0,0,0,0,0,0,0,0,0
ACSSF,2012e5,wv,000,0036,0002847,080,54,107,08000US541079198008308010901,"Census Tract 109.01 (part), Blennerhassett CDP, Lubeck district, Wood County, West Virginia",288,210,167,43,8,35,78,78,0
ACSSF,2012e5,wv,000,0036,0002848,080,54,107,08000US541079198008308010902,"Census Tract 109.02 (part), Blennerhassett CDP, Lubeck district, Wood County, West Virginia",1004,760,534,226,121,105,244,217,27
ACSSF,2012e5,wv,000,0036,0002849,080,54,107,08000US541079198049156010901,"Census Tract 109.01 (part), Lubeck CDP, Lubeck district, Wood County, West Virginia",507,348,271,77,56,21,159,128,31
ACSSF,2012e5,wv,000,0036,0002850,080,54,107,08000US541079198062140000902,"Census Tract 9.02 (part), Parkersburg city (part), Lubeck district, Wood County, West Virginia",439,310,259,51,19,32,129,123,6
ACSSF,2012e5,wv,000,0036,0002851,080,54,107,08000US541079198062140010902,"Census Tract 109.02 (part), Parkersburg city (part), Lubeck district, Wood County, West Virginia",0,0,0,0,0,0,0,0,0
ACSSF,2012e5,wv,000,0036,0002852,080,54,107,08000US541079198084724010901,"Census Tract 109.01 (part), Washington CDP, Lubeck district, Wood County, West Virginia",525,435,379,56,9,47,90,81,9
ACSSF,2012e5,wv,000,0036,0002853,080,54,107,08000US541079198099999000902,"Census Tract 9.02 (part), Remainder of Lubeck district, Lubeck district, Wood County, West Virginia",83,64,60,4,0,4,19,19,0
ACSSF,2012e5,wv,000,0036,0002854,080,54,107,08000US541079198099999010702,"Census Tract 107.02 (part), Remainder of Lubeck district, Lubeck district, Wood County, West Virginia",277,221,156,65,26,39,56,56,0
ACSSF,2012e5,wv,000,0036,0002855,080,54,107,08000US541079198099999010800,"Census Tract 108 (part), Remainder of Lubeck district, Lubeck district, Wood County, West Virginia",0,0,0,0,0,0,0,0,0
ACSSF,2012e5,wv,000,0036,0002856,080,54,107,08000US541079198099999010901,"Census Tract 109.01 (part), Remainder of Lubeck district, Lubeck district, Wood County, West Virginia",568,457,440,17,9,8,111,111,0
ACSSF,2012e5,wv,000,0036,0002857,080,54,107,08000US541079198099999010902,"Census Tract 109.02 (part), Remainder of Lubeck district, Lubeck district, Wood County, West Virginia",523,378,225,153,8,145,145,93,52
ACSSF,2012e5,wv,000,0036,0002858,080,54,107,08000US541079242459458010102,"Census Tract 101.02 (part), North Hills town (part), Parkersburg district, Wood County, West Virginia",83,59,38,21,19,2,24,21,3
ACSSF,2012e5,wv,000,0036,0002859,080,54,107,08000US541079242462140000100,"Census Tract 1 (part), Parkersburg city (part), Parkersburg district, Wood County, West Virginia",1401,821,638,183,44,139,580,513,67
ACSSF,2012e5,wv,000,0036,0002860,080,54,107,08000US541079242462140000300,"Census Tract 3, Parkersburg city (part), Parkersburg district, Wood County, West Virginia",1248,627,370,257,116,141,621,520,101
ACSSF,2012e5,wv,000,0036,0002861,080,54,107,08000US541079242462140000400,"Census Tract 4, Parkersburg city (part), Parkersburg district, Wood County, West Virginia",1134,645,526,119,8,111,489,462,27
ACSSF,2012e5,wv,000,0036,0002862,080,54,107,08000US541079242462140000500,"Census Tract 5, Parkersburg city (part), Parkersburg district, Wood County, West Virginia",1806,988,622,366,91,275,818,657,161
ACSSF,2012e5,wv,000,0036,0002863,080,54,107,08000US541079242462140000701,"Census Tract 7.01, Parkersburg city (part), Parkersburg district, Wood County, West Virginia",1035,528,305,223,27,196,507,390,117
ACSSF,2012e5,wv,000,0036,0002864,080,54,107,08000US541079242462140000702,"Census Tract 7.02, Parkersburg city (part), Parkersburg district, Wood County, West Virginia",719,431,372,59,0,59,288,269,19
ACSSF,2012e5,wv,000,0036,0002865,080,54,107,08000US541079242462140010102,"Census Tract 101.02 (part), Parkersburg city (part), Parkersburg district, Wood County, West Virginia",0,0,0,0,0,0,0,0,0
ACSSF,2012e5,wv,000,0036,0002866,080,54,107,08000US541079242462140010502,"Census Tract 105.02 (part), Parkersburg city (part), Parkersburg district, Wood County, West Virginia",143,67,53,14,0,14,76,76,0
ACSSF,2012e5,wv,000,0036,0002867,080,54,107,08000US541079242462140010602,"Census Tract 106.02 (part), Parkersburg city (part), Parkersburg district, Wood County, West Virginia",122,111,90,21,0,21,11,11,0
ACSSF,2012e5,wv,000,0036,0002868,080,54,107,08000US541079242462140011000,"Census Tract 110 (part), Parkersburg city (part), Parkersburg district, Wood County, West Virginia",1370,576,406,170,54,116,794,703,91
ACSSF,2012e5,wv,000,0036,0002869,080,54,107,08000US541079242483500010300,"Census Tract 103 (part), Vienna city (part), Parkersburg district, Wood County, West Virginia",85,50,25,25,0,25,35,35,0
ACSSF,2012e5,wv,000,0036,0002870,080,54,107,08000US541079242483500010400,"Census Tract 104 (part), Vienna city (part), Parkersburg district, Wood County, West Virginia",49,29,24,5,0,5,20,12,8
ACSSF,2012e5,wv,000,0036,0002871,080,54,107,08000US541079242483500010501,"Census Tract 105.01 (part), Vienna city (part), Parkersburg district, Wood County, West Virginia",676,417,333,84,14,70,259,237,22
ACSSF,2012e5,wv,000,0036,0002872,080,54,107,08000US541079242483500010502,"Census Tract 105.02 (part), Vienna city (part), Parkersburg district, Wood County, West Virginia",1466,1028,771,257,15,242,438,356,82
ACSSF,2012e5,wv,000,0036,0002873,080,54,107,08000US541079242499999000100,"Census Tract 1 (part), Remainder of Parkersburg district, Parkersburg district, Wood County, West Virginia",274,115,77,38,8,30,159,145,14
ACSSF,2012e5,wv,000,0036,0002874,080,54,107,08000US541079242499999000801,"Census Tract 8.01 (part), Remainder of Parkersburg district, Parkersburg district, Wood County, West Virginia",0,0,0,0,0,0,0,0,0
ACSSF,2012e5,wv,000,0036,0002875,080,54,107,08000US541079242499999000802,"Census Tract 8.02 (part), Remainder of Parkersburg district, Parkersburg district, Wood County, West Virginia",0,0,0,0,0,0,0,0,0
ACSSF,2012e5,wv,000,0036,0002876,080,54,107,08000US541079242499999010102,"Census Tract 101.02 (part), Remainder of Parkersburg district, Parkersburg district, Wood County, West Virginia",259,171,114,57,0,57,88,88,0
ACSSF,2012e5,wv,000,0036,0002877,080,54,107,08000US541079242499999010400,"Census Tract 104 (part), Remainder of Parkersburg district, Parkersburg district, Wood County, West Virginia",0,0,0,0,0,0,0,0,0
ACSSF,2012e5,wv,000,0036,0002878,080,54,107,08000US541079242499999010501,"Census Tract 105.01 (part), Remainder of Parkersburg district, Parkersburg district, Wood County, West Virginia",7,7,0,7,0,7,0,0,0
ACSSF,2012e5,wv,000,0036,0002879,080,54,107,08000US541079242499999010502,"Census Tract 105.02 (part), Remainder of Parkersburg district, Parkersburg district, Wood County, West Virginia",379,168,114,54,54,0,211,176,35
ACSSF,2012e5,wv,000,0036,0002880,080,54,107,08000US541079242499999010601,"Census Tract 106.01 (part), Remainder of Parkersburg district, Parkersburg district, Wood County, West Virginia",0,0,0,0,0,0,0,0,0
ACSSF,2012e5,wv,000,0036,0002881,080,54,107,08000US541079242499999010602,"Census Tract 106.02 (part), Remainder of Parkersburg district, Parkersburg district, Wood County, West Virginia",333,162,133,29,7,22,171,116,55
ACSSF,2012e5,wv,000,0036,0002882,080,54,107,08000US541079242499999010701,"Census Tract 107.01 (part), Remainder of Parkersburg district, Parkersburg district, Wood County, West Virginia",98,52,52,0,0,0,46,46,0
ACSSF,2012e5,wv,000,0036,0002883,080,54,107,08000US541079242499999011000,"Census Tract 110 (part), Remainder of Parkersburg district, Parkersburg district, Wood County, West Virginia",0,0,0,0,0,0,0,0,0
ACSSF,2012e5,wv,000,0036,0002884,080,54,107,08000US541079285654580010702,"Census Tract 107.02 (part), Mineralwells CDP, Slate district, Wood County, West Virginia",504,397,337,60,31,29,107,91,16
ACSSF,2012e5,wv,000,0036,0002885,080,54,107,08000US541079285699999010702,"Census Tract 107.02 (part), Remainder of Slate district, Slate district, Wood County, West Virginia",1149,789,706,83,59,24,360,282,78
ACSSF,2012e5,wv,000,0036,0002886,080,54,107,08000US541079285699999010800,"Census Tract 108 (part), Remainder of Slate district, Slate district, Wood County, West Virginia",0,0,0,0,0,0,0,0,0
ACSSF,2012e5,wv,000,0036,0002887,080,54,107,08000US541079302499999010702,"Census Tract 107.02 (part), Steele district, Steele district, Wood County, West Virginia",34,34,34,0,0,0,0,0,0
ACSSF,2012e5,wv,000,0036,0002888,080,54,107,08000US541079302499999010800,"Census Tract 108 (part), Steele district, Steele district, Wood County, West Virginia",470,417,363,54,0,54,53,53,0
ACSSF,2012e5,wv,000,0036,0002889,080,54,107,08000US541079318062140000801,"Census Tract 8.01 (part), Parkersburg city (part), Tygart district, Wood County, West Virginia",557,352,197,155,25,130,205,137,68
ACSSF,2012e5,wv,000,0036,0002890,080,54,107,08000US541079318062140000802,"Census Tract 8.02 (part), Parkersburg city (part), Tygart district, Wood County, West Virginia",1181,821,486,335,87,248,360,341,19
ACSSF,2012e5,wv,000,0036,0002891,080,54,107,08000US541079318062140000901,"Census Tract 9.01, Parkersburg city (part), Tygart district, Wood County, West Virginia",548,378,282,96,26,70,170,127,43
ACSSF,2012e5,wv,000,0036,0002892,080,54,107,08000US541079318062140000903,"Census Tract 9.03 (part), Parkersburg city (part), Tygart district, Wood County, West Virginia",1917,1205,884,321,75,246,712,680,32
ACSSF,2012e5,wv,000,0036,0002893,080,54,107,08000US541079318062140010702,"Census Tract 107.02 (part), Parkersburg city (part), Tygart district, Wood County, West Virginia",52,20,0,20,20,0,32,32,0
ACSSF,2012e5,wv,000,0036,0002894,080,54,107,08000US541079318099999000801,"Census Tract 8.01 (part), Remainder of Tygart district, Tygart district, Wood County, West Virginia",36,33,21,12,12,0,3,3,0
ACSSF,2012e5,wv,000,0036,0002895,080,54,107,08000US541079318099999000802,"Census Tract 8.02 (part), Remainder of Tygart district, Tygart district, Wood County, West Virginia",276,141,60,81,0,81,135,121,14
ACSSF,2012e5,wv,000,0036,0002896,080,54,107,08000US541079318099999000903,"Census Tract 9.03 (part), Remainder of Tygart district, Tygart district, Wood County, West Virginia",53,43,43,0,0,0,10,0,10
ACSSF,2012e5,wv,000,0036,0002897,080,54,107,08000US541079318099999010701,"Census Tract 107.01 (part), Remainder of Tygart district, Tygart district, Wood County, West Virginia",0,0,0,0,0,0,0,0,0
ACSSF,2012e5,wv,000,0036,0002898,080,54,107,08000US541079318099999010702,"Census Tract 107.02 (part), Remainder of Tygart district, Tygart district, Wood County, West Virginia",1142,833,597,236,69,167,309,192,117
ACSSF,2012e5,wv,000,0036,0002899,080,54,107,08000US541079318099999010800,"Census Tract 108 (part), Remainder of Tygart district, Tygart district, Wood County, West Virginia",23,16,9,7,7,0,7,7,0
ACSSF,2012e5,wv,000,0036,0002900,080,54,107,08000US541079338484916010601,"Census Tract 106.01 (part), Waverly CDP, Union district, Wood County, West Virginia",166,141,141,0,0,0,25,21,4
ACSSF,2012e5,wv,000,0036,0002901,080,54,107,08000US541079338499999010102,"Census Tract 101.02 (part), Remainder of Union district, Union district, Wood County, West Virginia",38,6,6,0,0,0,32,32,0
ACSSF,2012e5,wv,000,0036,0002902,080,54,107,08000US541079338499999010601,"Census Tract 106.01 (part), Remainder of Union district, Union district, Wood County, West Virginia",1062,832,725,107,23,84,230,177,53
ACSSF,2012e5,wv,000,0036,0002903,080,54,107,08000US541079338499999010602,"Census Tract 106.02 (part), Remainder of Union district, Union district, Wood County, West Virginia",500,417,352,65,21,44,83,57,26
ACSSF,2012e5,wv,000,0036,0002904,080,54,107,08000US541079344499999010602,"Census Tract 106.02 (part), Walker district, Walker district, Wood County, West Virginia",66,66,41,25,0,25,0,0,0
ACSSF,2012e5,wv,000,0036,0002905,080,54,107,08000US541079344499999010701,"Census Tract 107.01 (part), Walker district, Walker district, Wood County, West Virginia",373,288,197,91,33,58,85,85,0
ACSSF,2012e5,wv,000,0036,0002906,080,54,107,08000US541079367208836010101,"Census Tract 101.01 (part), Boaz CDP, Williams district, Wood County, West Virginia",667,471,408,63,17,46,196,193,3
ACSSF,2012e5,wv,000,0036,0002907,080,54,107,08000US541079367259458010102,"Census Tract 101.02 (part), North Hills town (part), Williams district, Wood County, West Virginia",237,194,158,36,18,18,43,38,5
ACSSF,2012e5,wv,000,0036,0002908,080,54,107,08000US541079367283500010101,"Census Tract 101.01 (part), Vienna city (part), Williams district, Wood County, West Virginia",6,0,0,0,0,0,6,6,0
ACSSF,2012e5,wv,000,0036,0002909,080,54,107,08000US541079367283500010102,"Census Tract 101.02 (part), Vienna city (part), Williams district, Wood County, West Virginia",0,0,0,0,0,0,0,0,0
ACSSF,2012e5,wv,000,0036,0002910,080,54,107,08000US541079367283500010300,"Census Tract 103 (part), Vienna city (part), Williams district, Wood County, West Virginia",1601,1109,995,114,12,102,492,421,71
ACSSF,2012e5,wv,000,0036,0002911,080,54,107,08000US541079367283500010400,"Census Tract 104 (part), Vienna city (part), Williams district, Wood County, West Virginia",702,495,411,84,40,44,207,207,0
ACSSF,2012e5,wv,000,0036,0002912,080,54,107,08000US541079367283500010502,"Census Tract 105.02 (part), Vienna city (part), Williams district, Wood County, West Virginia",0,0,0,0,0,0,0,0,0
ACSSF,2012e5,wv,000,0036,0002913,080,54,107,08000US541079367287556010200,"Census Tract 102 (part), Williamstown city, Williams district, Wood County, West Virginia",1224,828,684,144,55,89,396,382,14
ACSSF,2012e5,wv,000,0036,0002914,080,54,107,08000US541079367299999010101,"Census Tract 101.01 (part), Remainder of Williams district, Williams district, Wood County, West Virginia",222,174,146,28,0,28,48,48,0
ACSSF,2012e5,wv,000,0036,0002915,080,54,107,08000US541079367299999010102,"Census Tract 101.02 (part), Remainder of Williams district, Williams district, Wood County, West Virginia",74,47,16,31,18,13,27,27,0
ACSSF,2012e5,wv,000,0036,0002916,080,54,107,08000US541079367299999010200,"Census Tract 102 (part), Remainder of Williams district, Williams district, Wood County, West Virginia",22,14,14,0,0,0,8,8,0
ACSSF,2012e5,wv,000,0036,0002917,080,54,107,08000US541079367299999010300,"Census Tract 103 (part), Remainder of Williams district, Williams district, Wood County, West Virginia",172,89,74,15,0,15,83,83,0
ACSSF,2012e5,wv,000,0036,0002918,080,54,107,08000US541079367299999010400,"Census Tract 104 (part), Remainder of Williams district, Williams district, Wood County, West Virginia",40,19,19,0,0,0,21,21,0
ACSSF,2012e5,wv,000,0036,0002919,080,54,107,08000US541079367299999010502,"Census Tract 105.02 (part), Remainder of Williams district, Williams district, Wood County, West Virginia",10,10,10,0,0,0,0,0,0
ACSSF,2012e5,wv,000,0036,0002920,080,54,107,08000US541079367299999010601,"Census Tract 106.01 (part), Remainder of Williams district, Williams district, Wood County, West Virginia",555,461,386,75,23,52,94,79,15
ACSSF,2012e5,wv,000,0036,0002921,080,54,109,08000US541099079511212003200,"Census Tract 32 (part), Bud CDP, District 1, Wyoming County, West Virginia",126,118,33,85,66,19,8,8,0
ACSSF,2012e5,wv,000,0036,0002922,080,54,109,08000US541099079517836003200,"Census Tract 32 (part), Corinne CDP, District 1, Wyoming County, West Virginia",93,54,19,35,0,35,39,39,0
ACSSF,2012e5,wv,000,0036,0002923,080,54,109,08000US541099079518388003200,"Census Tract 32 (part), Covel CDP, District 1, Wyoming County, West Virginia",67,67,67,0,0,0,0,0,0
ACSSF,2012e5,wv,000,0036,0002924,080,54,109,08000US541099079531756002800,"Census Tract 28 (part), Glen Fork CDP, District 1, Wyoming County, West Virginia",58,6,6,0,0,0,52,42,10
ACSSF,2012e5,wv,000,0036,0002925,080,54,109,08000US541099079531756003100,"Census Tract 31 (part), Glen Fork CDP, District 1, Wyoming County, West Virginia",113,79,21,58,0,58,34,34,0
ACSSF,2012e5,wv,000,0036,0002926,080,54,109,08000US541099079540444003200,"Census Tract 32 (part), Itmann CDP, District 1, Wyoming County, West Virginia",86,73,61,12,0,12,13,13,0
ACSSF,2012e5,wv,000,0036,0002927,080,54,109,08000US541099079557148003200,"Census Tract 32 (part), Mullens city, District 1, Wyoming County, West Virginia",939,554,439,115,28,87,385,352,33
ACSSF,2012e5,wv,000,0036,0002928,080,54,109,08000US541099079599999002800,"Census Tract 28 (part), District Remainder of 1, District 1, Wyoming County, West Virginia",755,608,532,76,22,54,147,135,12
ACSSF,2012e5,wv,000,0036,0002929,080,54,109,08000US541099079599999003100,"Census Tract 31 (part), District Remainder of 1, District 1, Wyoming County, West Virginia",0,0,0,0,0,0,0,0,0
ACSSF,2012e5,wv,000,0036,0002930,080,54,109,08000US541099079599999003200,"Census Tract 32 (part), District Remainder of 1, District 1, Wyoming County, West Virginia",646,523,430,93,30,63,123,123,0
ACSSF,2012e5,wv,000,0036,0002931,080,54,109,08000US541099083109964002902,"Census Tract 29.02 (part), Brenton CDP, District 2, Wyoming County, West Virginia",79,54,54,0,0,0,25,25,0
ACSSF,2012e5,wv,000,0036,0002932,080,54,109,08000US541099083158756003100,"Census Tract 31 (part), New Richmond CDP, District 2, Wyoming County, West Virginia",67,67,67,0,0,0,0,0,0
ACSSF,2012e5,wv,000,0036,0002933,080,54,109,08000US541099083163940003100,"Census Tract 31 (part), Pineville town, District 2, Wyoming County, West Virginia",438,330,285,45,7,38,108,100,8
ACSSF,2012e5,wv,000,0036,0002934,080,54,109,08000US541099083163940003200,"Census Tract 32 (part), Pineville town, District 2, Wyoming County, West Virginia",0,0,0,0,0,0,0,0,0
ACSSF,2012e5,wv,000,0036,0002935,080,54,109,08000US541099083199999002800,"Census Tract 28 (part), District Remainder of 2, District 2, Wyoming County, West Virginia",47,47,47,0,0,0,0,0,0
ACSSF,2012e5,wv,000,0036,0002936,080,54,109,08000US541099083199999002901,"Census Tract 29.01 (part), District Remainder of 2, District 2, Wyoming County, West Virginia",0,0,0,0,0,0,0,0,0
ACSSF,2012e5,wv,000,0036,0002937,080,54,109,08000US541099083199999002902,"Census Tract 29.02 (part), District Remainder of 2, District 2, Wyoming County, West Virginia",226,163,113,50,8,42,63,53,10
ACSSF,2012e5,wv,000,0036,0002938,080,54,109,08000US541099083199999003000,"Census Tract 30 (part), District Remainder of 2, District 2, Wyoming County, West Virginia",809,565,487,78,38,40,244,210,34
ACSSF,2012e5,wv,000,0036,0002939,080,54,109,08000US541099083199999003100,"Census Tract 31 (part), District Remainder of 2, District 2, Wyoming County, West Virginia",1227,836,649,187,87,100,391,308,83
ACSSF,2012e5,wv,000,0036,0002940,080,54,109,08000US541099083199999003200,"Census Tract 32 (part), District Remainder of 2, District 2, Wyoming County, West Virginia",0,0,0,0,0,0,0,0,0
ACSSF,2012e5,wv,000,0036,0002941,080,54,109,08000US541099086844548002901,"Census Tract 29.01 (part), Kopperston CDP, District 3, Wyoming County, West Virginia",77,77,65,12,0,12,0,0,0
ACSSF,2012e5,wv,000,0036,0002942,080,54,109,08000US541099086852372002902,"Census Tract 29.02 (part), Matheny CDP, District 3, Wyoming County, West Virginia",186,154,126,28,0,28,32,11,21
ACSSF,2012e5,wv,000,0036,0002943,080,54,109,08000US541099086852372003100,"Census Tract 31 (part), Matheny CDP, District 3, Wyoming County, West Virginia",14,0,0,0,0,0,14,14,0
ACSSF,2012e5,wv,000,0036,0002944,080,54,109,08000US541099086860364002901,"Census Tract 29.01 (part), Oceana town, District 3, Wyoming County, West Virginia",303,247,178,69,35,34,56,46,10
ACSSF,2012e5,wv,000,0036,0002945,080,54,109,08000US541099086860364002902,"Census Tract 29.02 (part), Oceana town, District 3, Wyoming County, West Virginia",430,303,237,66,14,52,127,110,17
ACSSF,2012e5,wv,000,0036,0002946,080,54,109,08000US541099086899999002800,"Census Tract 28 (part), District Remainder of 3, District 3, Wyoming County, West Virginia",126,89,60,29,12,17,37,37,0
ACSSF,2012e5,wv,000,0036,0002947,080,54,109,08000US541099086899999002901,"Census Tract 29.01 (part), District Remainder of 3, District 3, Wyoming County, West Virginia",1432,1070,824,246,51,195,362,344,18
ACSSF,2012e5,wv,000,0036,0002948,080,54,109,08000US541099086899999002902,"Census Tract 29.02 (part), District Remainder of 3, District 3, Wyoming County, West Virginia",601,428,365,63,14,49,173,173,0
ACSSF,2012e5,wv,000,0036,0002949,080,54,109,08000US541099086899999003000,"Census Tract 30 (part), District Remainder of 3, District 3, Wyoming County, West Virginia",79,64,53,11,0,11,15,15,0
ACSSF,2012e5,wv,000,0036,0002950,080,54,109,08000US541099086899999003100,"Census Tract 31 (part), District Remainder of 3, District 3, Wyoming County, West Virginia",122,107,87,20,0,20,15,15,0
ACSSF,2012e5,wv,000,0036,0005027,155,54,045,15500US5400196045,"Logan County (part), Accoville CDP, West Virginia",184,146,139,7,7,0,38,38,0
ACSSF,2012e5,wv,000,0036,0005028,155,54,101,15500US5400364101,"Webster County (part), Addison (Webster Springs) town, West Virginia",506,353,215,138,19,119,153,148,5
ACSSF,2012e5,wv,000,0036,0005029,155,54,077,15500US5400748077,"Preston County (part), Albright town, West Virginia",114,95,85,10,5,5,19,19,0
ACSSF,2012e5,wv,000,0036,0005030,155,54,025,15500US5400772025,"Greenbrier County (part), Alderson town, West Virginia",420,260,202,58,20,38,160,140,20
ACSSF,2012e5,wv,000,0036,0005031,155,54,063,15500US5400772063,"Monroe County (part), Alderson town, West Virginia",78,57,29,28,6,22,21,21,0
ACSSF,2012e5,wv,000,0036,0005032,155,54,039,15500US5401396039,"Kanawha County (part), Alum Creek CDP, West Virginia",262,88,70,18,0,18,174,133,41
ACSSF,2012e5,wv,000,0036,0005033,155,54,043,15500US5401396043,"Lincoln County (part), Alum Creek CDP, West Virginia",496,418,248,170,75,95,78,78,0
ACSSF,2012e5,wv,000,0036,0005034,155,54,045,15500US5401660045,"Logan County (part), Amherstdale CDP, West Virginia",105,50,37,13,0,13,55,55,0
ACSSF,2012e5,wv,000,0036,0005035,155,54,047,15500US5401780047,"McDowell County (part), Anawalt town, West Virginia",142,103,63,40,9,31,39,39,0
ACSSF,2012e5,wv,000,0036,0005036,155,54,033,15500US5401900033,"Harrison County (part), Anmoore town, West Virginia",367,262,112,150,17,133,105,84,21
ACSSF,2012e5,wv,000,0036,0005037,155,54,019,15500US5401996019,"Fayette County (part), Ansted town, West Virginia",667,464,372,92,15,77,203,198,5
ACSSF,2012e5,wv,000,0036,0005038,155,54,053,15500US5402188053,"Mason County (part), Apple Grove CDP, West Virginia",74,36,36,0,0,0,38,38,0
ACSSF,2012e5,wv,000,0036,0005039,155,54,055,15500US5403292055,"Mercer County (part), Athens town, West Virginia",236,105,95,10,0,10,131,78,53
ACSSF,2012e5,wv,000,0036,0005040,155,54,085,15500US5403364085,"Ritchie County (part), Auburn town, West Virginia",45,27,13,14,3,11,18,15,3
ACSSF,2012e5,wv,000,0036,0005041,155,54,077,15500US5403460077,"Preston County (part), Aurora CDP, West Virginia",110,78,78,0,0,0,32,18,14
ACSSF,2012e5,wv,000,0036,0005042,155,54,079,15500US5404204079,"Putnam County (part), Bancroft town, West Virginia",342,214,76,138,77,61,128,120,8
ACSSF,2012e5,wv,000,0036,0005043,155,54,011,15500US5404276011,"Cabell County (part), Barboursville village, West Virginia",1614,1031,829,202,62,140,583,495,88
ACSSF,2012e5,wv,000,0036,0005044,155,54,049,15500US5404612049,"Marion County (part), Barrackville town, West Virginia",543,362,287,75,16,59,181,164,17
ACSSF,2012e5,wv,000,0036,0005045,155,54,047,15500US5404732047,"McDowell County (part), Bartley CDP, West Virginia",76,60,14,46,22,24,16,16,0
ACSSF,2012e5,wv,000,0036,0005046,155,54,075,15500US5404780075,"Pocahontas County (part), Bartow CDP, West Virginia",92,54,54,0,0,0,38,38,0
ACSSF,2012e5,wv,000,0036,0005047,155,54,065,15500US5404876065,"Morgan County (part), Bath (Berkeley Springs) town, West Virginia",444,130,82,48,0,48,314,274,40
ACSSF,2012e5,wv,000,0036,0005048,155,54,023,15500US5404924023,"Grant County (part), Bayard town, West Virginia",168,125,106,19,7,12,43,39,4
ACSSF,2012e5,wv,000,0036,0005049,155,54,019,15500US5405068019,"Fayette County (part), Beards Fork CDP, West Virginia",42,30,16,14,0,14,12,12,0
ACSSF,2012e5,wv,000,0036,0005050,155,54,081,15500US5405260081,"Raleigh County (part), Beaver CDP, West Virginia",630,402,318,84,18,66,228,228,0
ACSSF,2012e5,wv,000,0036,0005051,155,54,081,15500US5405332081,"Raleigh County (part), Beckley city, West Virginia",7433,4233,2792,1441,301,1140,3200,2766,434
ACSSF,2012e5,wv,000,0036,0005052,155,54,009,15500US5405452009,"Brooke County (part), Beech Bottom village, West Virginia",218,130,78,52,25,27,88,78,10
ACSSF,2012e5,wv,000,0036,0005053,155,54,001,15500US5405788001,"Barbour County (part), Belington town, West Virginia",752,587,401,186,40,146,165,125,40
ACSSF,2012e5,wv,000,0036,0005054,155,54,039,15500US5405836039,"Kanawha County (part), Belle town, West Virginia",617,385,233,152,44,108,232,221,11
ACSSF,2012e5,wv,000,0036,0005055,155,54,073,15500US5406004073,"Pleasants County (part), Belmont city, West Virginia",426,255,209,46,7,39,171,161,10
ACSSF,2012e5,wv,000,0036,0005056,155,54,067,15500US5406052067,"Nicholas County (part), Belva CDP, West Virginia",33,33,22,11,0,11,0,0,0
ACSSF,2012e5,wv,000,0036,0005057,155,54,051,15500US5406340051,"Marshall County (part), Benwood city, West Virginia",612,344,215,129,25,104,268,248,20
ACSSF,2012e5,wv,000,0036,0005058,155,54,101,15500US5406436101,"Webster County (part), Bergoo CDP, West Virginia",13,13,4,9,0,9,0,0,0
ACSSF,2012e5,wv,000,0036,0005059,155,54,047,15500US5406748047,"McDowell County (part), Berwind CDP, West Virginia",97,62,54,8,0,8,35,22,13
ACSSF,2012e5,wv,000,0036,0005060,155,54,009,15500US5406844009,"Brooke County (part), Bethany town, West Virginia",196,114,82,32,9,23,82,70,12
ACSSF,2012e5,wv,000,0036,0005061,155,54,069,15500US5406940069,"Ohio County (part), Bethlehem village, West Virginia",1032,693,590,103,29,74,339,315,24
ACSSF,2012e5,wv,000,0036,0005062,155,54,083,15500US5406988083,"Randolph County (part), Beverly town, West Virginia",348,241,136,105,39,66,107,103,4
ACSSF,2012e5,wv,000,0036,0005063,155,54,039,15500US5407204039,"Kanawha County (part), Big Chimney CDP, West Virginia",226,109,109,0,0,0,117,117,0
ACSSF,2012e5,wv,000,0036,0005064,155,54,045,15500US5407228045,"Logan County (part), Big Creek CDP, West Virginia",44,44,31,13,0,13,0,0,0
ACSSF,2012e5,wv,000,0036,0005065,155,54,047,15500US5407516047,"McDowell County (part), Big Sandy CDP, West Virginia",33,33,33,0,0,0,0,0,0
ACSSF,2012e5,wv,000,0036,0005066,155,54,067,15500US5407756067,"Nicholas County (part), Birch River CDP, West Virginia",43,43,43,0,0,0,0,0,0
ACSSF,2012e5,wv,000,0036,0005067,155,54,061,15500US5408092061,"Monongalia County (part), Blacksville town, West Virginia",46,27,17,10,8,2,19,16,3
ACSSF,2012e5,wv,000,0036,0005068,155,54,107,15500US5408308107,"Wood County (part), Blennerhassett CDP, West Virginia",1292,970,701,269,129,140,322,295,27
ACSSF,2012e5,wv,000,0036,0005069,155,54,055,15500US5408524055,"Mercer County (part), Bluefield city, West Virginia",4746,2781,2130,651,110,541,1965,1799,166
ACSSF,2012e5,wv,000,0036,0005070,155,54,055,15500US5408764055,"Mercer County (part), Bluewell CDP, West Virginia",901,556,455,101,39,62,345,246,99
ACSSF,2012e5,wv,000,0036,0005071,155,54,107,15500US5408836107,"Wood County (part), Boaz CDP, West Virginia",667,471,408,63,17,46,196,193,3
ACSSF,2012e5,wv,000,0036,0005072,155,54,037,15500US5408932037,"Jefferson County (part), Bolivar town, West Virginia",470,253,172,81,34,47,217,200,17
ACSSF,2012e5,wv,000,0036,0005073,155,54,081,15500US5408956081,"Raleigh County (part), Bolt CDP, West Virginia",167,125,125,0,0,0,42,34,8
ACSSF,2012e5,wv,000,0036,0005074,155,54,019,15500US5409100019,"Fayette County (part), Boomer CDP, West Virginia",382,305,190,115,67,48,77,77,0
ACSSF,2012e5,wv,000,0036,0005075,155,54,083,15500US5409364083,"Randolph County (part), Bowden CDP, West Virginia",0,0,0,0,0,0,0,0,0
ACSSF,2012e5,wv,000,0036,0005076,155,54,081,15500US5409676081,"Raleigh County (part), Bradley CDP, West Virginia",629,432,368,64,0,64,197,115,82
ACSSF,2012e5,wv,000,0036,0005077,155,54,047,15500US5409700047,"McDowell County (part), Bradshaw town, West Virginia",164,111,97,14,4,10,53,53,0
ACSSF,2012e5,wv,000,0036,0005078,155,54,055,15500US5409796055,"Mercer County (part), Bramwell town, West Virginia",189,154,99,55,13,42,35,35,0
ACSSF,2012e5,wv,000,0036,0005079,155,54,077,15500US5409844077,"Preston County (part), Brandonville town, West Virginia",71,59,50,9,1,8,12,12,0
ACSSF,2012e5,wv,000,0036,0005080,155,54,071,15500US5409868071,"Pendleton County (part), Brandywine CDP, West Virginia",105,85,47,38,10,28,20,20,0
ACSSF,2012e5,wv,000,0036,0005081,155,54,109,15500US5409964109,"Wyoming County (part), Brenton CDP, West Virginia",79,54,54,0,0,0,25,25,0
ACSSF,2012e5,wv,000,0036,0005082,155,54,033,15500US5410180033,"Harrison County (part), Bridgeport city, West Virginia",3278,2420,2020,400,76,324,858,828,30
ACSSF,2012e5,wv,000,0036,0005083,155,54,061,15500US5410420061,"Monongalia County (part), Brookhaven CDP, West Virginia",1878,1235,932,303,113,190,643,470,173
ACSSF,2012e5,wv,000,0036,0005084,155,54,077,15500US5410852077,"Preston County (part), Bruceton Mills town, West Virginia",34,28,13,15,7,8,6,6,0
ACSSF,2012e5,wv,000,0036,0005085,155,54,045,15500US5410876045,"Logan County (part), Bruno CDP, West Virginia",171,156,135,21,0,21,15,15,0
ACSSF,2012e5,wv,000,0036,0005086,155,54,055,15500US5410948055,"Mercer County (part), Brush Fork CDP, West Virginia",429,287,150,137,38,99,142,94,48
ACSSF,2012e5,wv,000,0036,0005087,155,54,097,15500US5411188097,"Upshur County (part), Buckhannon city, West Virginia",1834,1123,819,304,47,257,711,597,114
ACSSF,2012e5,wv,000,0036,0005088,155,54,109,15500US5411212109,"Wyoming County (part), Bud CDP, West Virginia",126,118,33,85,66,19,8,8,0
ACSSF,2012e5,wv,000,0036,0005089,155,54,079,15500US5411284079,"Putnam County (part), Buffalo town, West Virginia",511,331,273,58,26,32,180,138,42
ACSSF,2012e5,wv,000,0036,0005090,155,54,057,15500US5411620057,"Mineral County (part), Burlington CDP, West Virginia",16,16,16,0,0,0,0,0,0
ACSSF,2012e5,wv,000,0036,0005091,155,54,007,15500US5411716007,"Braxton County (part), Burnsville town, West Virginia",217,149,81,68,28,40,68,56,12
ACSSF,2012e5,wv,000,0036,0005092,155,54,085,15500US5412124085,"Ritchie County (part), Cairo town, West Virginia",143,100,62,38,20,18,43,36,7
ACSSF,2012e5,wv,000,0036,0005093,155,54,101,15500US5412436101,"Webster County (part), Camden-on-Gauley town, West Virginia",57,37,23,14,0,14,20,15,5
ACSSF,2012e5,wv,000,0036,0005094,155,54,051,15500US5412484051,"Marshall County (part), Cameron city, West Virginia",391,259,217,42,16,26,132,111,21
ACSSF,2012e5,wv,000,0036,0005095,155,54,027,15500US5413108027,"Hampshire County (part), Capon Bridge town, West Virginia",207,93,51,42,0,42,114,99,15
ACSSF,2012e5,wv,000,0036,0005096,155,54,049,15500US5413468049,"Marion County (part), Carolina CDP, West Virginia",158,148,125,23,23,0,10,10,0
ACSSF,2012e5,wv,000,0036,0005097,155,54,057,15500US5413525057,"Mineral County (part), Carpendale town, West Virginia",353,255,225,30,7,23,98,86,12
ACSSF,2012e5,wv,000,0036,0005098,155,54,075,15500US5413684075,"Pocahontas County (part), Cass CDP, West Virginia",0,0,0,0,0,0,0,0,0
ACSSF,2012e5,wv,000,0036,0005099,155,54,061,15500US5413756061,"Monongalia County (part), Cassville CDP, West Virginia",256,178,178,0,0,0,78,78,0
ACSSF,2012e5,wv,000,0036,0005100,155,54,039,15500US5413924039,"Kanawha County (part), Cedar Grove town, West Virginia",381,270,165,105,32,73,111,87,24
ACSSF,2012e5,wv,000,0036,0005101,155,54,001,15500US5414212001,"Barbour County (part), Century CDP, West Virginia",28,22,13,9,0,9,6,6,0
ACSSF,2012e5,wv,000,0036,0005102,155,54,099,15500US5414308099,"Wayne County (part), Ceredo city, West Virginia",742,373,245,128,57,71,369,278,91
ACSSF,2012e5,wv,000,0036,0005103,155,54,045,15500US5414524045,"Logan County (part), Chapmanville town, West Virginia",658,420,307,113,3,110,238,205,33
ACSSF,2012e5,wv,000,0036,0005104,155,54,039,15500US5414600039,"Kanawha County (part), Charleston city, West Virginia",23483,12265,8612,3653,839,2814,11218,9833,1385
ACSSF,2012e5,wv,000,0036,0005105,155,54,037,15500US5414610037,"Jefferson County (part), Charles Town city, West Virginia",2021,1344,1100,244,32,212,677,597,80
ACSSF,2012e5,wv,000,0036,0005106,155,54,019,15500US5414630019,"Fayette County (part), Charlton Heights CDP, West Virginia",131,98,82,16,0,16,33,19,14
ACSSF,2012e5,wv,000,0036,0005107,155,54,059,15500US5414692059,"Mingo County (part), Chattaroy CDP, West Virginia",285,214,173,41,0,41,71,71,0
ACSSF,2012e5,wv,000,0036,0005108,155,54,045,15500US5414716045,"Logan County (part), Chauncey CDP, West Virginia",86,86,64,22,0,22,0,0,0
ACSSF,2012e5,wv,000,0036,0005109,155,54,061,15500US5414775061,"Monongalia County (part), Cheat Lake CDP, West Virginia",2910,2054,1879,175,53,122,856,718,138
ACSSF,2012e5,wv,000,0036,0005110,155,54,039,15500US5414812039,"Kanawha County (part), Chelyan CDP, West Virginia",412,146,72,74,36,38,266,211,55
ACSSF,2012e5,wv,000,0036,0005111,155,54,039,15500US5415028039,"Kanawha County (part), Chesapeake town, West Virginia",748,438,269,169,43,126,310,258,52
ACSSF,2012e5,wv,000,0036,0005112,155,54,029,15500US5415076029,"Hancock County (part), Chester city, West Virginia",1194,691,570,121,42,79,503,464,39
ACSSF,2012e5,wv,000,0036,0005113,155,54,033,15500US5415628033,"Harrison County (part), Clarksburg city, West Virginia",6708,4022,2735,1287,208,1079,2686,2292,394
ACSSF,2012e5,wv,000,0036,0005114,155,54,015,15500US5415676015,"Clay County (part), Clay town, West Virginia",225,115,102,13,0,13,110,95,15
ACSSF,2012e5,wv,000,0036,0005115,155,54,069,15500US5415916069,"Ohio County (part), Clearview village, West Virginia",230,177,164,13,0,13,53,48,5
ACSSF,2012e5,wv,000,0036,0005116,155,54,039,15500US5416012039,"Kanawha County (part), Clendenin town, West Virginia",467,348,260,88,11,77,119,105,14
ACSSF,2012e5,wv,000,0036,0005117,155,54,081,15500US5416516081,"Raleigh County (part), Coal City CDP, West Virginia",623,452,413,39,0,39,171,154,17
ACSSF,2012e5,wv,000,0036,0005118,155,54,039,15500US5416612039,"Kanawha County (part), Coal Fork CDP, West Virginia",576,361,310,51,0,51,215,158,57
ACSSF,2012e5,wv,000,0036,0005119,155,54,005,15500US5417380005,"Boone County (part), Comfort CDP, West Virginia",117,117,117,0,0,0,0,0,0
ACSSF,2012e5,wv,000,0036,0005120,155,54,109,15500US5417836109,"Wyoming County (part), Corinne CDP, West Virginia",93,54,19,35,0,35,39,39,0
ACSSF,2012e5,wv,000,0036,0005121,155,54,109,15500US5418388109,"Wyoming County (part), Covel CDP, West Virginia",67,67,67,0,0,0,0,0,0
ACSSF,2012e5,wv,000,0036,0005122,155,54,101,15500US5418412101,"Webster County (part), Cowen town, West Virginia",242,157,115,42,16,26,85,85,0
ACSSF,2012e5,wv,000,0036,0005123,155,54,081,15500US5418508081,"Raleigh County (part), Crab Orchard CDP, West Virginia",1201,836,724,112,42,70,365,310,55
ACSSF,2012e5,wv,000,0036,0005124,155,54,067,15500US5418604067,"Nicholas County (part), Craigsville CDP, West Virginia",933,679,514,165,38,127,254,254,0
ACSSF,2012e5,wv,000,0036,0005125,155,54,039,15500US5419108039,"Kanawha County (part), Cross Lanes CDP, West Virginia",4051,2335,1804,531,106,425,1716,1350,366
ACSSF,2012e5,wv,000,0036,0005126,155,54,099,15500US5419300099,"Wayne County (part), Crum CDP, West Virginia",33,19,11,8,0,8,14,14,0
ACSSF,2012e5,wv,000,0036,0005127,155,54,047,15500US5419324047,"McDowell County (part), Crumpler CDP, West Virginia",100,90,63,27,16,11,10,10,0
ACSSF,2012e5,wv,000,0036,0005128,155,54,047,15500US5419492047,"McDowell County (part), Cucumber CDP, West Virginia",0,0,0,0,0,0,0,0,0
ACSSF,2012e5,wv,000,0036,0005129,155,54,011,15500US5419516011,"Cabell County (part), Culloden CDP, West Virginia",1047,768,600,168,56,112,279,242,37
ACSSF,2012e5,wv,000,0036,0005130,155,54,079,15500US5419516079,"Putnam County (part), Culloden CDP, West Virginia",81,66,32,34,10,24,15,15,0
ACSSF,2012e5,wv,000,0036,0005131,155,54,083,15500US5419948083,"Randolph County (part), Dailey CDP, West Virginia",30,18,18,0,0,0,12,12,0
ACSSF,2012e5,wv,000,0036,0005132,155,54,081,15500US5420164081,"Raleigh County (part), Daniels CDP, West Virginia",752,448,407,41,0,41,304,304,0
ACSSF,2012e5,wv,000,0036,0005133,155,54,005,15500US5420212005,"Boone County (part), Danville town, West Virginia",432,221,171,50,2,48,211,194,17
ACSSF,2012e5,wv,000,0036,0005134,155,54,093,15500US5420428093,"Tucker County (part), Davis town, West Virginia",276,167,155,12,0,12,109,107,2
ACSSF,2012e5,wv,000,0036,0005135,155,54,047,15500US5420500047,"McDowell County (part), Davy town, West Virginia",118,83,73,10,2,8,35,31,4
ACSSF,2012e5,wv,000,0036,0005136,155,54,019,15500US5420764019,"Fayette County (part), Deep Water CDP, West Virginia",97,50,12,38,0,38,47,47,0
ACSSF,2012e5,wv,000,0036,0005137,155,54,059,15500US5420980059,"Mingo County (part), Delbarton town, West Virginia",468,349,273,76,28,48,119,119,0
ACSSF,2012e5,wv,000,0036,0005138,155,54,033,15500US5421316033,"Harrison County (part), Despard CDP, West Virginia",343,229,179,50,0,50,114,114,0
ACSSF,2012e5,wv,000,0036,0005139,155,54,019,15500US5421628019,"Fayette County (part), Dixie CDP, West Virginia",23,23,23,0,0,0,0,0,0
ACSSF,2012e5,wv,000,0036,0005140,155,54,067,15500US5421628067,"Nicholas County (part), Dixie CDP, West Virginia",61,61,61,0,0,0,0,0,0
ACSSF,2012e5,wv,000,0036,0005141,155,54,039,15500US5422564039,"Kanawha County (part), Dunbar city, West Virginia",3507,2077,1183,894,186,708,1430,1216,214
ACSSF,2012e5,wv,000,0036,0005142,155,54,075,15500US5422852075,"Pocahontas County (part), Durbin town, West Virginia",133,86,66,20,5,15,47,37,10
ACSSF,2012e5,wv,000,0036,0005143,155,54,039,15500US5423092039,"Kanawha County (part), East Bank town, West Virginia",442,337,225,112,25,87,105,95,10
ACSSF,2012e5,wv,000,0036,0005144,155,54,083,15500US5423140083,"Randolph County (part), East Dailey CDP, West Virginia",158,76,76,0,0,0,82,82,0
ACSSF,2012e5,wv,000,0036,0005145,155,54,081,15500US5423644081,"Raleigh County (part), Eccles CDP, West Virginia",108,15,15,0,0,0,93,44,49
ACSSF,2012e5,wv,000,0036,0005146,155,54,079,15500US5424292079,"Putnam County (part), Eleanor town, West Virginia",788,591,492,99,18,81,197,146,51
ACSSF,2012e5,wv,000,0036,0005147,155,54,105,15500US5424364105,"Wirt County (part), Elizabeth town, West Virginia",415,261,175,86,30,56,154,132,22
ACSSF,2012e5,wv,000,0036,0005148,155,54,057,15500US5424484057,"Mineral County (part), Elk Garden town, West Virginia",102,50,38,12,2,10,52,50,2
ACSSF,2012e5,wv,000,0036,0005149,155,54,083,15500US5424580083,"Randolph County (part), Elkins city, West Virginia",2954,1756,1229,527,126,401,1198,1093,105
ACSSF,2012e5,wv,000,0036,0005150,155,54,039,15500US5424748039,"Kanawha County (part), Elkview CDP, West Virginia",513,353,261,92,20,72,160,131,29
ACSSF,2012e5,wv,000,0036,0005151,155,54,085,15500US5424844085,"Ritchie County (part), Ellenboro town, West Virginia",200,144,127,17,2,15,56,48,8
ACSSF,2012e5,wv,000,0036,0005152,155,54,033,15500US5425516033,"Harrison County (part), Enterprise CDP, West Virginia",358,286,208,78,16,62,72,44,28
ACSSF,2012e5,wv,000,0036,0005153,155,54,025,15500US5426428025,"Greenbrier County (part), Fairlea CDP, West Virginia",809,511,320,191,60,131,298,241,57
ACSSF,2012e5,wv,000,0036,0005154,155,54,049,15500US5426452049,"Marion County (part), Fairmont city, West Virginia",7908,4440,3073,1367,341,1026,3468,2746,722
ACSSF,2012e5,wv,000,0036,0005155,155,54,049,15500US5426524049,"Marion County (part), Fairview town, West Virginia",159,94,67,27,14,13,65,53,12
ACSSF,2012e5,wv,000,0036,0005156,155,54,025,15500US5426692025,"Greenbrier County (part), Falling Spring town, West Virginia",129,63,49,14,5,9,66,61,5
ACSSF,2012e5,wv,000,0036,0005157,155,54,003,15500US5426716003,"Berkeley County (part), Falling Waters CDP, West Virginia",298,231,184,47,10,37,67,67,0
ACSSF,2012e5,wv,000,0036,0005158,155,54,019,15500US5426812019,"Fayette County (part), Falls View CDP, West Virginia",52,24,24,0,0,0,28,28,0
ACSSF,2012e5,wv,000,0036,0005159,155,54,049,15500US5426932049,"Marion County (part), Farmington town, West Virginia",203,137,98,39,13,26,66,49,17
ACSSF,2012e5,wv,000,0036,0005160,155,54,019,15500US5427028019,"Fayette County (part), Fayetteville town, West Virginia",1190,727,523,204,89,115,463,422,41
ACSSF,2012e5,wv,000,0036,0005161,155,54,067,15500US5427196067,"Nicholas County (part), Fenwick CDP, West Virginia",55,51,36,15,15,0,4,0,4
ACSSF,2012e5,wv,000,0036,0005162,155,54,007,15500US5427868007,"Braxton County (part), Flatwoods town, West Virginia",172,104,88,16,3,13,68,49,19
ACSSF,2012e5,wv,000,0036,0005163,155,54,091,15500US5427940091,"Taylor County (part), Flemington town, West Virginia",120,96,72,24,4,20,24,22,2
ACSSF,2012e5,wv,000,0036,0005164,155,54,009,15500US5428204009,"Brooke County (part), Follansbee city, West Virginia",1413,761,499,262,92,170,652,491,161
ACSSF,2012e5,wv,000,0036,0005165,155,54,057,15500US5428444057,"Mineral County (part), Fort Ashby CDP, West Virginia",667,383,319,64,0,64,284,251,33
ACSSF,2012e5,wv,000,0036,0005166,155,54,099,15500US5428516099,"Wayne County (part), Fort Gay town, West Virginia",408,243,156,87,23,64,165,158,7
ACSSF,2012e5,wv,000,0036,0005167,155,54,075,15500US5428948075,"Pocahontas County (part), Frank CDP, West Virginia",24,14,0,14,4,10,10,10,0
ACSSF,2012e5,wv,000,0036,0005168,155,54,071,15500US5429044071,"Pendleton County (part), Franklin town, West Virginia",329,166,109,57,8,49,163,147,16
ACSSF,2012e5,wv,000,0036,0005169,155,54,095,15500US5429404095,"Tyler County (part), Friendly town, West Virginia",43,28,26,2,0,2,15,15,0
ACSSF,2012e5,wv,000,0036,0005170,155,54,053,15500US5429716053,"Mason County (part), Gallipolis Ferry CDP, West Virginia",444,345,263,82,37,45,99,89,10
ACSSF,2012e5,wv,000,0036,0005171,155,54,001,15500US5429740001,"Barbour County (part), Galloway CDP, West Virginia",43,43,43,0,0,0,0,0,0
ACSSF,2012e5,wv,000,0036,0005172,155,54,047,15500US5430196047,"McDowell County (part), Gary city, West Virginia",384,254,161,93,8,85,130,118,12
ACSSF,2012e5,wv,000,0036,0005173,155,54,007,15500US5430220007,"Braxton County (part), Gassaway town, West Virginia",389,218,161,57,16,41,171,148,23
ACSSF,2012e5,wv,000,0036,0005174,155,54,019,15500US5430364019,"Fayette County (part), Gauley Bridge town, West Virginia",271,202,119,83,13,70,69,65,4
ACSSF,2012e5,wv,000,0036,0005175,155,54,081,15500US5430724081,"Raleigh County (part), Ghent CDP, West Virginia",209,154,116,38,0,38,55,35,20
ACSSF,2012e5,wv,000,0036,0005176,155,54,059,15500US5430772059,"Mingo County (part), Gilbert town, West Virginia",309,217,135,82,39,43,92,86,6
ACSSF,2012e5,wv,000,0036,0005177,155,54,059,15500US5430777059,"Mingo County (part), Gilbert Creek CDP, West Virginia",469,391,380,11,0,11,78,78,0
ACSSF,2012e5,wv,000,0036,0005178,155,54,039,15500US5431324039,"Kanawha County (part), Glasgow town, West Virginia",254,202,150,52,26,26,52,52,0
ACSSF,2012e5,wv,000,0036,0005179,155,54,051,15500US5431492051,"Marshall County (part), Glen Dale city, West Virginia",700,491,369,122,48,74,209,191,18
ACSSF,2012e5,wv,000,0036,0005180,155,54,019,15500US5431732019,"Fayette County (part), Glen Ferris CDP, West Virginia",48,38,38,0,0,0,10,10,0
ACSSF,2012e5,wv,000,0036,0005181,155,54,109,15500US5431756109,"Wyoming County (part), Glen Fork CDP, West Virginia",171,85,27,58,0,58,86,76,10
ACSSF,2012e5,wv,000,0036,0005182,155,54,019,15500US5431876019,"Fayette County (part), Glen Jean CDP, West Virginia",100,100,63,37,0,37,0,0,0
ACSSF,2012e5,wv,000,0036,0005183,155,54,021,15500US5432044021,"Gilmer County (part), Glenville town, West Virginia",573,274,124,150,19,131,299,210,89
ACSSF,2012e5,wv,000,0036,0005184,155,54,081,15500US5432068081,"Raleigh County (part), Glen White CDP, West Virginia",230,122,122,0,0,0,108,108,0
ACSSF,2012e5,wv,000,0036,0005185,155,54,091,15500US5432716091,"Taylor County (part), Grafton city, West Virginia",2182,1364,864,500,94,406,818,737,81
ACSSF,2012e5,wv,000,0036,0005186,155,54,013,15500US5432884013,"Calhoun County (part), Grantsville town, West Virginia",213,150,71,79,45,34,63,61,2
ACSSF,2012e5,wv,000,0036,0005187,155,54,049,15500US5432908049,"Marion County (part), Grant Town town, West Virginia",222,143,109,34,8,26,79,77,2
ACSSF,2012e5,wv,000,0036,0005188,155,54,061,15500US5432932061,"Monongalia County (part), Granville town, West Virginia",262,126,75,51,22,29,136,124,12
ACSSF,2012e5,wv,000,0036,0005189,155,54,065,15500US5433100065,"Morgan County (part), Great Cacapon CDP, West Virginia",128,96,53,43,0,43,32,16,16
ACSSF,2012e5,wv,000,0036,0005190,155,54,075,15500US5433124075,"Pocahontas County (part), Green Bank CDP, West Virginia",60,60,60,0,0,0,0,0,0
ACSSF,2012e5,wv,000,0036,0005191,155,54,027,15500US5433436027,"Hampshire County (part), Green Spring CDP, West Virginia",93,19,19,0,0,0,74,68,6
ACSSF,2012e5,wv,000,0036,0005192,155,54,005,15500US5433580005,"Boone County (part), Greenview CDP, West Virginia",133,83,28,55,10,45,50,50,0
ACSSF,2012e5,wv,000,0036,0005193,155,54,033,15500US5434180033,"Harrison County (part), Gypsy CDP, West Virginia",130,37,15,22,17,5,93,77,16
ACSSF,2012e5,wv,000,0036,0005194,155,54,093,15500US5434492093,"Tucker County (part), Hambleton town, West Virginia",101,50,42,8,3,5,51,31,20
ACSSF,2012e5,wv,000,0036,0005195,155,54,043,15500US5434516043,"Lincoln County (part), Hamlin town, West Virginia",519,336,201,135,34,101,183,166,17
ACSSF,2012e5,wv,000,0036,0005196,155,54,039,15500US5434756039,"Kanawha County (part), Handley town, West Virginia",130,76,60,16,10,6,54,45,9
ACSSF,2012e5,wv,000,0036,0005197,155,54,083,15500US5435092083,"Randolph County (part), Harman town, West Virginia",101,64,53,11,0,11,37,37,0
ACSSF,2012e5,wv,000,0036,0005198,155,54,037,15500US5435284037,"Jefferson County (part), Harpers Ferry town, West Virginia",121,62,62,0,0,0,59,49,10
ACSSF,2012e5,wv,000,0036,0005199,155,54,085,15500US5435428085,"Ritchie County (part), Harrisville town, West Virginia",856,554,388,166,38,128,302,281,21
ACSSF,2012e5,wv,000,0036,0005200,155,54,053,15500US5435500053,"Mason County (part), Hartford City town, West Virginia",257,198,132,66,18,48,59,49,10
ACSSF,2012e5,wv,000,0036,0005201,155,54,043,15500US5435596043,"Lincoln County (part), Harts CDP, West Virginia",278,205,117,88,13,75,73,73,0
ACSSF,2012e5,wv,000,0036,0005202,155,54,003,15500US5436220003,"Berkeley County (part), Hedgesville town, West Virginia",116,65,52,13,2,11,51,44,7
ACSSF,2012e5,wv,000,0036,0005203,155,54,081,15500US5436292081,"Raleigh County (part), Helen CDP, West Virginia",57,57,0,57,0,57,0,0,0
ACSSF,2012e5,wv,000,0036,0005204,155,54,083,15500US5436340083,"Randolph County (part), Helvetia CDP, West Virginia",0,0,0,0,0,0,0,0,0
ACSSF,2012e5,wv,000,0036,0005205,155,54,053,15500US5436436053,"Mason County (part), Henderson town, West Virginia",84,51,41,10,2,8,33,30,3
ACSSF,2012e5,wv,000,0036,0005206,155,54,093,15500US5436460093,"Tucker County (part), Hendricks town, West Virginia",144,102,80,22,6,16,42,41,1
ACSSF,2012e5,wv,000,0036,0005207,155,54,045,15500US5436484045,"Logan County (part), Henlawson CDP, West Virginia",99,84,84,0,0,0,15,15,0
ACSSF,2012e5,wv,000,0036,0005208,155,54,033,15500US5436628033,"Harrison County (part), Hepzibah CDP, West Virginia",185,146,120,26,0,26,39,39,0
ACSSF,2012e5,wv,000,0036,0005209,155,54,019,15500US5437036019,"Fayette County (part), Hico CDP, West Virginia",66,66,42,24,0,24,0,0,0
ACSSF,2012e5,wv,000,0036,0005210,155,54,075,15500US5437372075,"Pocahontas County (part), Hillsboro town, West Virginia",101,54,36,18,7,11,47,44,3
ACSSF,2012e5,wv,000,0036,0005211,155,54,019,15500US5437444019,"Fayette County (part), Hilltop CDP, West Virginia",164,152,65,87,0,87,12,12,0
ACSSF,2012e5,wv,000,0036,0005212,155,54,089,15500US5437636089,"Summers County (part), Hinton city, West Virginia",1166,647,440,207,80,127,519,497,22
ACSSF,2012e5,wv,000,0036,0005213,155,54,045,15500US5437948045,"Logan County (part), Holden CDP, West Virginia",293,261,200,61,10,51,32,32,0
ACSSF,2012e5,wv,000,0036,0005214,155,54,079,15500US5438260079,"Putnam County (part), Hometown CDP, West Virginia",215,184,135,49,0,49,31,31,0
ACSSF,2012e5,wv,000,0036,0005215,155,54,009,15500US5438476009,"Brooke County (part), Hooverson Heights CDP, West Virginia",1183,798,617,181,65,116,385,348,37
ACSSF,2012e5,wv,000,0036,0005216,155,54,103,15500US5439340103,"Wetzel County (part), Hundred town, West Virginia",120,76,65,11,2,9,44,30,14
ACSSF,2012e5,wv,000,0036,0005217,155,54,075,15500US5439412075,"Pocahontas County (part), Huntersville CDP, West Virginia",133,83,69,14,0,14,50,50,0
ACSSF,2012e5,wv,000,0036,0005218,155,54,011,15500US5439460011,"Cabell County (part), Huntington city, West Virginia",19943,10140,6445,3695,832,2863,9803,7957,1846
ACSSF,2012e5,wv,000,0036,0005219,155,54,099,15500US5439460099,"Wayne County (part), Huntington city, West Virginia",1639,981,713,268,66,202,658,586,72
ACSSF,2012e5,wv,000,0036,0005220,155,54,079,15500US5439532079,"Putnam County (part), Hurricane city, West Virginia",2314,1831,1473,358,84,274,483,454,29
ACSSF,2012e5,wv,000,0036,0005221,155,54,083,15500US5439628083,"Randolph County (part), Huttonsville town, West Virginia",96,54,49,5,2,3,42,31,11
ACSSF,2012e5,wv,000,0036,0005222,155,54,047,15500US5439652047,"McDowell County (part), Iaeger town, West Virginia",131,84,73,11,2,9,47,46,1
ACSSF,2012e5,wv,000,0036,0005223,155,54,049,15500US5439676049,"Marion County (part), Idamay CDP, West Virginia",108,76,64,12,0,12,32,32,0
ACSSF,2012e5,wv,000,0036,0005224,155,54,003,15500US5440204003,"Berkeley County (part), Inwood CDP, West Virginia",920,644,414,230,109,121,276,242,34
ACSSF,2012e5,wv,000,0036,0005225,155,54,109,15500US5440444109,"Wyoming County (part), Itmann CDP, West Virginia",86,73,61,12,0,12,13,13,0
ACSSF,2012e5,wv,000,0036,0005226,155,54,103,15500US5440636103,"Wetzel County (part), Jacksonburg CDP, West Virginia",24,8,8,0,0,0,16,16,0
ACSSF,2012e5,wv,000,0036,0005227,155,54,041,15500US5440828041,"Lewis County (part), Jane Lew town, West Virginia",247,108,84,24,0,24,139,131,8
ACSSF,2012e5,wv,000,0036,0005228,155,54,039,15500US5441010039,"Kanawha County (part), Jefferson CDP, West Virginia",238,147,85,62,32,30,91,85,6
ACSSF,2012e5,wv,000,0036,0005229,155,54,001,15500US5442244001,"Barbour County (part), Junior town, West Virginia",184,121,65,56,41,15,63,63,0
ACSSF,2012e5,wv,000,0036,0005230,155,54,059,15500US5442292059,"Mingo County (part), Justice CDP, West Virginia",141,78,78,0,0,0,63,63,0
ACSSF,2012e5,wv,000,0036,0005231,155,54,099,15500US5443180099,"Wayne County (part), Kenova city, West Virginia",1436,771,474,297,96,201,665,637,28
ACSSF,2012e5,wv,000,0036,0005232,155,54,059,15500US5443300059,"Mingo County (part), Kermit town, West Virginia",251,227,136,91,23,68,24,24,0
ACSSF,2012e5,wv,000,0036,0005233,155,54,057,15500US5443492057,"Mineral County (part), Keyser city, West Virginia",2640,1126,748,378,34,344,1514,1477,37
ACSSF,2012e5,wv,000,0036,0005234,155,54,047,15500US5443516047,"McDowell County (part), Keystone city, West Virginia",139,80,40,40,9,31,59,59,0
ACSSF,2012e5,wv,000,0036,0005235,155,54,047,15500US5443780047,"McDowell County (part), Kimball town, West Virginia",130,111,68,43,6,37,19,19,0
ACSSF,2012e5,wv,000,0036,0005236,155,54,019,15500US5443828019,"Fayette County (part), Kimberly CDP, West Virginia",90,78,51,27,15,12,12,12,0
ACSSF,2012e5,wv,000,0036,0005237,155,54,019,15500US5443852019,"Fayette County (part), Kincaid CDP, West Virginia",93,82,54,28,0,28,11,11,0
ACSSF,2012e5,wv,000,0036,0005238,155,54,077,15500US5444044077,"Preston County (part), Kingwood city, West Virginia",1383,814,687,127,0,127,569,533,36
ACSSF,2012e5,wv,000,0036,0005239,155,54,045,15500US5444188045,"Logan County (part), Kistler CDP, West Virginia",187,113,50,63,0,63,74,57,17
ACSSF,2012e5,wv,000,0036,0005240,155,54,109,15500US5444548109,"Wyoming County (part), Kopperston CDP, West Virginia",77,77,65,12,0,12,0,0,0
ACSSF,2012e5,wv,000,0036,0005241,155,54,055,15500US5445292055,"Mercer County (part), Lashmeet CDP, West Virginia",100,94,70,24,0,24,6,6,0
ACSSF,2012e5,wv,000,0036,0005242,155,54,099,15500US5445580099,"Wayne County (part), Lavalette CDP, West Virginia",442,257,240,17,0,17,185,185,0
ACSSF,2012e5,wv,000,0036,0005243,155,54,053,15500US5446300053,"Mason County (part), Leon town, West Virginia",55,41,35,6,2,4,14,11,3
ACSSF,2012e5,wv,000,0036,0005244,155,54,011,15500US5446420011,"Cabell County (part), Lesage CDP, West Virginia",663,467,372,95,7,88,196,179,17
ACSSF,2012e5,wv,000,0036,0005245,155,54,081,15500US5446468081,"Raleigh County (part), Lester town, West Virginia",139,98,56,42,2,40,41,40,1
ACSSF,2012e5,wv,000,0036,0005246,155,54,025,15500US5446636025,"Greenbrier County (part), Lewisburg city, West Virginia",1887,959,815,144,50,94,928,798,130
ACSSF,2012e5,wv,000,0036,0005247,155,54,103,15500US5447788103,"Wetzel County (part), Littleton CDP, West Virginia",87,81,4,77,14,63,6,3,3
ACSSF,2012e5,wv,000,0036,0005248,155,54,045,15500US5448148045,"Logan County (part), Logan city, West Virginia",983,540,343,197,37,160,443,355,88
ACSSF,2012e5,wv,000,0036,0005249,155,54,033,15500US5448748033,"Harrison County (part), Lost Creek town, West Virginia",130,106,63,43,4,39,24,22,2
ACSSF,2012e5,wv,000,0036,0005250,155,54,107,15500US5449156107,"Wood County (part), Lubeck CDP, West Virginia",507,348,271,77,56,21,159,128,31
ACSSF,2012e5,wv,000,0036,0005251,155,54,033,15500US5449252033,"Harrison County (part), Lumberport town, West Virginia",516,392,254,138,47,91,124,115,9
ACSSF,2012e5,wv,000,0036,0005252,155,54,081,15500US5449492081,"Raleigh County (part), Mabscott town, West Virginia",522,351,299,52,0,52,171,133,38
ACSSF,2012e5,wv,000,0036,0005253,155,54,081,15500US5449564081,"Raleigh County (part), MacArthur CDP, West Virginia",826,496,287,209,126,83,330,310,20
ACSSF,2012e5,wv,000,0036,0005254,155,54,045,15500US5449732045,"Logan County (part), McConnell CDP, West Virginia",223,188,188,0,0,0,35,35,0
ACSSF,2012e5,wv,000,0036,0005255,155,54,051,15500US5450260051,"Marshall County (part), McMechen city, West Virginia",777,415,310,105,46,59,362,355,7
ACSSF,2012e5,wv,000,0036,0005256,155,54,005,15500US5450524005,"Boone County (part), Madison city, West Virginia",1380,910,647,263,97,166,470,427,43
ACSSF,2012e5,wv,000,0036,0005257,155,54,045,15500US5450860045,"Logan County (part), Mallory CDP, West Virginia",574,363,282,81,28,53,211,211,0
ACSSF,2012e5,wv,000,0036,0005258,155,54,045,15500US5450932045,"Logan County (part), Man town, West Virginia",852,572,448,124,9,115,280,228,52
ACSSF,2012e5,wv,000,0036,0005259,155,54,049,15500US5451100049,"Marion County (part), Mannington city, West Virginia",770,557,379,178,82,96,213,180,33
ACSSF,2012e5,wv,000,0036,0005260,155,54,075,15500US5451676075,"Pocahontas County (part), Marlinton town, West Virginia",541,290,156,134,44,90,251,200,51
ACSSF,2012e5,wv,000,0036,0005261,155,54,039,15500US5451724039,"Kanawha County (part), Marmet city, West Virginia",679,432,282,150,25,125,247,216,31
ACSSF,2012e5,wv,000,0036,0005262,155,54,003,15500US5452060003,"Berkeley County (part), Martinsburg city, West Virginia",7420,4374,2834,1540,458,1082,3046,2638,408
ACSSF,2012e5,wv,000,0036,0005263,155,54,053,15500US5452180053,"Mason County (part), Mason town, West Virginia",447,310,176,134,25,109,137,123,14
ACSSF,2012e5,wv,000,0036,0005264,155,54,077,15500US5452228077,"Preston County (part), Masontown town, West Virginia",371,245,199,46,12,34,126,96,30
ACSSF,2012e5,wv,000,0036,0005265,155,54,059,15500US5452324059,"Mingo County (part), Matewan town, West Virginia",406,182,106,76,25,51,224,206,18
ACSSF,2012e5,wv,000,0036,0005266,155,54,109,15500US5452372109,"Wyoming County (part), Matheny CDP, West Virginia",200,154,126,28,0,28,46,25,21
ACSSF,2012e5,wv,000,0036,0005267,155,54,055,15500US5452420055,"Mercer County (part), Matoaka town, West Virginia",110,57,34,23,14,9,53,49,4
ACSSF,2012e5,wv,000,0036,0005268,155,54,047,15500US5452588047,"McDowell County (part), Maybeury CDP, West Virginia",77,28,13,15,6,9,49,42,7
ACSSF,2012e5,wv,000,0036,0005269,155,54,019,15500US5452780019,"Fayette County (part), Meadow Bridge town, West Virginia",144,80,50,30,6,24,64,60,4
ACSSF,2012e5,wv,000,0036,0005270,155,54,095,15500US5453572095,"Tyler County (part), Middlebourne town, West Virginia",372,223,153,70,14,56,149,141,8
ACSSF,2012e5,wv,000,0036,0005271,155,54,037,15500US5453692037,"Jefferson County (part), Middleway CDP, West Virginia",131,103,83,20,0,20,28,20,8
ACSSF,2012e5,wv,000,0036,0005272,155,54,083,15500US5454100083,"Randolph County (part), Mill Creek town, West Virginia",314,178,132,46,14,32,136,127,9
ACSSF,2012e5,wv,000,0036,0005273,155,54,011,15500US5454484011,"Cabell County (part), Milton town, West Virginia",1188,678,485,193,32,161,510,458,52
ACSSF,2012e5,wv,000,0036,0005274,155,54,019,15500US5454508019,"Fayette County (part), Minden CDP, West Virginia",117,91,45,46,0,46,26,26,0
ACSSF,2012e5,wv,000,0036,0005275,155,54,107,15500US5454580107,"Wood County (part), Mineralwells CDP, West Virginia",504,397,337,60,31,29,107,91,16
ACSSF,2012e5,wv,000,0036,0005276,155,54,045,15500US5454892045,"Logan County (part), Mitchell Heights town, West Virginia",170,119,104,15,2,13,51,51,0
ACSSF,2012e5,wv,000,0036,0005277,155,54,045,15500US5455132045,"Logan County (part), Monaville CDP, West Virginia",97,65,65,0,0,0,32,32,0
ACSSF,2012e5,wv,000,0036,0005278,155,54,049,15500US5455276049,"Marion County (part), Monongah town, West Virginia",538,400,251,149,43,106,138,126,12
ACSSF,2012e5,wv,000,0036,0005279,155,54,055,15500US5455372055,"Mercer County (part), Montcalm CDP, West Virginia",201,91,79,12,0,12,110,110,0
ACSSF,2012e5,wv,000,0036,0005280,155,54,019,15500US5455468019,"Fayette County (part), Montgomery city, West Virginia",505,236,141,95,12,83,269,238,31
ACSSF,2012e5,wv,000,0036,0005281,155,54,039,15500US5455468039,"Kanawha County (part), Montgomery city, West Virginia",307,180,113,67,16,51,127,102,25
ACSSF,2012e5,wv,000,0036,0005282,155,54,083,15500US5455540083,"Randolph County (part), Montrose town, West Virginia",64,51,38,13,3,10,13,11,2
ACSSF,2012e5,wv,000,0036,0005283,155,54,031,15500US5455588031,"Hardy County (part), Moorefield town, West Virginia",1025,458,306,152,37,115,567,540,27
ACSSF,2012e5,wv,000,0036,0005284,155,54,061,15500US5455756061,"Monongalia County (part), Morgantown city, West Virginia",10215,3678,2786,892,256,636,6537,4907,1630
ACSSF,2012e5,wv,000,0036,0005285,155,54,051,15500US5456020051,"Marshall County (part), Moundsville city, West Virginia",4461,2600,1725,875,312,563,1861,1635,226
ACSSF,2012e5,wv,000,0036,0005286,155,54,019,15500US5456212019,"Fayette County (part), Mount Carbon CDP, West Virginia",147,113,100,13,0,13,34,34,0
ACSSF,2012e5,wv,000,0036,0005287,155,54,045,15500US5456342045,"Logan County (part), Mount Gay-Shamrock CDP, West Virginia",643,447,342,105,46,59,196,137,59
ACSSF,2012e5,wv,000,0036,0005288,155,54,019,15500US5456404019,"Fayette County (part), Mount Hope city, West Virginia",705,480,313,167,29,138,225,184,41
ACSSF,2012e5,wv,000,0036,0005289,155,54,109,15500US5457148109,"Wyoming County (part), Mullens city, West Virginia",939,554,439,115,28,87,385,352,33
ACSSF,2012e5,wv,000,0036,0005290,155,54,045,15500US5457916045,"Logan County (part), Neibert CDP, West Virginia",47,47,33,14,0,14,0,0,0
ACSSF,2012e5,wv,000,0036,0005291,155,54,067,15500US5458180067,"Nicholas County (part), Nettie CDP, West Virginia",358,264,221,43,43,0,94,94,0
ACSSF,2012e5,wv,000,0036,0005292,155,54,077,15500US5458300077,"Preston County (part), Newburg town, West Virginia",207,159,104,55,38,17,48,40,8
ACSSF,2012e5,wv,000,0036,0005293,155,54,029,15500US5458372029,"Hancock County (part), New Cumberland city, West Virginia",568,359,208,151,81,70,209,187,22
ACSSF,2012e5,wv,000,0036,0005294,155,54,029,15500US5458420029,"Hancock County (part), Newell CDP, West Virginia",390,281,150,131,89,42,109,91,18
ACSSF,2012e5,wv,000,0036,0005295,155,54,053,15500US5458564053,"Mason County (part), New Haven town, West Virginia",706,462,343,119,19,100,244,235,9
ACSSF,2012e5,wv,000,0036,0005296,155,54,103,15500US5458684103,"Wetzel County (part), New Martinsville city, West Virginia",2258,1386,1121,265,5,260,872,772,100
ACSSF,2012e5,wv,000,0036,0005297,155,54,109,15500US5458756109,"Wyoming County (part), New Richmond CDP, West Virginia",67,67,67,0,0,0,0,0,0
ACSSF,2012e5,wv,000,0036,0005298,155,54,039,15500US5459068039,"Kanawha County (part), Nitro city, West Virginia",2493,1596,1163,433,174,259,897,695,202
ACSSF,2012e5,wv,000,0036,0005299,155,54,079,15500US5459068079,"Putnam County (part), Nitro city, West Virginia",481,325,242,83,22,61,156,105,51
ACSSF,2012e5,wv,000,0036,0005300,155,54,047,15500US5459428047,"McDowell County (part), Northfork town, West Virginia",262,133,88,45,6,39,129,111,18
ACSSF,2012e5,wv,000,0036,0005301,155,54,107,15500US5459458107,"Wood County (part), North Hills town, West Virginia",320,253,196,57,37,20,67,59,8
ACSSF,2012e5,wv,000,0036,0005302,155,54,033,15500US5459836033,"Harrison County (part), Nutter Fort town, West Virginia",689,375,287,88,14,74,314,285,29
ACSSF,2012e5,wv,000,0036,0005303,155,54,019,15500US5460028019,"Fayette County (part), Oak Hill city, West Virginia",3118,1970,1391,579,124,455,1148,996,152
ACSSF,2012e5,wv,000,0036,0005304,155,54,055,15500US5460196055,"Mercer County (part), Oakvale town, West Virginia",44,30,26,4,0,4,14,9,5
ACSSF,2012e5,wv,000,0036,0005305,155,54,109,15500US5460364109,"Wyoming County (part), Oceana town, West Virginia",733,550,415,135,49,86,183,156,27
ACSSF,2012e5,wv,000,0036,0005306,155,54,045,15500US5460628045,"Logan County (part), Omar CDP, West Virginia",298,236,156,80,12,68,62,62,0
ACSSF,2012e5,wv,000,0036,0005307,155,54,095,15500US5461636095,"Tyler County (part), Paden City city, West Virginia",335,200,168,32,28,4,135,135,0
ACSSF,2012e5,wv,000,0036,0005308,155,54,103,15500US5461636103,"Wetzel County (part), Paden City city, West Virginia",843,531,402,129,39,90,312,312,0
ACSSF,2012e5,wv,000,0036,0005309,155,54,019,15500US5461660019,"Fayette County (part), Page CDP, West Virginia",62,41,41,0,0,0,21,5,16
ACSSF,2012e5,wv,000,0036,0005310,155,54,047,15500US5461684047,"McDowell County (part), Pageton CDP, West Virginia",42,18,13,5,0,5,24,24,0
ACSSF,2012e5,wv,000,0036,0005311,155,54,107,15500US5462140107,"Wood County (part), Parkersburg city, West Virginia",13672,7880,5490,2390,592,1798,5792,5041,751
ACSSF,2012e5,wv,000,0036,0005312,155,54,093,15500US5462284093,"Tucker County (part), Parsons city, West Virginia",657,462,358,104,29,75,195,167,28
ACSSF,2012e5,wv,000,0036,0005313,155,54,065,15500US5462332065,"Morgan County (part), Paw Paw town, West Virginia",205,102,64,38,2,36,103,94,9
ACSSF,2012e5,wv,000,0036,0005314,155,54,019,15500US5462356019,"Fayette County (part), Pax town, West Virginia",115,64,43,21,0,21,51,51,0
ACSSF,2012e5,wv,000,0036,0005315,155,54,011,15500US5462488011,"Cabell County (part), Pea Ridge CDP, West Virginia",2908,1808,1448,360,108,252,1100,990,110
ACSSF,2012e5,wv,000,0036,0005316,155,54,085,15500US5462764085,"Ritchie County (part), Pennsboro city, West Virginia",503,319,195,124,33,91,184,176,8
ACSSF,2012e5,wv,000,0036,0005317,155,54,061,15500US5462788061,"Monongalia County (part), Pentress CDP, West Virginia",65,65,65,0,0,0,0,0,0
ACSSF,2012e5,wv,000,0036,0005318,155,54,023,15500US5462956023,"Grant County (part), Petersburg city, West Virginia",1150,660,497,163,32,131,490,432,58
ACSSF,2012e5,wv,000,0036,0005319,155,54,063,15500US5463052063,"Monroe County (part), Peterstown town, West Virginia",278,154,140,14,6,8,124,121,3
ACSSF,2012e5,wv,000,0036,0005320,155,54,001,15500US5463292001,"Barbour County (part), Philippi city, West Virginia",1129,644,435,209,56,153,485,425,60
ACSSF,2012e5,wv,000,0036,0005321,155,54,083,15500US5463484083,"Randolph County (part), Pickens CDP, West Virginia",22,13,0,13,0,13,9,9,0
ACSSF,2012e5,wv,000,0036,0005322,155,54,057,15500US5463604057,"Mineral County (part), Piedmont town, West Virginia",317,179,93,86,29,57,138,134,4
ACSSF,2012e5,wv,000,0036,0005323,155,54,039,15500US5463772039,"Kanawha County (part), Pinch CDP, West Virginia",1215,860,687,173,11,162,355,259,96
ACSSF,2012e5,wv,000,0036,0005324,155,54,103,15500US5463892103,"Wetzel County (part), Pine Grove town, West Virginia",232,169,117,52,10,42,63,63,0
ACSSF,2012e5,wv,000,0036,0005325,155,54,109,15500US5463940109,"Wyoming County (part), Pineville town, West Virginia",438,330,285,45,7,38,108,100,8
ACSSF,2012e5,wv,000,0036,0005326,155,54,081,15500US5463988081,"Raleigh County (part), Piney View CDP, West Virginia",446,308,279,29,0,29,138,127,11
ACSSF,2012e5,wv,000,0036,0005327,155,54,049,15500US5464228049,"Marion County (part), Pleasant Valley city, West Virginia",1350,849,606,243,63,180,501,441,60
ACSSF,2012e5,wv,000,0036,0005328,155,54,079,15500US5464516079,"Putnam County (part), Poca town, West Virginia",531,415,306,109,42,67,116,101,15
ACSSF,2012e5,wv,000,0036,0005329,155,54,053,15500US5464708053,"Mason County (part), Point Pleasant city, West Virginia",1773,1120,873,247,32,215,653,566,87
ACSSF,2012e5,wv,000,0036,0005330,155,54,019,15500US5465284019,"Fayette County (part), Powellton CDP, West Virginia",192,139,108,31,15,16,53,53,0
ACSSF,2012e5,wv,000,0036,0005331,155,54,039,15500US5465356039,"Kanawha County (part), Pratt town, West Virginia",184,144,95,49,14,35,40,28,12
ACSSF,2012e5,wv,000,0036,0005332,155,54,099,15500US5465596099,"Wayne County (part), Prichard CDP, West Virginia",180,107,96,11,0,11,73,73,0
ACSSF,2012e5,wv,000,0036,0005333,155,54,019,15500US5465668019,"Fayette County (part), Prince CDP, West Virginia",78,64,12,52,0,52,14,14,0
ACSSF,2012e5,wv,000,0036,0005334,155,54,055,15500US5465692055,"Mercer County (part), Princeton city, West Virginia",2879,1673,1195,478,165,313,1206,1009,197
ACSSF,2012e5,wv,000,0036,0005335,155,54,081,15500US5465836081,"Raleigh County (part), Prosperity CDP, West Virginia",750,472,296,176,25,151,278,248,30
ACSSF,2012e5,wv,000,0036,0005336,155,54,085,15500US5465956085,"Ritchie County (part), Pullman town, West Virginia",87,56,46,10,2,8,31,31,0
ACSSF,2012e5,wv,000,0036,0005337,155,54,025,15500US5466412025,"Greenbrier County (part), Quinwood town, West Virginia",154,95,57,38,32,6,59,54,5
ACSSF,2012e5,wv,000,0036,0005338,155,54,049,15500US5466460049,"Marion County (part), Rachel CDP, West Virginia",109,109,92,17,17,0,0,0,0
ACSSF,2012e5,wv,000,0036,0005339,155,54,005,15500US5466484005,"Boone County (part), Racine CDP, West Virginia",115,54,54,0,0,0,61,61,0
ACSSF,2012e5,wv,000,0036,0005340,155,54,025,15500US5466652025,"Greenbrier County (part), Rainelle town, West Virginia",648,379,260,119,25,94,269,234,35
ACSSF,2012e5,wv,000,0036,0005341,155,54,039,15500US5466892039,"Kanawha County (part), Rand CDP, West Virginia",556,262,133,129,40,89,294,246,48
ACSSF,2012e5,wv,000,0036,0005342,155,54,037,15500US5466988037,"Jefferson County (part), Ranson corporation, West Virginia",1807,1115,634,481,96,385,692,515,177
ACSSF,2012e5,wv,000,0036,0005343,155,54,035,15500US5467108035,"Jackson County (part), Ravenswood city, West Virginia",1701,906,604,302,63,239,795,690,105
ACSSF,2012e5,wv,000,0036,0005344,155,54,047,15500US5467228047,"McDowell County (part), Raysal CDP, West Virginia",119,89,79,10,0,10,30,30,0
ACSSF,2012e5,wv,000,0036,0005345,155,54,103,15500US5467252103,"Wetzel County (part), Reader CDP, West Virginia",219,140,112,28,15,13,79,79,0
ACSSF,2012e5,wv,000,0036,0005346,155,54,059,15500US5467396059,"Mingo County (part), Red Jacket CDP, West Virginia",269,148,68,80,33,47,121,67,54
ACSSF,2012e5,wv,000,0036,0005347,155,54,077,15500US5467636077,"Preston County (part), Reedsville town, West Virginia",240,155,129,26,3,23,85,74,11
ACSSF,2012e5,wv,000,0036,0005348,155,54,087,15500US5467660087,"Roane County (part), Reedy town, West Virginia",49,37,32,5,0,5,12,11,1
ACSSF,2012e5,wv,000,0036,0005349,155,54,081,15500US5467996081,"Raleigh County (part), Rhodell town, West Virginia",97,49,35,14,1,13,48,39,9
ACSSF,2012e5,wv,000,0036,0005350,155,54,067,15500US5468116067,"Nicholas County (part), Richwood city, West Virginia",994,653,417,236,67,169,341,307,34
ACSSF,2012e5,wv,000,0036,0005351,155,54,057,15500US5468260057,"Mineral County (part), Ridgeley town, West Virginia",290,143,90,53,13,40,147,136,11
ACSSF,2012e5,wv,000,0036,0005352,155,54,035,15500US5468596035,"Jackson County (part), Ripley city, West Virginia",1382,794,640,154,98,56,588,470,118
ACSSF,2012e5,wv,000,0036,0005353,155,54,049,15500US5468908049,"Marion County (part), Rivesville town, West Virginia",498,326,246,80,22,58,172,165,7
ACSSF,2012e5,wv,000,0036,0005354,155,54,045,15500US5469100045,"Logan County (part), Robinette CDP, West Virginia",197,159,123,36,0,36,38,24,14
ACSSF,2012e5,wv,000,0036,0005355,155,54,047,15500US5469844047,"McDowell County (part), Roderfield CDP, West Virginia",41,11,11,0,0,0,30,30,0
ACSSF,2012e5,wv,000,0036,0005356,155,54,027,15500US5470084027,"Hampshire County (part), Romney city, West Virginia",976,415,288,127,26,101,561,534,27
ACSSF,2012e5,wv,000,0036,0005357,155,54,025,15500US5470156025,"Greenbrier County (part), Ronceverte city, West Virginia",892,477,367,110,24,86,415,374,41
ACSSF,2012e5,wv,000,0036,0005358,155,54,045,15500US5470468045,"Logan County (part), Rossmore CDP, West Virginia",147,101,66,35,19,16,46,0,46
ACSSF,2012e5,wv,000,0036,0005359,155,54,077,15500US5470588077,"Preston County (part), Rowlesburg town, West Virginia",331,226,196,30,7,23,105,83,22
ACSSF,2012e5,wv,000,0036,0005360,155,54,025,15500US5470828025,"Greenbrier County (part), Rupert town, West Virginia",487,332,197,135,40,95,155,112,43
ACSSF,2012e5,wv,000,0036,0005361,155,54,039,15500US5471212039,"Kanawha County (part), St. Albans city, West Virginia",4771,2982,2208,774,284,490,1789,1597,192
ACSSF,2012e5,wv,000,0036,0005362,155,54,073,15500US5471356073,"Pleasants County (part), St. Marys city, West Virginia",831,537,405,132,21,111,294,264,30
ACSSF,2012e5,wv,000,0036,0005363,155,54,033,15500US5471380033,"Harrison County (part), Salem city, West Virginia",700,421,289,132,36,96,279,234,45
ACSSF,2012e5,wv,000,0036,0005364,155,54,011,15500US5471476011,"Cabell County (part), Salt Rock CDP, West Virginia",191,164,106,58,10,48,27,27,0
ACSSF,2012e5,wv,000,0036,0005365,155,54,021,15500US5471620021,"Gilmer County (part), Sand Fork town, West Virginia",99,85,56,29,11,18,14,14,0
ACSSF,2012e5,wv,000,0036,0005366,155,54,045,15500US5472004045,"Logan County (part), Sarah Ann CDP, West Virginia",47,13,13,0,0,0,34,23,11
ACSSF,2012e5,wv,000,0036,0005367,155,54,019,15500US5472292019,"Fayette County (part), Scarbro CDP, West Virginia",185,138,102,36,0,36,47,39,8
ACSSF,2012e5,wv,000,0036,0005368,155,54,081,15500US5473108081,"Raleigh County (part), Shady Spring CDP, West Virginia",1255,852,646,206,112,94,403,386,17
ACSSF,2012e5,wv,000,0036,0005369,155,54,037,15500US5473252037,"Jefferson County (part), Shannondale CDP, West Virginia",1133,785,636,149,36,113,348,287,61
ACSSF,2012e5,wv,000,0036,0005370,155,54,037,15500US5473444037,"Jefferson County (part), Shenandoah Junction CDP, West Virginia",183,183,88,95,23,72,0,0,0
ACSSF,2012e5,wv,000,0036,0005371,155,54,037,15500US5473468037,"Jefferson County (part), Shepherdstown town, West Virginia",420,239,158,81,18,63,181,91,90
ACSSF,2012e5,wv,000,0036,0005372,155,54,033,15500US5473636033,"Harrison County (part), Shinnston city, West Virginia",1119,761,506,255,62,193,358,346,12
ACSSF,2012e5,wv,000,0036,0005373,155,54,039,15500US5473876039,"Kanawha County (part), Shrewsbury CDP, West Virginia",245,186,127,59,0,59,59,48,11
ACSSF,2012e5,wv,000,0036,0005374,155,54,039,15500US5474356039,"Kanawha County (part), Sissonville CDP, West Virginia",2210,1596,1309,287,15,272,614,547,67
ACSSF,2012e5,wv,000,0036,0005375,155,54,095,15500US5474380095,"Tyler County (part), Sistersville city, West Virginia",586,380,262,118,20,98,206,167,39
ACSSF,2012e5,wv,000,0036,0005376,155,54,019,15500US5474740019,"Fayette County (part), Smithers city, West Virginia",406,217,79,138,23,115,189,178,11
ACSSF,2012e5,wv,000,0036,0005377,155,54,039,15500US5474740039,"Kanawha County (part), Smithers city, West Virginia",0,0,0,0,0,0,0,0,0
ACSSF,2012e5,wv,000,0036,0005378,155,54,103,15500US5474788103,"Wetzel County (part), Smithfield town, West Virginia",88,54,36,18,4,14,34,34,0
ACSSF,2012e5,wv,000,0036,0005379,155,54,081,15500US5475172081,"Raleigh County (part), Sophia town, West Virginia",532,348,242,106,0,106,184,171,13
ACSSF,2012e5,wv,000,0036,0005380,155,54,039,15500US5475292039,"Kanawha County (part), South Charleston city, West Virginia",6308,3645,2533,1112,172,940,2663,2514,149
ACSSF,2012e5,wv,000,0036,0005381,155,54,033,15500US5475796033,"Harrison County (part), Spelter CDP, West Virginia",178,106,58,48,23,25,72,72,0
ACSSF,2012e5,wv,000,0036,0005382,155,54,087,15500US5475820087,"Roane County (part), Spencer city, West Virginia",1077,549,399,150,18,132,528,505,23
ACSSF,2012e5,wv,000,0036,0005383,155,54,027,15500US5476084027,"Hampshire County (part), Springfield CDP, West Virginia",188,118,102,16,0,16,70,70,0
ACSSF,2012e5,wv,000,0036,0005384,155,54,081,15500US5476444081,"Raleigh County (part), Stanaford CDP, West Virginia",522,361,301,60,37,23,161,145,16
ACSSF,2012e5,wv,000,0036,0005385,155,54,061,15500US5476516061,"Monongalia County (part), Star City town, West Virginia",849,369,238,131,43,88,480,379,101
ACSSF,2012e5,wv,000,0036,0005386,155,54,045,15500US5476996045,"Logan County (part), Stollings CDP, West Virginia",186,158,131,27,0,27,28,28,0
ACSSF,2012e5,wv,000,0036,0005387,155,54,033,15500US5477188033,"Harrison County (part), Stonewood city, West Virginia",915,520,391,129,7,122,395,360,35
ACSSF,2012e5,wv,000,0036,0005388,155,54,067,15500US5477980067,"Nicholas County (part), Summersville town, West Virginia",1578,1020,916,104,23,81,558,537,21
ACSSF,2012e5,wv,000,0036,0005389,155,54,007,15500US5478580007,"Braxton County (part), Sutton town, West Virginia",524,301,219,82,9,73,223,207,16
ACSSF,2012e5,wv,000,0036,0005390,155,54,045,15500US5478796045,"Logan County (part), Switzer CDP, West Virginia",276,177,159,18,18,0,99,99,0
ACSSF,2012e5,wv,000,0036,0005391,155,54,005,15500US5478964005,"Boone County (part), Sylvester town, West Virginia",149,119,114,5,0,5,30,26,4
ACSSF,2012e5,wv,000,0036,0005392,155,54,079,15500US5479545079,"Putnam County (part), Teays Valley CDP, West Virginia",5283,3885,3481,404,91,313,1398,1174,224
ACSSF,2012e5,wv,000,0036,0005393,155,54,077,15500US5479708077,"Preston County (part), Terra Alta town, West Virginia",744,526,361,165,71,94,218,179,39
ACSSF,2012e5,wv,000,0036,0005394,155,54,093,15500US5480020093,"Tucker County (part), Thomas city, West Virginia",258,125,96,29,7,22,133,131,2
ACSSF,2012e5,wv,000,0036,0005395,155,54,019,15500US5480284019,"Fayette County (part), Thurmond town, West Virginia",2,2,2,0,0,0,0,0,0
ACSSF,2012e5,wv,000,0036,0005396,155,54,067,15500US5480476067,"Nicholas County (part), Tioga CDP, West Virginia",24,24,10,14,0,14,0,0,0
ACSSF,2012e5,wv,000,0036,0005397,155,54,069,15500US5480932069,"Ohio County (part), Triadelphia town, West Virginia",405,233,186,47,12,35,172,120,52
ACSSF,2012e5,wv,000,0036,0005398,155,54,077,15500US5481268077,"Preston County (part), Tunnelton town, West Virginia",136,98,79,19,2,17,38,32,6
ACSSF,2012e5,wv,000,0036,0005399,155,54,005,15500US5481484005,"Boone County (part), Twilight CDP, West Virginia",28,28,28,0,0,0,0,0,0
ACSSF,2012e5,wv,000,0036,0005400,155,54,063,15500US5481940063,"Monroe County (part), Union town, West Virginia",268,152,75,77,26,51,116,98,18
ACSSF,2012e5,wv,000,0036,0005401,155,54,039,15500US5482180039,"Kanawha County (part), Upper Falls CDP, West Virginia",1525,1068,881,187,12,175,457,429,28
ACSSF,2012e5,wv,000,0036,0005402,155,54,083,15500US5482564083,"Randolph County (part), Valley Bend CDP, West Virginia",154,129,108,21,0,21,25,25,0
ACSSF,2012e5,wv,000,0036,0005403,155,54,069,15500US5482732069,"Ohio County (part), Valley Grove village, West Virginia",212,167,154,13,3,10,45,33,12
ACSSF,2012e5,wv,000,0036,0005404,155,54,083,15500US5482756083,"Randolph County (part), Valley Head CDP, West Virginia",139,94,46,48,15,33,45,45,0
ACSSF,2012e5,wv,000,0036,0005405,155,54,005,15500US5482852005,"Boone County (part), Van CDP, West Virginia",50,30,22,8,8,0,20,20,0
ACSSF,2012e5,wv,000,0036,0005406,155,54,045,15500US5483332045,"Logan County (part), Verdunville CDP, West Virginia",251,141,90,51,0,51,110,25,85
ACSSF,2012e5,wv,000,0036,0005407,155,54,107,15500US5483500107,"Wood County (part), Vienna city, West Virginia",4585,3128,2559,569,81,488,1457,1274,183
ACSSF,2012e5,wv,000,0036,0005408,155,54,047,15500US5483764047,"McDowell County (part), Vivian CDP, West Virginia",0,0,0,0,0,0,0,0,0
ACSSF,2012e5,wv,000,0036,0005409,155,54,047,15500US5484484047,"McDowell County (part), War city, West Virginia",355,226,162,64,27,37,129,96,33
ACSSF,2012e5,wv,000,0036,0005410,155,54,031,15500US5484580031,"Hardy County (part), Wardensville town, West Virginia",161,67,64,3,3,0,94,56,38
ACSSF,2012e5,wv,000,0036,0005411,155,54,107,15500US5484724107,"Wood County (part), Washington CDP, West Virginia",525,435,379,56,9,47,90,81,9
ACSSF,2012e5,wv,000,0036,0005412,155,54,107,15500US5484916107,"Wood County (part), Waverly CDP, West Virginia",166,141,141,0,0,0,25,21,4
ACSSF,2012e5,wv,000,0036,0005413,155,54,099,15500US5484940099,"Wayne County (part), Wayne town, West Virginia",982,697,511,186,37,149,285,253,32
ACSSF,2012e5,wv,000,0036,0005414,155,54,009,15500US5485156009,"Brooke County (part), Weirton city, West Virginia",1800,991,615,376,157,219,809,726,83
ACSSF,2012e5,wv,000,0036,0005415,155,54,029,15500US5485156029,"Hancock County (part), Weirton city, West Virginia",6858,4334,3097,1237,288,949,2524,2302,222
ACSSF,2012e5,wv,000,0036,0005416,155,54,047,15500US5485228047,"McDowell County (part), Welch city, West Virginia",875,524,353,171,38,133,351,325,26
ACSSF,2012e5,wv,000,0036,0005417,155,54,009,15500US5485324009,"Brooke County (part), Wellsburg city, West Virginia",1199,754,541,213,81,132,445,394,51
ACSSF,2012e5,wv,000,0036,0005418,155,54,043,15500US5485804043,"Lincoln County (part), West Hamlin town, West Virginia",483,273,168,105,14,91,210,210,0
ACSSF,2012e5,wv,000,0036,0005419,155,54,069,15500US5485876069,"Ohio County (part), West Liberty town, West Virginia",206,87,62,25,4,21,119,49,70
ACSSF,2012e5,wv,000,0036,0005420,155,54,045,15500US5485900045,"Logan County (part), West Logan town, West Virginia",215,116,70,46,4,42,99,92,7
ACSSF,2012e5,wv,000,0036,0005421,155,54,033,15500US5485924033,"Harrison County (part), West Milford town, West Virginia",341,273,189,84,9,75,68,61,7
ACSSF,2012e5,wv,000,0036,0005422,155,54,041,15500US5485972041,"Lewis County (part), Weston city, West Virginia",1637,979,701,278,66,212,658,574,84
ACSSF,2012e5,wv,000,0036,0005423,155,54,061,15500US5485996061,"Monongalia County (part), Westover city, West Virginia",1578,954,699,255,70,185,624,536,88
ACSSF,2012e5,wv,000,0036,0005424,155,54,017,15500US5486116017,"Doddridge County (part), West Union town, West Virginia",349,228,163,65,21,44,121,101,20
ACSSF,2012e5,wv,000,0036,0005425,155,54,051,15500US5486452051,"Marshall County (part), Wheeling city, West Virginia",152,128,95,33,8,25,24,24,0
ACSSF,2012e5,wv,000,0036,0005426,155,54,069,15500US5486452069,"Ohio County (part), Wheeling city, West Virginia",12620,6687,4721,1966,374,1592,5933,5354,579
ACSSF,2012e5,wv,000,0036,0005427,155,54,049,15500US5486620049,"Marion County (part), White Hall town, West Virginia",290,159,128,31,5,26,131,112,19
ACSSF,2012e5,wv,000,0036,0005428,155,54,025,15500US5486812025,"Greenbrier County (part), White Sulphur Springs city, West Virginia",1231,763,444,319,121,198,468,436,32
ACSSF,2012e5,wv,000,0036,0005429,155,54,005,15500US5486836005,"Boone County (part), Whitesville town, West Virginia",248,144,114,30,5,25,104,73,31
ACSSF,2012e5,wv,000,0036,0005430,155,54,083,15500US5486932083,"Randolph County (part), Whitmer CDP, West Virginia",28,28,15,13,0,13,0,0,0
ACSSF,2012e5,wv,000,0036,0005431,155,54,057,15500US5487316057,"Mineral County (part), Wiley Ford CDP, West Virginia",386,203,143,60,28,32,183,166,17
ACSSF,2012e5,wv,000,0036,0005432,155,54,059,15500US5487508059,"Mingo County (part), Williamson city, West Virginia",1389,823,487,336,29,307,566,502,64
ACSSF,2012e5,wv,000,0036,0005433,155,54,107,15500US5487556107,"Wood County (part), Williamstown city, West Virginia",1224,828,684,144,55,89,396,382,14
ACSSF,2012e5,wv,000,0036,0005434,155,54,009,15500US5487892009,"Brooke County (part), Windsor Heights village, West Virginia",188,135,104,31,7,24,53,49,4
ACSSF,2012e5,wv,000,0036,0005435,155,54,079,15500US5487988079,"Putnam County (part), Winfield town, West Virginia",1005,725,593,132,22,110,280,241,39
ACSSF,2012e5,wv,000,0036,0005436,155,54,033,15500US5488276033,"Harrison County (part), Wolf Summit CDP, West Virginia",50,50,42,8,8,0,0,0,0
ACSSF,2012e5,wv,000,0036,0005437,155,54,083,15500US5488324083,"Randolph County (part), Womelsdorf (Coalton) town, West Virginia",119,77,63,14,4,10,42,42,0
ACSSF,2012e5,wv,000,0036,0005438,155,54,049,15500US5488708049,"Marion County (part), Worthington town, West Virginia",132,69,57,12,0,12,63,63,0
ACSSF,2012e5,wv,000,0036,0005439,160,54,   ,16000US5400196,"Accoville CDP, West Virginia",184,146,139,7,7,0,38,38,0
ACSSF,2012e5,wv,000,0036,0005440,160,54,   ,16000US5400364,"Addison (Webster Springs) town, West Virginia",506,353,215,138,19,119,153,148,5
ACSSF,2012e5,wv,000,0036,0005441,160,54,   ,16000US5400748,"Albright town, West Virginia",114,95,85,10,5,5,19,19,0
ACSSF,2012e5,wv,000,0036,0005442,160,54,   ,16000US5400772,"Alderson town, West Virginia",498,317,231,86,26,60,181,161,20
ACSSF,2012e5,wv,000,0036,0005443,160,54,   ,16000US5401396,"Alum Creek CDP, West Virginia",758,506,318,188,75,113,252,211,41
ACSSF,2012e5,wv,000,0036,0005444,160,54,   ,16000US5401660,"Amherstdale CDP, West Virginia",105,50,37,13,0,13,55,55,0
ACSSF,2012e5,wv,000,0036,0005445,160,54,   ,16000US5401780,"Anawalt town, West Virginia",142,103,63,40,9,31,39,39,0
ACSSF,2012e5,wv,000,0036,0005446,160,54,   ,16000US5401900,"Anmoore town, West Virginia",367,262,112,150,17,133,105,84,21
ACSSF,2012e5,wv,000,0036,0005447,160,54,   ,16000US5401996,"Ansted town, West Virginia",667,464,372,92,15,77,203,198,5
ACSSF,2012e5,wv,000,0036,0005448,160,54,   ,16000US5402188,"Apple Grove CDP, West Virginia",74,36,36,0,0,0,38,38,0
ACSSF,2012e5,wv,000,0036,0005449,160,54,   ,16000US5403292,"Athens town, West Virginia",236,105,95,10,0,10,131,78,53
ACSSF,2012e5,wv,000,0036,0005450,160,54,   ,16000US5403364,"Auburn town, West Virginia",45,27,13,14,3,11,18,15,3
ACSSF,2012e5,wv,000,0036,0005451,160,54,   ,16000US5403460,"Aurora CDP, West Virginia",110,78,78,0,0,0,32,18,14
ACSSF,2012e5,wv,000,0036,0005452,160,54,   ,16000US5404204,"Bancroft town, West Virginia",342,214,76,138,77,61,128,120,8
ACSSF,2012e5,wv,000,0036,0005453,160,54,   ,16000US5404276,"Barboursville village, West Virginia",1614,1031,829,202,62,140,583,495,88
ACSSF,2012e5,wv,000,0036,0005454,160,54,   ,16000US5404612,"Barrackville town, West Virginia",543,362,287,75,16,59,181,164,17
ACSSF,2012e5,wv,000,0036,0005455,160,54,   ,16000US5404732,"Bartley CDP, West Virginia",76,60,14,46,22,24,16,16,0
ACSSF,2012e5,wv,000,0036,0005456,160,54,   ,16000US5404780,"Bartow CDP, West Virginia",92,54,54,0,0,0,38,38,0
ACSSF,2012e5,wv,000,0036,0005457,160,54,   ,16000US5404876,"Bath (Berkeley Springs) town, West Virginia",444,130,82,48,0,48,314,274,40
ACSSF,2012e5,wv,000,0036,0005458,160,54,   ,16000US5404924,"Bayard town, West Virginia",168,125,106,19,7,12,43,39,4
ACSSF,2012e5,wv,000,0036,0005459,160,54,   ,16000US5405068,"Beards Fork CDP, West Virginia",42,30,16,14,0,14,12,12,0
ACSSF,2012e5,wv,000,0036,0005460,160,54,   ,16000US5405260,"Beaver CDP, West Virginia",630,402,318,84,18,66,228,228,0
ACSSF,2012e5,wv,000,0036,0005461,160,54,   ,16000US5405332,"Beckley city, West Virginia",7433,4233,2792,1441,301,1140,3200,2766,434
ACSSF,2012e5,wv,000,0036,0005462,160,54,   ,16000US5405452,"Beech Bottom village, West Virginia",218,130,78,52,25,27,88,78,10
ACSSF,2012e5,wv,000,0036,0005463,160,54,   ,16000US5405788,"Belington town, West Virginia",752,587,401,186,40,146,165,125,40
ACSSF,2012e5,wv,000,0036,0005464,160,54,   ,16000US5405836,"Belle town, West Virginia",617,385,233,152,44,108,232,221,11
ACSSF,2012e5,wv,000,0036,0005465,160,54,   ,16000US5406004,"Belmont city, West Virginia",426,255,209,46,7,39,171,161,10
ACSSF,2012e5,wv,000,0036,0005466,160,54,   ,16000US5406052,"Belva CDP, West Virginia",33,33,22,11,0,11,0,0,0
ACSSF,2012e5,wv,000,0036,0005467,160,54,   ,16000US5406340,"Benwood city, West Virginia",612,344,215,129,25,104,268,248,20
ACSSF,2012e5,wv,000,0036,0005468,160,54,   ,16000US5406436,"Bergoo CDP, West Virginia",13,13,4,9,0,9,0,0,0
ACSSF,2012e5,wv,000,0036,0005469,160,54,   ,16000US5406748,"Berwind CDP, West Virginia",97,62,54,8,0,8,35,22,13
ACSSF,2012e5,wv,000,0036,0005470,160,54,   ,16000US5406844,"Bethany town, West Virginia",196,114,82,32,9,23,82,70,12
ACSSF,2012e5,wv,000,0036,0005471,160,54,   ,16000US5406940,"Bethlehem village, West Virginia",1032,693,590,103,29,74,339,315,24
ACSSF,2012e5,wv,000,0036,0005472,160,54,   ,16000US5406988,"Beverly town, West Virginia",348,241,136,105,39,66,107,103,4
ACSSF,2012e5,wv,000,0036,0005473,160,54,   ,16000US5407204,"Big Chimney CDP, West Virginia",226,109,109,0,0,0,117,117,0
ACSSF,2012e5,wv,000,0036,0005474,160,54,   ,16000US5407228,"Big Creek CDP, West Virginia",44,44,31,13,0,13,0,0,0
ACSSF,2012e5,wv,000,0036,0005475,160,54,   ,16000US5407516,"Big Sandy CDP, West Virginia",33,33,33,0,0,0,0,0,0
ACSSF,2012e5,wv,000,0036,0005476,160,54,   ,16000US5407756,"Birch River CDP, West Virginia",43,43,43,0,0,0,0,0,0
ACSSF,2012e5,wv,000,0036,0005477,160,54,   ,16000US5408092,"Blacksville town, West Virginia",46,27,17,10,8,2,19,16,3
ACSSF,2012e5,wv,000,0036,0005478,160,54,   ,16000US5408308,"Blennerhassett CDP, West Virginia",1292,970,701,269,129,140,322,295,27
ACSSF,2012e5,wv,000,0036,0005479,160,54,   ,16000US5408524,"Bluefield city, West Virginia",4746,2781,2130,651,110,541,1965,1799,166
ACSSF,2012e5,wv,000,0036,0005480,160,54,   ,16000US5408764,"Bluewell CDP, West Virginia",901,556,455,101,39,62,345,246,99
ACSSF,2012e5,wv,000,0036,0005481,160,54,   ,16000US5408836,"Boaz CDP, West Virginia",667,471,408,63,17,46,196,193,3
ACSSF,2012e5,wv,000,0036,0005482,160,54,   ,16000US5408932,"Bolivar town, West Virginia",470,253,172,81,34,47,217,200,17
ACSSF,2012e5,wv,000,0036,0005483,160,54,   ,16000US5408956,"Bolt CDP, West Virginia",167,125,125,0,0,0,42,34,8
ACSSF,2012e5,wv,000,0036,0005484,160,54,   ,16000US5409100,"Boomer CDP, West Virginia",382,305,190,115,67,48,77,77,0
ACSSF,2012e5,wv,000,0036,0005485,160,54,   ,16000US5409364,"Bowden CDP, West Virginia",0,0,0,0,0,0,0,0,0
ACSSF,2012e5,wv,000,0036,0005486,160,54,   ,16000US5409676,"Bradley CDP, West Virginia",629,432,368,64,0,64,197,115,82
ACSSF,2012e5,wv,000,0036,0005487,160,54,   ,16000US5409700,"Bradshaw town, West Virginia",164,111,97,14,4,10,53,53,0
ACSSF,2012e5,wv,000,0036,0005488,160,54,   ,16000US5409796,"Bramwell town, West Virginia",189,154,99,55,13,42,35,35,0
ACSSF,2012e5,wv,000,0036,0005489,160,54,   ,16000US5409844,"Brandonville town, West Virginia",71,59,50,9,1,8,12,12,0
ACSSF,2012e5,wv,000,0036,0005490,160,54,   ,16000US5409868,"Brandywine CDP, West Virginia",105,85,47,38,10,28,20,20,0
ACSSF,2012e5,wv,000,0036,0005491,160,54,   ,16000US5409964,"Brenton CDP, West Virginia",79,54,54,0,0,0,25,25,0
ACSSF,2012e5,wv,000,0036,0005492,160,54,   ,16000US5410180,"Bridgeport city, West Virginia",3278,2420,2020,400,76,324,858,828,30
ACSSF,2012e5,wv,000,0036,0005493,160,54,   ,16000US5410420,"Brookhaven CDP, West Virginia",1878,1235,932,303,113,190,643,470,173
ACSSF,2012e5,wv,000,0036,0005494,160,54,   ,16000US5410852,"Bruceton Mills town, West Virginia",34,28,13,15,7,8,6,6,0
ACSSF,2012e5,wv,000,0036,0005495,160,54,   ,16000US5410876,"Bruno CDP, West Virginia",171,156,135,21,0,21,15,15,0
ACSSF,2012e5,wv,000,0036,0005496,160,54,   ,16000US5410948,"Brush Fork CDP, West Virginia",429,287,150,137,38,99,142,94,48
ACSSF,2012e5,wv,000,0036,0005497,160,54,   ,16000US5411188,"Buckhannon city, West Virginia",1834,1123,819,304,47,257,711,597,114
ACSSF,2012e5,wv,000,0036,0005498,160,54,   ,16000US5411212,"Bud CDP, West Virginia",126,118,33,85,66,19,8,8,0
ACSSF,2012e5,wv,000,0036,0005499,160,54,   ,16000US5411284,"Buffalo town, West Virginia",511,331,273,58,26,32,180,138,42
ACSSF,2012e5,wv,000,0036,0005500,160,54,   ,16000US5411620,"Burlington CDP, West Virginia",16,16,16,0,0,0,0,0,0
ACSSF,2012e5,wv,000,0036,0005501,160,54,   ,16000US5411716,"Burnsville town, West Virginia",217,149,81,68,28,40,68,56,12
ACSSF,2012e5,wv,000,0036,0005502,160,54,   ,16000US5412124,"Cairo town, West Virginia",143,100,62,38,20,18,43,36,7
ACSSF,2012e5,wv,000,0036,0005503,160,54,   ,16000US5412436,"Camden-on-Gauley town, West Virginia",57,37,23,14,0,14,20,15,5
ACSSF,2012e5,wv,000,0036,0005504,160,54,   ,16000US5412484,"Cameron city, West Virginia",391,259,217,42,16,26,132,111,21
ACSSF,2012e5,wv,000,0036,0005505,160,54,   ,16000US5413108,"Capon Bridge town, West Virginia",207,93,51,42,0,42,114,99,15
ACSSF,2012e5,wv,000,0036,0005506,160,54,   ,16000US5413468,"Carolina CDP, West Virginia",158,148,125,23,23,0,10,10,0
ACSSF,2012e5,wv,000,0036,0005507,160,54,   ,16000US5413525,"Carpendale town, West Virginia",353,255,225,30,7,23,98,86,12
ACSSF,2012e5,wv,000,0036,0005508,160,54,   ,16000US5413684,"Cass CDP, West Virginia",0,0,0,0,0,0,0,0,0
ACSSF,2012e5,wv,000,0036,0005509,160,54,   ,16000US5413756,"Cassville CDP, West Virginia",256,178,178,0,0,0,78,78,0
ACSSF,2012e5,wv,000,0036,0005510,160,54,   ,16000US5413924,"Cedar Grove town, West Virginia",381,270,165,105,32,73,111,87,24
ACSSF,2012e5,wv,000,0036,0005511,160,54,   ,16000US5414212,"Century CDP, West Virginia",28,22,13,9,0,9,6,6,0
ACSSF,2012e5,wv,000,0036,0005512,160,54,   ,16000US5414308,"Ceredo city, West Virginia",742,373,245,128,57,71,369,278,91
ACSSF,2012e5,wv,000,0036,0005513,160,54,   ,16000US5414524,"Chapmanville town, West Virginia",658,420,307,113,3,110,238,205,33
ACSSF,2012e5,wv,000,0036,0005514,160,54,   ,16000US5414600,"Charleston city, West Virginia",23483,12265,8612,3653,839,2814,11218,9833,1385
ACSSF,2012e5,wv,000,0036,0005515,160,54,   ,16000US5414610,"Charles Town city, West Virginia",2021,1344,1100,244,32,212,677,597,80
ACSSF,2012e5,wv,000,0036,0005516,160,54,   ,16000US5414630,"Charlton Heights CDP, West Virginia",131,98,82,16,0,16,33,19,14
ACSSF,2012e5,wv,000,0036,0005517,160,54,   ,16000US5414692,"Chattaroy CDP, West Virginia",285,214,173,41,0,41,71,71,0
ACSSF,2012e5,wv,000,0036,0005518,160,54,   ,16000US5414716,"Chauncey CDP, West Virginia",86,86,64,22,0,22,0,0,0
ACSSF,2012e5,wv,000,0036,0005519,160,54,   ,16000US5414775,"Cheat Lake CDP, West Virginia",2910,2054,1879,175,53,122,856,718,138
ACSSF,2012e5,wv,000,0036,0005520,160,54,   ,16000US5414812,"Chelyan CDP, West Virginia",412,146,72,74,36,38,266,211,55
ACSSF,2012e5,wv,000,0036,0005521,160,54,   ,16000US5415028,"Chesapeake town, West Virginia",748,438,269,169,43,126,310,258,52
ACSSF,2012e5,wv,000,0036,0005522,160,54,   ,16000US5415076,"Chester city, West Virginia",1194,691,570,121,42,79,503,464,39
ACSSF,2012e5,wv,000,0036,0005523,160,54,   ,16000US5415628,"Clarksburg city, West Virginia",6708,4022,2735,1287,208,1079,2686,2292,394
ACSSF,2012e5,wv,000,0036,0005524,160,54,   ,16000US5415676,"Clay town, West Virginia",225,115,102,13,0,13,110,95,15
ACSSF,2012e5,wv,000,0036,0005525,160,54,   ,16000US5415916,"Clearview village, West Virginia",230,177,164,13,0,13,53,48,5
ACSSF,2012e5,wv,000,0036,0005526,160,54,   ,16000US5416012,"Clendenin town, West Virginia",467,348,260,88,11,77,119,105,14
ACSSF,2012e5,wv,000,0036,0005527,160,54,   ,16000US5416516,"Coal City CDP, West Virginia",623,452,413,39,0,39,171,154,17
ACSSF,2012e5,wv,000,0036,0005528,160,54,   ,16000US5416612,"Coal Fork CDP, West Virginia",576,361,310,51,0,51,215,158,57
ACSSF,2012e5,wv,000,0036,0005529,160,54,   ,16000US5417380,"Comfort CDP, West Virginia",117,117,117,0,0,0,0,0,0
ACSSF,2012e5,wv,000,0036,0005530,160,54,   ,16000US5417836,"Corinne CDP, West Virginia",93,54,19,35,0,35,39,39,0
ACSSF,2012e5,wv,000,0036,0005531,160,54,   ,16000US5418388,"Covel CDP, West Virginia",67,67,67,0,0,0,0,0,0
ACSSF,2012e5,wv,000,0036,0005532,160,54,   ,16000US5418412,"Cowen town, West Virginia",242,157,115,42,16,26,85,85,0
ACSSF,2012e5,wv,000,0036,0005533,160,54,   ,16000US5418508,"Crab Orchard CDP, West Virginia",1201,836,724,112,42,70,365,310,55
ACSSF,2012e5,wv,000,0036,0005534,160,54,   ,16000US5418604,"Craigsville CDP, West Virginia",933,679,514,165,38,127,254,254,0
ACSSF,2012e5,wv,000,0036,0005535,160,54,   ,16000US5419108,"Cross Lanes CDP, West Virginia",4051,2335,1804,531,106,425,1716,1350,366
ACSSF,2012e5,wv,000,0036,0005536,160,54,   ,16000US5419300,"Crum CDP, West Virginia",33,19,11,8,0,8,14,14,0
ACSSF,2012e5,wv,000,0036,0005537,160,54,   ,16000US5419324,"Crumpler CDP, West Virginia",100,90,63,27,16,11,10,10,0
ACSSF,2012e5,wv,000,0036,0005538,160,54,   ,16000US5419492,"Cucumber CDP, West Virginia",0,0,0,0,0,0,0,0,0
ACSSF,2012e5,wv,000,0036,0005539,160,54,   ,16000US5419516,"Culloden CDP, West Virginia",1128,834,632,202,66,136,294,257,37
ACSSF,2012e5,wv,000,0036,0005540,160,54,   ,16000US5419948,"Dailey CDP, West Virginia",30,18,18,0,0,0,12,12,0
ACSSF,2012e5,wv,000,0036,0005541,160,54,   ,16000US5420164,"Daniels CDP, West Virginia",752,448,407,41,0,41,304,304,0
ACSSF,2012e5,wv,000,0036,0005542,160,54,   ,16000US5420212,"Danville town, West Virginia",432,221,171,50,2,48,211,194,17
ACSSF,2012e5,wv,000,0036,0005543,160,54,   ,16000US5420428,"Davis town, West Virginia",276,167,155,12,0,12,109,107,2
ACSSF,2012e5,wv,000,0036,0005544,160,54,   ,16000US5420500,"Davy town, West Virginia",118,83,73,10,2,8,35,31,4
ACSSF,2012e5,wv,000,0036,0005545,160,54,   ,16000US5420764,"Deep Water CDP, West Virginia",97,50,12,38,0,38,47,47,0
ACSSF,2012e5,wv,000,0036,0005546,160,54,   ,16000US5420980,"Delbarton town, West Virginia",468,349,273,76,28,48,119,119,0
ACSSF,2012e5,wv,000,0036,0005547,160,54,   ,16000US5421316,"Despard CDP, West Virginia",343,229,179,50,0,50,114,114,0
ACSSF,2012e5,wv,000,0036,0005548,160,54,   ,16000US5421628,"Dixie CDP, West Virginia",84,84,84,0,0,0,0,0,0
ACSSF,2012e5,wv,000,0036,0005549,160,54,   ,16000US5422564,"Dunbar city, West Virginia",3507,2077,1183,894,186,708,1430,1216,214
ACSSF,2012e5,wv,000,0036,0005550,160,54,   ,16000US5422852,"Durbin town, West Virginia",133,86,66,20,5,15,47,37,10
ACSSF,2012e5,wv,000,0036,0005551,160,54,   ,16000US5423092,"East Bank town, West Virginia",442,337,225,112,25,87,105,95,10
ACSSF,2012e5,wv,000,0036,0005552,160,54,   ,16000US5423140,"East Dailey CDP, West Virginia",158,76,76,0,0,0,82,82,0
ACSSF,2012e5,wv,000,0036,0005553,160,54,   ,16000US5423644,"Eccles CDP, West Virginia",108,15,15,0,0,0,93,44,49
ACSSF,2012e5,wv,000,0036,0005554,160,54,   ,16000US5424292,"Eleanor town, West Virginia",788,591,492,99,18,81,197,146,51
ACSSF,2012e5,wv,000,0036,0005555,160,54,   ,16000US5424364,"Elizabeth town, West Virginia",415,261,175,86,30,56,154,132,22
ACSSF,2012e5,wv,000,0036,0005556,160,54,   ,16000US5424484,"Elk Garden town, West Virginia",102,50,38,12,2,10,52,50,2
ACSSF,2012e5,wv,000,0036,0005557,160,54,   ,16000US5424580,"Elkins city, West Virginia",2954,1756,1229,527,126,401,1198,1093,105
ACSSF,2012e5,wv,000,0036,0005558,160,54,   ,16000US5424748,"Elkview CDP, West Virginia",513,353,261,92,20,72,160,131,29
ACSSF,2012e5,wv,000,0036,0005559,160,54,   ,16000US5424844,"Ellenboro town, West Virginia",200,144,127,17,2,15,56,48,8
ACSSF,2012e5,wv,000,0036,0005560,160,54,   ,16000US5425516,"Enterprise CDP, West Virginia",358,286,208,78,16,62,72,44,28
ACSSF,2012e5,wv,000,0036,0005561,160,54,   ,16000US5426428,"Fairlea CDP, West Virginia",809,511,320,191,60,131,298,241,57
ACSSF,2012e5,wv,000,0036,0005562,160,54,   ,16000US5426452,"Fairmont city, West Virginia",7908,4440,3073,1367,341,1026,3468,2746,722
ACSSF,2012e5,wv,000,0036,0005563,160,54,   ,16000US5426524,"Fairview town, West Virginia",159,94,67,27,14,13,65,53,12
ACSSF,2012e5,wv,000,0036,0005564,160,54,   ,16000US5426692,"Falling Spring town, West Virginia",129,63,49,14,5,9,66,61,5
ACSSF,2012e5,wv,000,0036,0005565,160,54,   ,16000US5426716,"Falling Waters CDP, West Virginia",298,231,184,47,10,37,67,67,0
ACSSF,2012e5,wv,000,0036,0005566,160,54,   ,16000US5426812,"Falls View CDP, West Virginia",52,24,24,0,0,0,28,28,0
ACSSF,2012e5,wv,000,0036,0005567,160,54,   ,16000US5426932,"Farmington town, West Virginia",203,137,98,39,13,26,66,49,17
ACSSF,2012e5,wv,000,0036,0005568,160,54,   ,16000US5427028,"Fayetteville town, West Virginia",1190,727,523,204,89,115,463,422,41
ACSSF,2012e5,wv,000,0036,0005569,160,54,   ,16000US5427196,"Fenwick CDP, West Virginia",55,51,36,15,15,0,4,0,4
ACSSF,2012e5,wv,000,0036,0005570,160,54,   ,16000US5427868,"Flatwoods town, West Virginia",172,104,88,16,3,13,68,49,19
ACSSF,2012e5,wv,000,0036,0005571,160,54,   ,16000US5427940,"Flemington town, West Virginia",120,96,72,24,4,20,24,22,2
ACSSF,2012e5,wv,000,0036,0005572,160,54,   ,16000US5428204,"Follansbee city, West Virginia",1413,761,499,262,92,170,652,491,161
ACSSF,2012e5,wv,000,0036,0005573,160,54,   ,16000US5428444,"Fort Ashby CDP, West Virginia",667,383,319,64,0,64,284,251,33
ACSSF,2012e5,wv,000,0036,0005574,160,54,   ,16000US5428516,"Fort Gay town, West Virginia",408,243,156,87,23,64,165,158,7
ACSSF,2012e5,wv,000,0036,0005575,160,54,   ,16000US5428948,"Frank CDP, West Virginia",24,14,0,14,4,10,10,10,0
ACSSF,2012e5,wv,000,0036,0005576,160,54,   ,16000US5429044,"Franklin town, West Virginia",329,166,109,57,8,49,163,147,16
ACSSF,2012e5,wv,000,0036,0005577,160,54,   ,16000US5429404,"Friendly town, West Virginia",43,28,26,2,0,2,15,15,0
ACSSF,2012e5,wv,000,0036,0005578,160,54,   ,16000US5429716,"Gallipolis Ferry CDP, West Virginia",444,345,263,82,37,45,99,89,10
ACSSF,2012e5,wv,000,0036,0005579,160,54,   ,16000US5429740,"Galloway CDP, West Virginia",43,43,43,0,0,0,0,0,0
ACSSF,2012e5,wv,000,0036,0005580,160,54,   ,16000US5430196,"Gary city, West Virginia",384,254,161,93,8,85,130,118,12
ACSSF,2012e5,wv,000,0036,0005581,160,54,   ,16000US5430220,"Gassaway town, West Virginia",389,218,161,57,16,41,171,148,23
ACSSF,2012e5,wv,000,0036,0005582,160,54,   ,16000US5430364,"Gauley Bridge town, West Virginia",271,202,119,83,13,70,69,65,4
ACSSF,2012e5,wv,000,0036,0005583,160,54,   ,16000US5430724,"Ghent CDP, West Virginia",209,154,116,38,0,38,55,35,20
ACSSF,2012e5,wv,000,0036,0005584,160,54,   ,16000US5430772,"Gilbert town, West Virginia",309,217,135,82,39,43,92,86,6
ACSSF,2012e5,wv,000,0036,0005585,160,54,   ,16000US5430777,"Gilbert Creek CDP, West Virginia",469,391,380,11,0,11,78,78,0
ACSSF,2012e5,wv,000,0036,0005586,160,54,   ,16000US5431324,"Glasgow town, West Virginia",254,202,150,52,26,26,52,52,0
ACSSF,2012e5,wv,000,0036,0005587,160,54,   ,16000US5431492,"Glen Dale city, West Virginia",700,491,369,122,48,74,209,191,18
ACSSF,2012e5,wv,000,0036,0005588,160,54,   ,16000US5431732,"Glen Ferris CDP, West Virginia",48,38,38,0,0,0,10,10,0
ACSSF,2012e5,wv,000,0036,0005589,160,54,   ,16000US5431756,"Glen Fork CDP, West Virginia",171,85,27,58,0,58,86,76,10
ACSSF,2012e5,wv,000,0036,0005590,160,54,   ,16000US5431876,"Glen Jean CDP, West Virginia",100,100,63,37,0,37,0,0,0
ACSSF,2012e5,wv,000,0036,0005591,160,54,   ,16000US5432044,"Glenville town, West Virginia",573,274,124,150,19,131,299,210,89
ACSSF,2012e5,wv,000,0036,0005592,160,54,   ,16000US5432068,"Glen White CDP, West Virginia",230,122,122,0,0,0,108,108,0
ACSSF,2012e5,wv,000,0036,0005593,160,54,   ,16000US5432716,"Grafton city, West Virginia",2182,1364,864,500,94,406,818,737,81
ACSSF,2012e5,wv,000,0036,0005594,160,54,   ,16000US5432884,"Grantsville town, West Virginia",213,150,71,79,45,34,63,61,2
ACSSF,2012e5,wv,000,0036,0005595,160,54,   ,16000US5432908,"Grant Town town, West Virginia",222,143,109,34,8,26,79,77,2
ACSSF,2012e5,wv,000,0036,0005596,160,54,   ,16000US5432932,"Granville town, West Virginia",262,126,75,51,22,29,136,124,12
ACSSF,2012e5,wv,000,0036,0005597,160,54,   ,16000US5433100,"Great Cacapon CDP, West Virginia",128,96,53,43,0,43,32,16,16
ACSSF,2012e5,wv,000,0036,0005598,160,54,   ,16000US5433124,"Green Bank CDP, West Virginia",60,60,60,0,0,0,0,0,0
ACSSF,2012e5,wv,000,0036,0005599,160,54,   ,16000US5433436,"Green Spring CDP, West Virginia",93,19,19,0,0,0,74,68,6
ACSSF,2012e5,wv,000,0036,0005600,160,54,   ,16000US5433580,"Greenview CDP, West Virginia",133,83,28,55,10,45,50,50,0
ACSSF,2012e5,wv,000,0036,0005601,160,54,   ,16000US5434180,"Gypsy CDP, West Virginia",130,37,15,22,17,5,93,77,16
ACSSF,2012e5,wv,000,0036,0005602,160,54,   ,16000US5434492,"Hambleton town, West Virginia",101,50,42,8,3,5,51,31,20
ACSSF,2012e5,wv,000,0036,0005603,160,54,   ,16000US5434516,"Hamlin town, West Virginia",519,336,201,135,34,101,183,166,17
ACSSF,2012e5,wv,000,0036,0005604,160,54,   ,16000US5434756,"Handley town, West Virginia",130,76,60,16,10,6,54,45,9
ACSSF,2012e5,wv,000,0036,0005605,160,54,   ,16000US5435092,"Harman town, West Virginia",101,64,53,11,0,11,37,37,0
ACSSF,2012e5,wv,000,0036,0005606,160,54,   ,16000US5435284,"Harpers Ferry town, West Virginia",121,62,62,0,0,0,59,49,10
ACSSF,2012e5,wv,000,0036,0005607,160,54,   ,16000US5435428,"Harrisville town, West Virginia",856,554,388,166,38,128,302,281,21
ACSSF,2012e5,wv,000,0036,0005608,160,54,   ,16000US5435500,"Hartford City town, West Virginia",257,198,132,66,18,48,59,49,10
ACSSF,2012e5,wv,000,0036,0005609,160,54,   ,16000US5435596,"Harts CDP, West Virginia",278,205,117,88,13,75,73,73,0
ACSSF,2012e5,wv,000,0036,0005610,160,54,   ,16000US5436220,"Hedgesville town, West Virginia",116,65,52,13,2,11,51,44,7
ACSSF,2012e5,wv,000,0036,0005611,160,54,   ,16000US5436292,"Helen CDP, West Virginia",57,57,0,57,0,57,0,0,0
ACSSF,2012e5,wv,000,0036,0005612,160,54,   ,16000US5436340,"Helvetia CDP, West Virginia",0,0,0,0,0,0,0,0,0
ACSSF,2012e5,wv,000,0036,0005613,160,54,   ,16000US5436436,"Henderson town, West Virginia",84,51,41,10,2,8,33,30,3
ACSSF,2012e5,wv,000,0036,0005614,160,54,   ,16000US5436460,"Hendricks town, West Virginia",144,102,80,22,6,16,42,41,1
ACSSF,2012e5,wv,000,0036,0005615,160,54,   ,16000US5436484,"Henlawson CDP, West Virginia",99,84,84,0,0,0,15,15,0
ACSSF,2012e5,wv,000,0036,0005616,160,54,   ,16000US5436628,"Hepzibah CDP, West Virginia",185,146,120,26,0,26,39,39,0
ACSSF,2012e5,wv,000,0036,0005617,160,54,   ,16000US5437036,"Hico CDP, West Virginia",66,66,42,24,0,24,0,0,0
ACSSF,2012e5,wv,000,0036,0005618,160,54,   ,16000US5437372,"Hillsboro town, West Virginia",101,54,36,18,7,11,47,44,3
ACSSF,2012e5,wv,000,0036,0005619,160,54,   ,16000US5437444,"Hilltop CDP, West Virginia",164,152,65,87,0,87,12,12,0
ACSSF,2012e5,wv,000,0036,0005620,160,54,   ,16000US5437636,"Hinton city, West Virginia",1166,647,440,207,80,127,519,497,22
ACSSF,2012e5,wv,000,0036,0005621,160,54,   ,16000US5437948,"Holden CDP, West Virginia",293,261,200,61,10,51,32,32,0
ACSSF,2012e5,wv,000,0036,0005622,160,54,   ,16000US5438260,"Hometown CDP, West Virginia",215,184,135,49,0,49,31,31,0
ACSSF,2012e5,wv,000,0036,0005623,160,54,   ,16000US5438476,"Hooverson Heights CDP, West Virginia",1183,798,617,181,65,116,385,348,37
ACSSF,2012e5,wv,000,0036,0005624,160,54,   ,16000US5439340,"Hundred town, West Virginia",120,76,65,11,2,9,44,30,14
ACSSF,2012e5,wv,000,0036,0005625,160,54,   ,16000US5439412,"Huntersville CDP, West Virginia",133,83,69,14,0,14,50,50,0
ACSSF,2012e5,wv,000,0036,0005626,160,54,   ,16000US5439460,"Huntington city, West Virginia",21582,11121,7158,3963,898,3065,10461,8543,1918
ACSSF,2012e5,wv,000,0036,0005627,160,54,   ,16000US5439532,"Hurricane city, West Virginia",2314,1831,1473,358,84,274,483,454,29
ACSSF,2012e5,wv,000,0036,0005628,160,54,   ,16000US5439628,"Huttonsville town, West Virginia",96,54,49,5,2,3,42,31,11
ACSSF,2012e5,wv,000,0036,0005629,160,54,   ,16000US5439652,"Iaeger town, West Virginia",131,84,73,11,2,9,47,46,1
ACSSF,2012e5,wv,000,0036,0005630,160,54,   ,16000US5439676,"Idamay CDP, West Virginia",108,76,64,12,0,12,32,32,0
ACSSF,2012e5,wv,000,0036,0005631,160,54,   ,16000US5440204,"Inwood CDP, West Virginia",920,644,414,230,109,121,276,242,34
ACSSF,2012e5,wv,000,0036,0005632,160,54,   ,16000US5440444,"Itmann CDP, West Virginia",86,73,61,12,0,12,13,13,0
ACSSF,2012e5,wv,000,0036,0005633,160,54,   ,16000US5440636,"Jacksonburg CDP, West Virginia",24,8,8,0,0,0,16,16,0
ACSSF,2012e5,wv,000,0036,0005634,160,54,   ,16000US5440828,"Jane Lew town, West Virginia",247,108,84,24,0,24,139,131,8
ACSSF,2012e5,wv,000,0036,0005635,160,54,   ,16000US5441010,"Jefferson CDP, West Virginia",238,147,85,62,32,30,91,85,6
ACSSF,2012e5,wv,000,0036,0005636,160,54,   ,16000US5442244,"Junior town, West Virginia",184,121,65,56,41,15,63,63,0
ACSSF,2012e5,wv,000,0036,0005637,160,54,   ,16000US5442292,"Justice CDP, West Virginia",141,78,78,0,0,0,63,63,0
ACSSF,2012e5,wv,000,0036,0005638,160,54,   ,16000US5443180,"Kenova city, West Virginia",1436,771,474,297,96,201,665,637,28
ACSSF,2012e5,wv,000,0036,0005639,160,54,   ,16000US5443300,"Kermit town, West Virginia",251,227,136,91,23,68,24,24,0
ACSSF,2012e5,wv,000,0036,0005640,160,54,   ,16000US5443492,"Keyser city, West Virginia",2640,1126,748,378,34,344,1514,1477,37
ACSSF,2012e5,wv,000,0036,0005641,160,54,   ,16000US5443516,"Keystone city, West Virginia",139,80,40,40,9,31,59,59,0
ACSSF,2012e5,wv,000,0036,0005642,160,54,   ,16000US5443780,"Kimball town, West Virginia",130,111,68,43,6,37,19,19,0
ACSSF,2012e5,wv,000,0036,0005643,160,54,   ,16000US5443828,"Kimberly CDP, West Virginia",90,78,51,27,15,12,12,12,0
ACSSF,2012e5,wv,000,0036,0005644,160,54,   ,16000US5443852,"Kincaid CDP, West Virginia",93,82,54,28,0,28,11,11,0
ACSSF,2012e5,wv,000,0036,0005645,160,54,   ,16000US5444044,"Kingwood city, West Virginia",1383,814,687,127,0,127,569,533,36
ACSSF,2012e5,wv,000,0036,0005646,160,54,   ,16000US5444188,"Kistler CDP, West Virginia",187,113,50,63,0,63,74,57,17
ACSSF,2012e5,wv,000,0036,0005647,160,54,   ,16000US5444548,"Kopperston CDP, West Virginia",77,77,65,12,0,12,0,0,0
ACSSF,2012e5,wv,000,0036,0005648,160,54,   ,16000US5445292,"Lashmeet CDP, West Virginia",100,94,70,24,0,24,6,6,0
ACSSF,2012e5,wv,000,0036,0005649,160,54,   ,16000US5445580,"Lavalette CDP, West Virginia",442,257,240,17,0,17,185,185,0
ACSSF,2012e5,wv,000,0036,0005650,160,54,   ,16000US5446300,"Leon town, West Virginia",55,41,35,6,2,4,14,11,3
ACSSF,2012e5,wv,000,0036,0005651,160,54,   ,16000US5446420,"Lesage CDP, West Virginia",663,467,372,95,7,88,196,179,17
ACSSF,2012e5,wv,000,0036,0005652,160,54,   ,16000US5446468,"Lester town, West Virginia",139,98,56,42,2,40,41,40,1
ACSSF,2012e5,wv,000,0036,0005653,160,54,   ,16000US5446636,"Lewisburg city, West Virginia",1887,959,815,144,50,94,928,798,130
ACSSF,2012e5,wv,000,0036,0005654,160,54,   ,16000US5447788,"Littleton CDP, West Virginia",87,81,4,77,14,63,6,3,3
ACSSF,2012e5,wv,000,0036,0005655,160,54,   ,16000US5448148,"Logan city, West Virginia",983,540,343,197,37,160,443,355,88
ACSSF,2012e5,wv,000,0036,0005656,160,54,   ,16000US5448748,"Lost Creek town, West Virginia",130,106,63,43,4,39,24,22,2
ACSSF,2012e5,wv,000,0036,0005657,160,54,   ,16000US5449156,"Lubeck CDP, West Virginia",507,348,271,77,56,21,159,128,31
ACSSF,2012e5,wv,000,0036,0005658,160,54,   ,16000US5449252,"Lumberport town, West Virginia",516,392,254,138,47,91,124,115,9
ACSSF,2012e5,wv,000,0036,0005659,160,54,   ,16000US5449492,"Mabscott town, West Virginia",522,351,299,52,0,52,171,133,38
ACSSF,2012e5,wv,000,0036,0005660,160,54,   ,16000US5449564,"MacArthur CDP, West Virginia",826,496,287,209,126,83,330,310,20
ACSSF,2012e5,wv,000,0036,0005661,160,54,   ,16000US5449732,"McConnell CDP, West Virginia",223,188,188,0,0,0,35,35,0
ACSSF,2012e5,wv,000,0036,0005662,160,54,   ,16000US5450260,"McMechen city, West Virginia",777,415,310,105,46,59,362,355,7
ACSSF,2012e5,wv,000,0036,0005663,160,54,   ,16000US5450524,"Madison city, West Virginia",1380,910,647,263,97,166,470,427,43
ACSSF,2012e5,wv,000,0036,0005664,160,54,   ,16000US5450860,"Mallory CDP, West Virginia",574,363,282,81,28,53,211,211,0
ACSSF,2012e5,wv,000,0036,0005665,160,54,   ,16000US5450932,"Man town, West Virginia",852,572,448,124,9,115,280,228,52
ACSSF,2012e5,wv,000,0036,0005666,160,54,   ,16000US5451100,"Mannington city, West Virginia",770,557,379,178,82,96,213,180,33
ACSSF,2012e5,wv,000,0036,0005667,160,54,   ,16000US5451676,"Marlinton town, West Virginia",541,290,156,134,44,90,251,200,51
ACSSF,2012e5,wv,000,0036,0005668,160,54,   ,16000US5451724,"Marmet city, West Virginia",679,432,282,150,25,125,247,216,31
ACSSF,2012e5,wv,000,0036,0005669,160,54,   ,16000US5452060,"Martinsburg city, West Virginia",7420,4374,2834,1540,458,1082,3046,2638,408
ACSSF,2012e5,wv,000,0036,0005670,160,54,   ,16000US5452180,"Mason town, West Virginia",447,310,176,134,25,109,137,123,14
ACSSF,2012e5,wv,000,0036,0005671,160,54,   ,16000US5452228,"Masontown town, West Virginia",371,245,199,46,12,34,126,96,30
ACSSF,2012e5,wv,000,0036,0005672,160,54,   ,16000US5452324,"Matewan town, West Virginia",406,182,106,76,25,51,224,206,18
ACSSF,2012e5,wv,000,0036,0005673,160,54,   ,16000US5452372,"Matheny CDP, West Virginia",200,154,126,28,0,28,46,25,21
ACSSF,2012e5,wv,000,0036,0005674,160,54,   ,16000US5452420,"Matoaka town, West Virginia",110,57,34,23,14,9,53,49,4
ACSSF,2012e5,wv,000,0036,0005675,160,54,   ,16000US5452588,"Maybeury CDP, West Virginia",77,28,13,15,6,9,49,42,7
ACSSF,2012e5,wv,000,0036,0005676,160,54,   ,16000US5452780,"Meadow Bridge town, West Virginia",144,80,50,30,6,24,64,60,4
ACSSF,2012e5,wv,000,0036,0005677,160,54,   ,16000US5453572,"Middlebourne town, West Virginia",372,223,153,70,14,56,149,141,8
ACSSF,2012e5,wv,000,0036,0005678,160,54,   ,16000US5453692,"Middleway CDP, West Virginia",131,103,83,20,0,20,28,20,8
ACSSF,2012e5,wv,000,0036,0005679,160,54,   ,16000US5454100,"Mill Creek town, West Virginia",314,178,132,46,14,32,136,127,9
ACSSF,2012e5,wv,000,0036,0005680,160,54,   ,16000US5454484,"Milton town, West Virginia",1188,678,485,193,32,161,510,458,52
ACSSF,2012e5,wv,000,0036,0005681,160,54,   ,16000US5454508,"Minden CDP, West Virginia",117,91,45,46,0,46,26,26,0
ACSSF,2012e5,wv,000,0036,0005682,160,54,   ,16000US5454580,"Mineralwells CDP, West Virginia",504,397,337,60,31,29,107,91,16
ACSSF,2012e5,wv,000,0036,0005683,160,54,   ,16000US5454892,"Mitchell Heights town, West Virginia",170,119,104,15,2,13,51,51,0
ACSSF,2012e5,wv,000,0036,0005684,160,54,   ,16000US5455132,"Monaville CDP, West Virginia",97,65,65,0,0,0,32,32,0
ACSSF,2012e5,wv,000,0036,0005685,160,54,   ,16000US5455276,"Monongah town, West Virginia",538,400,251,149,43,106,138,126,12
ACSSF,2012e5,wv,000,0036,0005686,160,54,   ,16000US5455372,"Montcalm CDP, West Virginia",201,91,79,12,0,12,110,110,0
ACSSF,2012e5,wv,000,0036,0005687,160,54,   ,16000US5455468,"Montgomery city, West Virginia",812,416,254,162,28,134,396,340,56
ACSSF,2012e5,wv,000,0036,0005688,160,54,   ,16000US5455540,"Montrose town, West Virginia",64,51,38,13,3,10,13,11,2
ACSSF,2012e5,wv,000,0036,0005689,160,54,   ,16000US5455588,"Moorefield town, West Virginia",1025,458,306,152,37,115,567,540,27
ACSSF,2012e5,wv,000,0036,0005690,160,54,   ,16000US5455756,"Morgantown city, West Virginia",10215,3678,2786,892,256,636,6537,4907,1630
ACSSF,2012e5,wv,000,0036,0005691,160,54,   ,16000US5456020,"Moundsville city, West Virginia",4461,2600,1725,875,312,563,1861,1635,226
ACSSF,2012e5,wv,000,0036,0005692,160,54,   ,16000US5456212,"Mount Carbon CDP, West Virginia",147,113,100,13,0,13,34,34,0
ACSSF,2012e5,wv,000,0036,0005693,160,54,   ,16000US5456342,"Mount Gay-Shamrock CDP, West Virginia",643,447,342,105,46,59,196,137,59
ACSSF,2012e5,wv,000,0036,0005694,160,54,   ,16000US5456404,"Mount Hope city, West Virginia",705,480,313,167,29,138,225,184,41
ACSSF,2012e5,wv,000,0036,0005695,160,54,   ,16000US5457148,"Mullens city, West Virginia",939,554,439,115,28,87,385,352,33
ACSSF,2012e5,wv,000,0036,0005696,160,54,   ,16000US5457916,"Neibert CDP, West Virginia",47,47,33,14,0,14,0,0,0
ACSSF,2012e5,wv,000,0036,0005697,160,54,   ,16000US5458180,"Nettie CDP, West Virginia",358,264,221,43,43,0,94,94,0
ACSSF,2012e5,wv,000,0036,0005698,160,54,   ,16000US5458300,"Newburg town, West Virginia",207,159,104,55,38,17,48,40,8
ACSSF,2012e5,wv,000,0036,0005699,160,54,   ,16000US5458372,"New Cumberland city, West Virginia",568,359,208,151,81,70,209,187,22
ACSSF,2012e5,wv,000,0036,0005700,160,54,   ,16000US5458420,"Newell CDP, West Virginia",390,281,150,131,89,42,109,91,18
ACSSF,2012e5,wv,000,0036,0005701,160,54,   ,16000US5458564,"New Haven town, West Virginia",706,462,343,119,19,100,244,235,9
ACSSF,2012e5,wv,000,0036,0005702,160,54,   ,16000US5458684,"New Martinsville city, West Virginia",2258,1386,1121,265,5,260,872,772,100
ACSSF,2012e5,wv,000,0036,0005703,160,54,   ,16000US5458756,"New Richmond CDP, West Virginia",67,67,67,0,0,0,0,0,0
ACSSF,2012e5,wv,000,0036,0005704,160,54,   ,16000US5459068,"Nitro city, West Virginia",2974,1921,1405,516,196,320,1053,800,253
ACSSF,2012e5,wv,000,0036,0005705,160,54,   ,16000US5459428,"Northfork town, West Virginia",262,133,88,45,6,39,129,111,18
ACSSF,2012e5,wv,000,0036,0005706,160,54,   ,16000US5459458,"North Hills town, West Virginia",320,253,196,57,37,20,67,59,8
ACSSF,2012e5,wv,000,0036,0005707,160,54,   ,16000US5459836,"Nutter Fort town, West Virginia",689,375,287,88,14,74,314,285,29
ACSSF,2012e5,wv,000,0036,0005708,160,54,   ,16000US5460028,"Oak Hill city, West Virginia",3118,1970,1391,579,124,455,1148,996,152
ACSSF,2012e5,wv,000,0036,0005709,160,54,   ,16000US5460196,"Oakvale town, West Virginia",44,30,26,4,0,4,14,9,5
ACSSF,2012e5,wv,000,0036,0005710,160,54,   ,16000US5460364,"Oceana town, West Virginia",733,550,415,135,49,86,183,156,27
ACSSF,2012e5,wv,000,0036,0005711,160,54,   ,16000US5460628,"Omar CDP, West Virginia",298,236,156,80,12,68,62,62,0
ACSSF,2012e5,wv,000,0036,0005712,160,54,   ,16000US5461636,"Paden City city, West Virginia",1178,731,570,161,67,94,447,447,0
ACSSF,2012e5,wv,000,0036,0005713,160,54,   ,16000US5461660,"Page CDP, West Virginia",62,41,41,0,0,0,21,5,16
ACSSF,2012e5,wv,000,0036,0005714,160,54,   ,16000US5461684,"Pageton CDP, West Virginia",42,18,13,5,0,5,24,24,0
ACSSF,2012e5,wv,000,0036,0005715,160,54,   ,16000US5462140,"Parkersburg city, West Virginia",13672,7880,5490,2390,592,1798,5792,5041,751
ACSSF,2012e5,wv,000,0036,0005716,160,54,   ,16000US5462284,"Parsons city, West Virginia",657,462,358,104,29,75,195,167,28
ACSSF,2012e5,wv,000,0036,0005717,160,54,   ,16000US5462332,"Paw Paw town, West Virginia",205,102,64,38,2,36,103,94,9
ACSSF,2012e5,wv,000,0036,0005718,160,54,   ,16000US5462356,"Pax town, West Virginia",115,64,43,21,0,21,51,51,0
ACSSF,2012e5,wv,000,0036,0005719,160,54,   ,16000US5462488,"Pea Ridge CDP, West Virginia",2908,1808,1448,360,108,252,1100,990,110
ACSSF,2012e5,wv,000,0036,0005720,160,54,   ,16000US5462764,"Pennsboro city, West Virginia",503,319,195,124,33,91,184,176,8
ACSSF,2012e5,wv,000,0036,0005721,160,54,   ,16000US5462788,"Pentress CDP, West Virginia",65,65,65,0,0,0,0,0,0
ACSSF,2012e5,wv,000,0036,0005722,160,54,   ,16000US5462956,"Petersburg city, West Virginia",1150,660,497,163,32,131,490,432,58
ACSSF,2012e5,wv,000,0036,0005723,160,54,   ,16000US5463052,"Peterstown town, West Virginia",278,154,140,14,6,8,124,121,3
ACSSF,2012e5,wv,000,0036,0005724,160,54,   ,16000US5463292,"Philippi city, West Virginia",1129,644,435,209,56,153,485,425,60
ACSSF,2012e5,wv,000,0036,0005725,160,54,   ,16000US5463484,"Pickens CDP, West Virginia",22,13,0,13,0,13,9,9,0
ACSSF,2012e5,wv,000,0036,0005726,160,54,   ,16000US5463604,"Piedmont town, West Virginia",317,179,93,86,29,57,138,134,4
ACSSF,2012e5,wv,000,0036,0005727,160,54,   ,16000US5463772,"Pinch CDP, West Virginia",1215,860,687,173,11,162,355,259,96
ACSSF,2012e5,wv,000,0036,0005728,160,54,   ,16000US5463892,"Pine Grove town, West Virginia",232,169,117,52,10,42,63,63,0
ACSSF,2012e5,wv,000,0036,0005729,160,54,   ,16000US5463940,"Pineville town, West Virginia",438,330,285,45,7,38,108,100,8
ACSSF,2012e5,wv,000,0036,0005730,160,54,   ,16000US5463988,"Piney View CDP, West Virginia",446,308,279,29,0,29,138,127,11
ACSSF,2012e5,wv,000,0036,0005731,160,54,   ,16000US5464228,"Pleasant Valley city, West Virginia",1350,849,606,243,63,180,501,441,60
ACSSF,2012e5,wv,000,0036,0005732,160,54,   ,16000US5464516,"Poca town, West Virginia",531,415,306,109,42,67,116,101,15
ACSSF,2012e5,wv,000,0036,0005733,160,54,   ,16000US5464708,"Point Pleasant city, West Virginia",1773,1120,873,247,32,215,653,566,87
ACSSF,2012e5,wv,000,0036,0005734,160,54,   ,16000US5465284,"Powellton CDP, West Virginia",192,139,108,31,15,16,53,53,0
ACSSF,2012e5,wv,000,0036,0005735,160,54,   ,16000US5465356,"Pratt town, West Virginia",184,144,95,49,14,35,40,28,12
ACSSF,2012e5,wv,000,0036,0005736,160,54,   ,16000US5465596,"Prichard CDP, West Virginia",180,107,96,11,0,11,73,73,0
ACSSF,2012e5,wv,000,0036,0005737,160,54,   ,16000US5465668,"Prince CDP, West Virginia",78,64,12,52,0,52,14,14,0
ACSSF,2012e5,wv,000,0036,0005738,160,54,   ,16000US5465692,"Princeton city, West Virginia",2879,1673,1195,478,165,313,1206,1009,197
ACSSF,2012e5,wv,000,0036,0005739,160,54,   ,16000US5465836,"Prosperity CDP, West Virginia",750,472,296,176,25,151,278,248,30
ACSSF,2012e5,wv,000,0036,0005740,160,54,   ,16000US5465956,"Pullman town, West Virginia",87,56,46,10,2,8,31,31,0
ACSSF,2012e5,wv,000,0036,0005741,160,54,   ,16000US5466412,"Quinwood town, West Virginia",154,95,57,38,32,6,59,54,5
ACSSF,2012e5,wv,000,0036,0005742,160,54,   ,16000US5466460,"Rachel CDP, West Virginia",109,109,92,17,17,0,0,0,0
ACSSF,2012e5,wv,000,0036,0005743,160,54,   ,16000US5466484,"Racine CDP, West Virginia",115,54,54,0,0,0,61,61,0
ACSSF,2012e5,wv,000,0036,0005744,160,54,   ,16000US5466652,"Rainelle town, West Virginia",648,379,260,119,25,94,269,234,35
ACSSF,2012e5,wv,000,0036,0005745,160,54,   ,16000US5466892,"Rand CDP, West Virginia",556,262,133,129,40,89,294,246,48
ACSSF,2012e5,wv,000,0036,0005746,160,54,   ,16000US5466988,"Ranson corporation, West Virginia",1807,1115,634,481,96,385,692,515,177
ACSSF,2012e5,wv,000,0036,0005747,160,54,   ,16000US5467108,"Ravenswood city, West Virginia",1701,906,604,302,63,239,795,690,105
ACSSF,2012e5,wv,000,0036,0005748,160,54,   ,16000US5467228,"Raysal CDP, West Virginia",119,89,79,10,0,10,30,30,0
ACSSF,2012e5,wv,000,0036,0005749,160,54,   ,16000US5467252,"Reader CDP, West Virginia",219,140,112,28,15,13,79,79,0
ACSSF,2012e5,wv,000,0036,0005750,160,54,   ,16000US5467396,"Red Jacket CDP, West Virginia",269,148,68,80,33,47,121,67,54
ACSSF,2012e5,wv,000,0036,0005751,160,54,   ,16000US5467636,"Reedsville town, West Virginia",240,155,129,26,3,23,85,74,11
ACSSF,2012e5,wv,000,0036,0005752,160,54,   ,16000US5467660,"Reedy town, West Virginia",49,37,32,5,0,5,12,11,1
ACSSF,2012e5,wv,000,0036,0005753,160,54,   ,16000US5467996,"Rhodell town, West Virginia",97,49,35,14,1,13,48,39,9
ACSSF,2012e5,wv,000,0036,0005754,160,54,   ,16000US5468116,"Richwood city, West Virginia",994,653,417,236,67,169,341,307,34
ACSSF,2012e5,wv,000,0036,0005755,160,54,   ,16000US5468260,"Ridgeley town, West Virginia",290,143,90,53,13,40,147,136,11
ACSSF,2012e5,wv,000,0036,0005756,160,54,   ,16000US5468596,"Ripley city, West Virginia",1382,794,640,154,98,56,588,470,118
ACSSF,2012e5,wv,000,0036,0005757,160,54,   ,16000US5468908,"Rivesville town, West Virginia",498,326,246,80,22,58,172,165,7
ACSSF,2012e5,wv,000,0036,0005758,160,54,   ,16000US5469100,"Robinette CDP, West Virginia",197,159,123,36,0,36,38,24,14
ACSSF,2012e5,wv,000,0036,0005759,160,54,   ,16000US5469844,"Roderfield CDP, West Virginia",41,11,11,0,0,0,30,30,0
ACSSF,2012e5,wv,000,0036,0005760,160,54,   ,16000US5470084,"Romney city, West Virginia",976,415,288,127,26,101,561,534,27
ACSSF,2012e5,wv,000,0036,0005761,160,54,   ,16000US5470156,"Ronceverte city, West Virginia",892,477,367,110,24,86,415,374,41
ACSSF,2012e5,wv,000,0036,0005762,160,54,   ,16000US5470468,"Rossmore CDP, West Virginia",147,101,66,35,19,16,46,0,46
ACSSF,2012e5,wv,000,0036,0005763,160,54,   ,16000US5470588,"Rowlesburg town, West Virginia",331,226,196,30,7,23,105,83,22
ACSSF,2012e5,wv,000,0036,0005764,160,54,   ,16000US5470828,"Rupert town, West Virginia",487,332,197,135,40,95,155,112,43
ACSSF,2012e5,wv,000,0036,0005765,160,54,   ,16000US5471212,"St. Albans city, West Virginia",4771,2982,2208,774,284,490,1789,1597,192
ACSSF,2012e5,wv,000,0036,0005766,160,54,   ,16000US5471356,"St. Marys city, West Virginia",831,537,405,132,21,111,294,264,30
ACSSF,2012e5,wv,000,0036,0005767,160,54,   ,16000US5471380,"Salem city, West Virginia",700,421,289,132,36,96,279,234,45
ACSSF,2012e5,wv,000,0036,0005768,160,54,   ,16000US5471476,"Salt Rock CDP, West Virginia",191,164,106,58,10,48,27,27,0
ACSSF,2012e5,wv,000,0036,0005769,160,54,   ,16000US5471620,"Sand Fork town, West Virginia",99,85,56,29,11,18,14,14,0
ACSSF,2012e5,wv,000,0036,0005770,160,54,   ,16000US5472004,"Sarah Ann CDP, West Virginia",47,13,13,0,0,0,34,23,11
ACSSF,2012e5,wv,000,0036,0005771,160,54,   ,16000US5472292,"Scarbro CDP, West Virginia",185,138,102,36,0,36,47,39,8
ACSSF,2012e5,wv,000,0036,0005772,160,54,   ,16000US5473108,"Shady Spring CDP, West Virginia",1255,852,646,206,112,94,403,386,17
ACSSF,2012e5,wv,000,0036,0005773,160,54,   ,16000US5473252,"Shannondale CDP, West Virginia",1133,785,636,149,36,113,348,287,61
ACSSF,2012e5,wv,000,0036,0005774,160,54,   ,16000US5473444,"Shenandoah Junction CDP, West Virginia",183,183,88,95,23,72,0,0,0
ACSSF,2012e5,wv,000,0036,0005775,160,54,   ,16000US5473468,"Shepherdstown town, West Virginia",420,239,158,81,18,63,181,91,90
ACSSF,2012e5,wv,000,0036,0005776,160,54,   ,16000US5473636,"Shinnston city, West Virginia",1119,761,506,255,62,193,358,346,12
ACSSF,2012e5,wv,000,0036,0005777,160,54,   ,16000US5473876,"Shrewsbury CDP, West Virginia",245,186,127,59,0,59,59,48,11
ACSSF,2012e5,wv,000,0036,0005778,160,54,   ,16000US5474356,"Sissonville CDP, West Virginia",2210,1596,1309,287,15,272,614,547,67
ACSSF,2012e5,wv,000,0036,0005779,160,54,   ,16000US5474380,"Sistersville city, West Virginia",586,380,262,118,20,98,206,167,39
ACSSF,2012e5,wv,000,0036,0005780,160,54,   ,16000US5474740,"Smithers city, West Virginia",406,217,79,138,23,115,189,178,11
ACSSF,2012e5,wv,000,0036,0005781,160,54,   ,16000US5474788,"Smithfield town, West Virginia",88,54,36,18,4,14,34,34,0
ACSSF,2012e5,wv,000,0036,0005782,160,54,   ,16000US5475172,"Sophia town, West Virginia",532,348,242,106,0,106,184,171,13
ACSSF,2012e5,wv,000,0036,0005783,160,54,   ,16000US5475292,"South Charleston city, West Virginia",6308,3645,2533,1112,172,940,2663,2514,149
ACSSF,2012e5,wv,000,0036,0005784,160,54,   ,16000US5475796,"Spelter CDP, West Virginia",178,106,58,48,23,25,72,72,0
ACSSF,2012e5,wv,000,0036,0005785,160,54,   ,16000US5475820,"Spencer city, West Virginia",1077,549,399,150,18,132,528,505,23
ACSSF,2012e5,wv,000,0036,0005786,160,54,   ,16000US5476084,"Springfield CDP, West Virginia",188,118,102,16,0,16,70,70,0
ACSSF,2012e5,wv,000,0036,0005787,160,54,   ,16000US5476444,"Stanaford CDP, West Virginia",522,361,301,60,37,23,161,145,16
ACSSF,2012e5,wv,000,0036,0005788,160,54,   ,16000US5476516,"Star City town, West Virginia",849,369,238,131,43,88,480,379,101
ACSSF,2012e5,wv,000,0036,0005789,160,54,   ,16000US5476996,"Stollings CDP, West Virginia",186,158,131,27,0,27,28,28,0
ACSSF,2012e5,wv,000,0036,0005790,160,54,   ,16000US5477188,"Stonewood city, West Virginia",915,520,391,129,7,122,395,360,35
ACSSF,2012e5,wv,000,0036,0005791,160,54,   ,16000US5477980,"Summersville town, West Virginia",1578,1020,916,104,23,81,558,537,21
ACSSF,2012e5,wv,000,0036,0005792,160,54,   ,16000US5478580,"Sutton town, West Virginia",524,301,219,82,9,73,223,207,16
ACSSF,2012e5,wv,000,0036,0005793,160,54,   ,16000US5478796,"Switzer CDP, West Virginia",276,177,159,18,18,0,99,99,0
ACSSF,2012e5,wv,000,0036,0005794,160,54,   ,16000US5478964,"Sylvester town, West Virginia",149,119,114,5,0,5,30,26,4
ACSSF,2012e5,wv,000,0036,0005795,160,54,   ,16000US5479545,"Teays Valley CDP, West Virginia",5283,3885,3481,404,91,313,1398,1174,224
ACSSF,2012e5,wv,000,0036,0005796,160,54,   ,16000US5479708,"Terra Alta town, West Virginia",744,526,361,165,71,94,218,179,39
ACSSF,2012e5,wv,000,0036,0005797,160,54,   ,16000US5480020,"Thomas city, West Virginia",258,125,96,29,7,22,133,131,2
ACSSF,2012e5,wv,000,0036,0005798,160,54,   ,16000US5480284,"Thurmond town, West Virginia",2,2,2,0,0,0,0,0,0
ACSSF,2012e5,wv,000,0036,0005799,160,54,   ,16000US5480476,"Tioga CDP, West Virginia",24,24,10,14,0,14,0,0,0
ACSSF,2012e5,wv,000,0036,0005800,160,54,   ,16000US5480932,"Triadelphia town, West Virginia",405,233,186,47,12,35,172,120,52
ACSSF,2012e5,wv,000,0036,0005801,160,54,   ,16000US5481268,"Tunnelton town, West Virginia",136,98,79,19,2,17,38,32,6
ACSSF,2012e5,wv,000,0036,0005802,160,54,   ,16000US5481484,"Twilight CDP, West Virginia",28,28,28,0,0,0,0,0,0
ACSSF,2012e5,wv,000,0036,0005803,160,54,   ,16000US5481940,"Union town, West Virginia",268,152,75,77,26,51,116,98,18
ACSSF,2012e5,wv,000,0036,0005804,160,54,   ,16000US5482180,"Upper Falls CDP, West Virginia",1525,1068,881,187,12,175,457,429,28
ACSSF,2012e5,wv,000,0036,0005805,160,54,   ,16000US5482564,"Valley Bend CDP, West Virginia",154,129,108,21,0,21,25,25,0
ACSSF,2012e5,wv,000,0036,0005806,160,54,   ,16000US5482732,"Valley Grove village, West Virginia",212,167,154,13,3,10,45,33,12
ACSSF,2012e5,wv,000,0036,0005807,160,54,   ,16000US5482756,"Valley Head CDP, West Virginia",139,94,46,48,15,33,45,45,0
ACSSF,2012e5,wv,000,0036,0005808,160,54,   ,16000US5482852,"Van CDP, West Virginia",50,30,22,8,8,0,20,20,0
ACSSF,2012e5,wv,000,0036,0005809,160,54,   ,16000US5483332,"Verdunville CDP, West Virginia",251,141,90,51,0,51,110,25,85
ACSSF,2012e5,wv,000,0036,0005810,160,54,   ,16000US5483500,"Vienna city, West Virginia",4585,3128,2559,569,81,488,1457,1274,183
ACSSF,2012e5,wv,000,0036,0005811,160,54,   ,16000US5483764,"Vivian CDP, West Virginia",0,0,0,0,0,0,0,0,0
ACSSF,2012e5,wv,000,0036,0005812,160,54,   ,16000US5484484,"War city, West Virginia",355,226,162,64,27,37,129,96,33
ACSSF,2012e5,wv,000,0036,0005813,160,54,   ,16000US5484580,"Wardensville town, West Virginia",161,67,64,3,3,0,94,56,38
ACSSF,2012e5,wv,000,0036,0005814,160,54,   ,16000US5484724,"Washington CDP, West Virginia",525,435,379,56,9,47,90,81,9
ACSSF,2012e5,wv,000,0036,0005815,160,54,   ,16000US5484916,"Waverly CDP, West Virginia",166,141,141,0,0,0,25,21,4
ACSSF,2012e5,wv,000,0036,0005816,160,54,   ,16000US5484940,"Wayne town, West Virginia",982,697,511,186,37,149,285,253,32
ACSSF,2012e5,wv,000,0036,0005817,160,54,   ,16000US5485156,"Weirton city, West Virginia",8658,5325,3712,1613,445,1168,3333,3028,305
ACSSF,2012e5,wv,000,0036,0005818,160,54,   ,16000US5485228,"Welch city, West Virginia",875,524,353,171,38,133,351,325,26
ACSSF,2012e5,wv,000,0036,0005819,160,54,   ,16000US5485324,"Wellsburg city, West Virginia",1199,754,541,213,81,132,445,394,51
ACSSF,2012e5,wv,000,0036,0005820,160,54,   ,16000US5485804,"West Hamlin town, West Virginia",483,273,168,105,14,91,210,210,0
ACSSF,2012e5,wv,000,0036,0005821,160,54,   ,16000US5485876,"West Liberty town, West Virginia",206,87,62,25,4,21,119,49,70
ACSSF,2012e5,wv,000,0036,0005822,160,54,   ,16000US5485900,"West Logan town, West Virginia",215,116,70,46,4,42,99,92,7
ACSSF,2012e5,wv,000,0036,0005823,160,54,   ,16000US5485924,"West Milford town, West Virginia",341,273,189,84,9,75,68,61,7
ACSSF,2012e5,wv,000,0036,0005824,160,54,   ,16000US5485972,"Weston city, West Virginia",1637,979,701,278,66,212,658,574,84
ACSSF,2012e5,wv,000,0036,0005825,160,54,   ,16000US5485996,"Westover city, West Virginia",1578,954,699,255,70,185,624,536,88
ACSSF,2012e5,wv,000,0036,0005826,160,54,   ,16000US5486116,"West Union town, West Virginia",349,228,163,65,21,44,121,101,20
ACSSF,2012e5,wv,000,0036,0005827,160,54,   ,16000US5486452,"Wheeling city, West Virginia",12772,6815,4816,1999,382,1617,5957,5378,579
ACSSF,2012e5,wv,000,0036,0005828,160,54,   ,16000US5486620,"White Hall town, West Virginia",290,159,128,31,5,26,131,112,19
ACSSF,2012e5,wv,000,0036,0005829,160,54,   ,16000US5486812,"White Sulphur Springs city, West Virginia",1231,763,444,319,121,198,468,436,32
ACSSF,2012e5,wv,000,0036,0005830,160,54,   ,16000US5486836,"Whitesville town, West Virginia",248,144,114,30,5,25,104,73,31
ACSSF,2012e5,wv,000,0036,0005831,160,54,   ,16000US5486932,"Whitmer CDP, West Virginia",28,28,15,13,0,13,0,0,0
ACSSF,2012e5,wv,000,0036,0005832,160,54,   ,16000US5487316,"Wiley Ford CDP, West Virginia",386,203,143,60,28,32,183,166,17
ACSSF,2012e5,wv,000,0036,0005833,160,54,   ,16000US5487508,"Williamson city, West Virginia",1389,823,487,336,29,307,566,502,64
ACSSF,2012e5,wv,000,0036,0005834,160,54,   ,16000US5487556,"Williamstown city, West Virginia",1224,828,684,144,55,89,396,382,14
ACSSF,2012e5,wv,000,0036,0005835,160,54,   ,16000US5487892,"Windsor Heights village, West Virginia",188,135,104,31,7,24,53,49,4
ACSSF,2012e5,wv,000,0036,0005836,160,54,   ,16000US5487988,"Winfield town, West Virginia",1005,725,593,132,22,110,280,241,39
ACSSF,2012e5,wv,000,0036,0005837,160,54,   ,16000US5488276,"Wolf Summit CDP, West Virginia",50,50,42,8,8,0,0,0,0
ACSSF,2012e5,wv,000,0036,0005838,160,54,   ,16000US5488324,"Womelsdorf (Coalton) town, West Virginia",119,77,63,14,4,10,42,42,0
ACSSF,2012e5,wv,000,0036,0005839,160,54,   ,16000US5488708,"Worthington town, West Virginia",132,69,57,12,0,12,63,63,0
ACSSF,2012e5,wv,000,0036,0005840,311,54,   ,31100US1322054,"West Virginia (part); Beckley, WV Micro Area",31500,20767,15927,4840,1382,3458,10733,9318,1415
ACSSF,2012e5,wv,000,0036,0005841,311,54,   ,31100US1414054,"West Virginia (part); Bluefield, WV-VA Micro Area",25784,16394,12877,3517,894,2623,9390,8114,1276
ACSSF,2012e5,wv,000,0036,0005842,311,54,   ,31100US1662054,"West Virginia (part); Charleston, WV Metro Area",125787,82232,62313,19919,5109,14810,43555,37662,5893
ACSSF,2012e5,wv,000,0036,0005843,311,54,   ,31100US1722054,"West Virginia (part); Clarksburg, WV Micro Area",37334,25699,19284,6415,1428,4987,11635,10231,1404
ACSSF,2012e5,wv,000,0036,0005844,311,54,   ,31100US1906054,"West Virginia (part); Cumberland, MD-WV Metro Area",11183,6499,5104,1395,319,1076,4684,4402,282
ACSSF,2012e5,wv,000,0036,0005845,311,54,   ,31100US2190054,"West Virginia (part); Fairmont, WV Micro Area",22761,14940,11175,3765,983,2782,7821,6513,1308
ACSSF,2012e5,wv,000,0036,0005846,311,54,   ,31100US2518054,"West Virginia (part); Hagerstown-Martinsburg, MD-WV Metro Area",47298,31739,23770,7969,2348,5621,15559,13370,2189
ACSSF,2012e5,wv,000,0036,0005847,311,54,   ,31100US2658054,"West Virginia (part); Huntington-Ashland, WV-KY-OH Metro Area",57267,35697,26142,9555,2214,7341,21570,18127,3443
ACSSF,2012e5,wv,000,0036,0005848,311,54,   ,31100US3406054,"West Virginia (part); Morgantown, WV Metro Area",48557,27407,22049,5358,1758,3600,21150,16470,4680
ACSSF,2012e5,wv,000,0036,0005849,311,54,   ,31100US3606054,"West Virginia (part); Oak Hill, WV Micro Area",17733,11917,8678,3239,819,2420,5816,5057,759
ACSSF,2012e5,wv,000,0036,0005850,311,54,   ,31100US3762054,"West Virginia (part); Parkersburg-Marietta-Vienna, WV-OH Metro Area",40812,26975,21148,5827,1519,4308,13837,11805,2032
ACSSF,2012e5,wv,000,0036,0005851,311,54,   ,31100US3858054,"West Virginia (part); Point Pleasant, WV-OH Micro Area",10381,7088,5485,1603,292,1311,3293,2764,529
ACSSF,2012e5,wv,000,0036,0005852,311,54,   ,31100US4460054,"West Virginia (part); Steubenville-Weirton, OH-WV Metro Area",22900,15298,11328,3970,1322,2648,7602,6777,825
ACSSF,2012e5,wv,000,0036,0005853,311,54,   ,31100US4790054,"West Virginia (part); Washington-Arlington-Alexandria, DC-VA-MD-WV Metro Area",19824,13939,11136,2803,795,2008,5885,4486,1399
ACSSF,2012e5,wv,000,0036,0005854,311,54,   ,31100US4854054,"West Virginia (part); Wheeling, WV-OH Metro Area",32576,20266,15602,4664,1239,3425,12310,10879,1431
ACSSF,2012e5,wv,000,0036,0005855,311,54,   ,31100US4902054,"West Virginia (part); Winchester, VA-WV Metro Area",10563,5017,3824,1193,218,975,5546,5159,387
ACSSF,2012e5,wv,000,0036,0005856,312,54,   ,31200US132205405332,"Beckley city, WV; Beckley, WV Micro Area",7433,4233,2792,1441,301,1140,3200,2766,434
ACSSF,2012e5,wv,000,0036,0005857,312,54,   ,31200US141405408524,"Bluefield city, WV; Bluefield, WV-VA Micro Area",4746,2781,2130,651,110,541,1965,1799,166
ACSSF,2012e5,wv,000,0036,0005858,312,54,   ,31200US166205414600,"Charleston city, WV; Charleston, WV Metro Area",23483,12265,8612,3653,839,2814,11218,9833,1385
ACSSF,2012e5,wv,000,0036,0005859,312,54,   ,31200US172205415628,"Clarksburg city, WV; Clarksburg, WV Micro Area",6708,4022,2735,1287,208,1079,2686,2292,394
ACSSF,2012e5,wv,000,0036,0005860,312,54,   ,31200US219005426452,"Fairmont city, WV; Fairmont, WV Micro Area",7908,4440,3073,1367,341,1026,3468,2746,722
ACSSF,2012e5,wv,000,0036,0005861,312,54,   ,31200US251805452060,"Martinsburg city, WV; Hagerstown-Martinsburg, MD-WV Metro Area",7420,4374,2834,1540,458,1082,3046,2638,408
ACSSF,2012e5,wv,000,0036,0005862,312,54,   ,31200US265805439460,"Huntington city, WV; Huntington-Ashland, WV-KY-OH Metro Area",21582,11121,7158,3963,898,3065,10461,8543,1918
ACSSF,2012e5,wv,000,0036,0005863,312,54,   ,31200US340605455756,"Morgantown city, WV; Morgantown, WV Metro Area",10215,3678,2786,892,256,636,6537,4907,1630
ACSSF,2012e5,wv,000,0036,0005864,312,54,   ,31200US360605460028,"Oak Hill city, WV; Oak Hill, WV Micro Area",3118,1970,1391,579,124,455,1148,996,152
ACSSF,2012e5,wv,000,0036,0005865,312,54,   ,31200US376205462140,"Parkersburg city, WV; Parkersburg-Marietta-Vienna, WV-OH Metro Area",13672,7880,5490,2390,592,1798,5792,5041,751
ACSSF,2012e5,wv,000,0036,0005866,312,54,   ,31200US376205483500,"Vienna city, WV; Parkersburg-Marietta-Vienna, WV-OH Metro Area",4585,3128,2559,569,81,488,1457,1274,183
ACSSF,2012e5,wv,000,0036,0005867,312,54,   ,31200US385805464708,"Point Pleasant city, WV; Point Pleasant, WV-OH Micro Area",1773,1120,873,247,32,215,653,566,87
ACSSF,2012e5,wv,000,0036,0005868,312,54,   ,31200US446005485156,"Weirton city, WV; Steubenville-Weirton, OH-WV Metro Area",8658,5325,3712,1613,445,1168,3333,3028,305
ACSSF,2012e5,wv,000,0036,0005869,312,54,   ,31200US485405486452,"Wheeling city, WV; Wheeling, WV-OH Metro Area",12772,6815,4816,1999,382,1617,5957,5378,579
ACSSF,2012e5,wv,000,0036,0005870,313,54,081,31300US1322054081,"Raleigh County; West Virginia (part); Beckley, WV Micro Area",31500,20767,15927,4840,1382,3458,10733,9318,1415
ACSSF,2012e5,wv,000,0036,0005871,313,54,055,31300US1414054055,"Mercer County; West Virginia (part); Bluefield, WV-VA Micro Area",25784,16394,12877,3517,894,2623,9390,8114,1276
ACSSF,2012e5,wv,000,0036,0005872,313,54,005,31300US1662054005,"Boone County; West Virginia (part); Charleston, WV Metro Area",9755,7017,5521,1496,455,1041,2738,2443,295
ACSSF,2012e5,wv,000,0036,0005873,313,54,015,31300US1662054015,"Clay County; West Virginia (part); Charleston, WV Metro Area",3441,2442,2036,406,132,274,999,895,104
ACSSF,2012e5,wv,000,0036,0005874,313,54,039,31300US1662054039,"Kanawha County; West Virginia (part); Charleston, WV Metro Area",82961,50690,37207,13483,3317,10166,32271,27777,4494
ACSSF,2012e5,wv,000,0036,0005875,313,54,043,31300US1662054043,"Lincoln County; West Virginia (part); Charleston, WV Metro Area",8500,6269,4682,1587,446,1141,2231,2051,180
ACSSF,2012e5,wv,000,0036,0005876,313,54,079,31300US1662054079,"Putnam County; West Virginia (part); Charleston, WV Metro Area",21130,15814,12867,2947,759,2188,5316,4496,820
ACSSF,2012e5,wv,000,0036,0005877,313,54,017,31300US1722054017,"Doddridge County; West Virginia (part); Clarksburg, WV Micro Area",2773,1958,1405,553,196,357,815,715,100
ACSSF,2012e5,wv,000,0036,0005878,313,54,033,31300US1722054033,"Harrison County; West Virginia (part); Clarksburg, WV Micro Area",27761,18789,14052,4737,976,3761,8972,7893,1079
ACSSF,2012e5,wv,000,0036,0005879,313,54,091,31300US1722054091,"Taylor County; West Virginia (part); Clarksburg, WV Micro Area",6800,4952,3827,1125,256,869,1848,1623,225
ACSSF,2012e5,wv,000,0036,0005880,313,54,057,31300US1906054057,"Mineral County; West Virginia (part); Cumberland, MD-WV Metro Area",11183,6499,5104,1395,319,1076,4684,4402,282
ACSSF,2012e5,wv,000,0036,0005881,313,54,049,31300US2190054049,"Marion County; West Virginia (part); Fairmont, WV Micro Area",22761,14940,11175,3765,983,2782,7821,6513,1308
ACSSF,2012e5,wv,000,0036,0005882,313,54,003,31300US2518054003,"Berkeley County; West Virginia (part); Hagerstown-Martinsburg, MD-WV Metro Area",39992,28044,20803,7241,2175,5066,11948,10025,1923
ACSSF,2012e5,wv,000,0036,0005883,313,54,065,31300US2518054065,"Morgan County; West Virginia (part); Hagerstown-Martinsburg, MD-WV Metro Area",7306,3695,2967,728,173,555,3611,3345,266
ACSSF,2012e5,wv,000,0036,0005884,313,54,011,31300US2658054011,"Cabell County; West Virginia (part); Huntington-Ashland, WV-KY-OH Metro Area",40484,24544,17552,6992,1620,5372,15940,13196,2744
ACSSF,2012e5,wv,000,0036,0005885,313,54,099,31300US2658054099,"Wayne County; West Virginia (part); Huntington-Ashland, WV-KY-OH Metro Area",16783,11153,8590,2563,594,1969,5630,4931,699
ACSSF,2012e5,wv,000,0036,0005886,313,54,061,31300US3406054061,"Monongalia County; West Virginia (part); Morgantown, WV Metro Area",35777,18516,14787,3729,1165,2564,17261,13255,4006
ACSSF,2012e5,wv,000,0036,0005887,313,54,077,31300US3406054077,"Preston County; West Virginia (part); Morgantown, WV Metro Area",12780,8891,7262,1629,593,1036,3889,3215,674
ACSSF,2012e5,wv,000,0036,0005888,313,54,019,31300US3606054019,"Fayette County; West Virginia (part); Oak Hill, WV Micro Area",17733,11917,8678,3239,819,2420,5816,5057,759
ACSSF,2012e5,wv,000,0036,0005889,313,54,073,31300US3762054073,"Pleasants County; West Virginia (part); Parkersburg-Marietta-Vienna, WV-OH Metro Area",2726,1842,1547,295,68,227,884,761,123
ACSSF,2012e5,wv,000,0036,0005890,313,54,105,31300US3762054105,"Wirt County; West Virginia (part); Parkersburg-Marietta-Vienna, WV-OH Metro Area",2303,1559,1282,277,42,235,744,548,196
ACSSF,2012e5,wv,000,0036,0005891,313,54,107,31300US3762054107,"Wood County; West Virginia (part); Parkersburg-Marietta-Vienna, WV-OH Metro Area",35783,23574,18319,5255,1409,3846,12209,10496,1713
ACSSF,2012e5,wv,000,0036,0005892,313,54,053,31300US3858054053,"Mason County; West Virginia (part); Point Pleasant, WV-OH Micro Area",10381,7088,5485,1603,292,1311,3293,2764,529
ACSSF,2012e5,wv,000,0036,0005893,313,54,009,31300US4460054009,"Brooke County; West Virginia (part); Steubenville-Weirton, OH-WV Metro Area",9911,6592,4846,1746,619,1127,3319,2926,393
ACSSF,2012e5,wv,000,0036,0005894,313,54,029,31300US4460054029,"Hancock County; West Virginia (part); Steubenville-Weirton, OH-WV Metro Area",12989,8706,6482,2224,703,1521,4283,3851,432
ACSSF,2012e5,wv,000,0036,0005895,313,54,037,31300US4790054037,"Jefferson County; West Virginia (part); Washington-Arlington-Alexandria, DC-VA-MD-WV Metro Area",19824,13939,11136,2803,795,2008,5885,4486,1399
ACSSF,2012e5,wv,000,0036,0005896,313,54,051,31300US4854054051,"Marshall County; West Virginia (part); Wheeling, WV-OH Metro Area",14068,9468,7392,2076,723,1353,4600,3996,604
ACSSF,2012e5,wv,000,0036,0005897,313,54,069,31300US4854054069,"Ohio County; West Virginia (part); Wheeling, WV-OH Metro Area",18508,10798,8210,2588,516,2072,7710,6883,827
ACSSF,2012e5,wv,000,0036,0005898,313,54,027,31300US4902054027,"Hampshire County; West Virginia (part); Winchester, VA-WV Metro Area",10563,5017,3824,1193,218,975,5546,5159,387
ACSSF,2012e5,wv,000,0036,0005899,315,54,   ,31500US479004789454,"West Virginia (part); Washington-Arlington-Alexandria, DC-VA-MD-WV Metro Division; Washington-Arlington-Alexandria, DC-VA-MD-WV Metro Area",19824,13939,11136,2803,795,2008,5885,4486,1399
ACSSF,2012e5,wv,000,0036,0005900,316,54,037,31600US479004789454037,"Jefferson County; West Virginia (part); Washington-Arlington-Alexandria, DC-VA-MD-WV Metro Division; Washington-Arlington-Alexandria, DC-VA-MD-WV Metro Area",19824,13939,11136,2803,795,2008,5885,4486,1399
ACSSF,2012e5,wv,000,0036,0005901,320,54,   ,32000US5413220,"Beckley, WV Micro Area; West Virginia",31500,20767,15927,4840,1382,3458,10733,9318,1415
ACSSF,2012e5,wv,000,0036,0005902,320,54,   ,32000US5414140,"Bluefield, WV-VA Micro Area (part); West Virginia",25784,16394,12877,3517,894,2623,9390,8114,1276
ACSSF,2012e5,wv,000,0036,0005903,320,54,   ,32000US5416620,"Charleston, WV Metro Area; West Virginia",125787,82232,62313,19919,5109,14810,43555,37662,5893
ACSSF,2012e5,wv,000,0036,0005904,320,54,   ,32000US5417220,"Clarksburg, WV Micro Area; West Virginia",37334,25699,19284,6415,1428,4987,11635,10231,1404
ACSSF,2012e5,wv,000,0036,0005905,320,54,   ,32000US5419060,"Cumberland, MD-WV Metro Area (part); West Virginia",11183,6499,5104,1395,319,1076,4684,4402,282
ACSSF,2012e5,wv,000,0036,0005906,320,54,   ,32000US5421900,"Fairmont, WV Micro Area; West Virginia",22761,14940,11175,3765,983,2782,7821,6513,1308
ACSSF,2012e5,wv,000,0036,0005907,320,54,   ,32000US5425180,"Hagerstown-Martinsburg, MD-WV Metro Area (part); West Virginia",47298,31739,23770,7969,2348,5621,15559,13370,2189
ACSSF,2012e5,wv,000,0036,0005908,320,54,   ,32000US5426580,"Huntington-Ashland, WV-KY-OH Metro Area (part); West Virginia",57267,35697,26142,9555,2214,7341,21570,18127,3443
ACSSF,2012e5,wv,000,0036,0005909,320,54,   ,32000US5434060,"Morgantown, WV Metro Area; West Virginia",48557,27407,22049,5358,1758,3600,21150,16470,4680
ACSSF,2012e5,wv,000,0036,0005910,320,54,   ,32000US5436060,"Oak Hill, WV Micro Area; West Virginia",17733,11917,8678,3239,819,2420,5816,5057,759
ACSSF,2012e5,wv,000,0036,0005911,320,54,   ,32000US5437620,"Parkersburg-Marietta-Vienna, WV-OH Metro Area (part); West Virginia",40812,26975,21148,5827,1519,4308,13837,11805,2032
ACSSF,2012e5,wv,000,0036,0005912,320,54,   ,32000US5438580,"Point Pleasant, WV-OH Micro Area (part); West Virginia",10381,7088,5485,1603,292,1311,3293,2764,529
ACSSF,2012e5,wv,000,0036,0005913,320,54,   ,32000US5444600,"Steubenville-Weirton, OH-WV Metro Area (part); West Virginia",22900,15298,11328,3970,1322,2648,7602,6777,825
ACSSF,2012e5,wv,000,0036,0005914,320,54,   ,32000US5447900,"Washington-Arlington-Alexandria, DC-VA-MD-WV Metro Area (part); West Virginia",19824,13939,11136,2803,795,2008,5885,4486,1399
ACSSF,2012e5,wv,000,0036,0005915,320,54,   ,32000US5448540,"Wheeling, WV-OH Metro Area (part); West Virginia",32576,20266,15602,4664,1239,3425,12310,10879,1431
ACSSF,2012e5,wv,000,0036,0005916,320,54,   ,32000US5449020,"Winchester, VA-WV Metro Area (part); West Virginia",10563,5017,3824,1193,218,975,5546,5159,387
ACSSF,2012e5,wv,000,0036,0005917,321,54,   ,32100US541322005332,"Beckley city; Beckley, WV Micro Area; West Virginia",7433,4233,2792,1441,301,1140,3200,2766,434
ACSSF,2012e5,wv,000,0036,0005918,321,54,   ,32100US541414008524,"Bluefield city; Bluefield, WV-VA Micro Area (part); West Virginia",4746,2781,2130,651,110,541,1965,1799,166
ACSSF,2012e5,wv,000,0036,0005919,321,54,   ,32100US541662014600,"Charleston city; Charleston, WV Metro Area; West Virginia",23483,12265,8612,3653,839,2814,11218,9833,1385
ACSSF,2012e5,wv,000,0036,0005920,321,54,   ,32100US541722015628,"Clarksburg city; Clarksburg, WV Micro Area; West Virginia",6708,4022,2735,1287,208,1079,2686,2292,394
ACSSF,2012e5,wv,000,0036,0005921,321,54,   ,32100US542190026452,"Fairmont city; Fairmont, WV Micro Area; West Virginia",7908,4440,3073,1367,341,1026,3468,2746,722
ACSSF,2012e5,wv,000,0036,0005922,321,54,   ,32100US542518052060,"Martinsburg city; Hagerstown-Martinsburg, MD-WV Metro Area (part); West Virginia",7420,4374,2834,1540,458,1082,3046,2638,408
ACSSF,2012e5,wv,000,0036,0005923,321,54,   ,32100US542658039460,"Huntington city; Huntington-Ashland, WV-KY-OH Metro Area (part); West Virginia",21582,11121,7158,3963,898,3065,10461,8543,1918
ACSSF,2012e5,wv,000,0036,0005924,321,54,   ,32100US543406055756,"Morgantown city; Morgantown, WV Metro Area; West Virginia",10215,3678,2786,892,256,636,6537,4907,1630
ACSSF,2012e5,wv,000,0036,0005925,321,54,   ,32100US543606060028,"Oak Hill city; Oak Hill, WV Micro Area; West Virginia",3118,1970,1391,579,124,455,1148,996,152
ACSSF,2012e5,wv,000,0036,0005926,321,54,   ,32100US543762062140,"Parkersburg city; Parkersburg-Marietta-Vienna, WV-OH Metro Area (part); West Virginia",13672,7880,5490,2390,592,1798,5792,5041,751
ACSSF,2012e5,wv,000,0036,0005927,321,54,   ,32100US543762083500,"Vienna city; Parkersburg-Marietta-Vienna, WV-OH Metro Area (part); West Virginia",4585,3128,2559,569,81,488,1457,1274,183
ACSSF,2012e5,wv,000,0036,0005928,321,54,   ,32100US543858064708,"Point Pleasant city; Point Pleasant, WV-OH Micro Area (part); West Virginia",1773,1120,873,247,32,215,653,566,87
ACSSF,2012e5,wv,000,0036,0005929,321,54,   ,32100US544460085156,"Weirton city; Steubenville-Weirton, OH-WV Metro Area (part); West Virginia",8658,5325,3712,1613,445,1168,3333,3028,305
ACSSF,2012e5,wv,000,0036,0005930,321,54,   ,32100US544854086452,"Wheeling city; Wheeling, WV-OH Metro Area (part); West Virginia",12772,6815,4816,1999,382,1617,5957,5378,579
ACSSF,2012e5,wv,000,0036,0005931,322,54,081,32200US5413220081,"Raleigh County; Beckley, WV Micro Area; West Virginia",31500,20767,15927,4840,1382,3458,10733,9318,1415
ACSSF,2012e5,wv,000,0036,0005932,322,54,055,32200US5414140055,"Mercer County; Bluefield, WV-VA Micro Area (part); West Virginia",25784,16394,12877,3517,894,2623,9390,8114,1276
ACSSF,2012e5,wv,000,0036,0005933,322,54,005,32200US5416620005,"Boone County; Charleston, WV Metro Area; West Virginia",9755,7017,5521,1496,455,1041,2738,2443,295
ACSSF,2012e5,wv,000,0036,0005934,322,54,015,32200US5416620015,"Clay County; Charleston, WV Metro Area; West Virginia",3441,2442,2036,406,132,274,999,895,104
ACSSF,2012e5,wv,000,0036,0005935,322,54,039,32200US5416620039,"Kanawha County; Charleston, WV Metro Area; West Virginia",82961,50690,37207,13483,3317,10166,32271,27777,4494
ACSSF,2012e5,wv,000,0036,0005936,322,54,043,32200US5416620043,"Lincoln County; Charleston, WV Metro Area; West Virginia",8500,6269,4682,1587,446,1141,2231,2051,180
ACSSF,2012e5,wv,000,0036,0005937,322,54,079,32200US5416620079,"Putnam County; Charleston, WV Metro Area; West Virginia",21130,15814,12867,2947,759,2188,5316,4496,820
ACSSF,2012e5,wv,000,0036,0005938,322,54,017,32200US5417220017,"Doddridge County; Clarksburg, WV Micro Area; West Virginia",2773,1958,1405,553,196,357,815,715,100
ACSSF,2012e5,wv,000,0036,0005939,322,54,033,32200US5417220033,"Harrison County; Clarksburg, WV Micro Area; West Virginia",27761,18789,14052,4737,976,3761,8972,7893,1079
ACSSF,2012e5,wv,000,0036,0005940,322,54,091,32200US5417220091,"Taylor County; Clarksburg, WV Micro Area; West Virginia",6800,4952,3827,1125,256,869,1848,1623,225
ACSSF,2012e5,wv,000,0036,0005941,322,54,057,32200US5419060057,"Mineral County; Cumberland, MD-WV Metro Area (part); West Virginia",11183,6499,5104,1395,319,1076,4684,4402,282
ACSSF,2012e5,wv,000,0036,0005942,322,54,049,32200US5421900049,"Marion County; Fairmont, WV Micro Area; West Virginia",22761,14940,11175,3765,983,2782,7821,6513,1308
ACSSF,2012e5,wv,000,0036,0005943,322,54,003,32200US5425180003,"Berkeley County; Hagerstown-Martinsburg, MD-WV Metro Area (part); West Virginia",39992,28044,20803,7241,2175,5066,11948,10025,1923
ACSSF,2012e5,wv,000,0036,0005944,322,54,065,32200US5425180065,"Morgan County; Hagerstown-Martinsburg, MD-WV Metro Area (part); West Virginia",7306,3695,2967,728,173,555,3611,3345,266
ACSSF,2012e5,wv,000,0036,0005945,322,54,011,32200US5426580011,"Cabell County; Huntington-Ashland, WV-KY-OH Metro Area (part); West Virginia",40484,24544,17552,6992,1620,5372,15940,13196,2744
ACSSF,2012e5,wv,000,0036,0005946,322,54,099,32200US5426580099,"Wayne County; Huntington-Ashland, WV-KY-OH Metro Area (part); West Virginia",16783,11153,8590,2563,594,1969,5630,4931,699
ACSSF,2012e5,wv,000,0036,0005947,322,54,061,32200US5434060061,"Monongalia County; Morgantown, WV Metro Area; West Virginia",35777,18516,14787,3729,1165,2564,17261,13255,4006
ACSSF,2012e5,wv,000,0036,0005948,322,54,077,32200US5434060077,"Preston County; Morgantown, WV Metro Area; West Virginia",12780,8891,7262,1629,593,1036,3889,3215,674
ACSSF,2012e5,wv,000,0036,0005949,322,54,019,32200US5436060019,"Fayette County; Oak Hill, WV Micro Area; West Virginia",17733,11917,8678,3239,819,2420,5816,5057,759
ACSSF,2012e5,wv,000,0036,0005950,322,54,073,32200US5437620073,"Pleasants County; Parkersburg-Marietta-Vienna, WV-OH Metro Area (part); West Virginia",2726,1842,1547,295,68,227,884,761,123
ACSSF,2012e5,wv,000,0036,0005951,322,54,105,32200US5437620105,"Wirt County; Parkersburg-Marietta-Vienna, WV-OH Metro Area (part); West Virginia",2303,1559,1282,277,42,235,744,548,196
ACSSF,2012e5,wv,000,0036,0005952,322,54,107,32200US5437620107,"Wood County; Parkersburg-Marietta-Vienna, WV-OH Metro Area (part); West Virginia",35783,23574,18319,5255,1409,3846,12209,10496,1713
ACSSF,2012e5,wv,000,0036,0005953,322,54,053,32200US5438580053,"Mason County; Point Pleasant, WV-OH Micro Area (part); West Virginia",10381,7088,5485,1603,292,1311,3293,2764,529
ACSSF,2012e5,wv,000,0036,0005954,322,54,009,32200US5444600009,"Brooke County; Steubenville-Weirton, OH-WV Metro Area (part); West Virginia",9911,6592,4846,1746,619,1127,3319,2926,393
ACSSF,2012e5,wv,000,0036,0005955,322,54,029,32200US5444600029,"Hancock County; Steubenville-Weirton, OH-WV Metro Area (part); West Virginia",12989,8706,6482,2224,703,1521,4283,3851,432
ACSSF,2012e5,wv,000,0036,0005956,322,54,037,32200US5447900037,"Jefferson County; Washington-Arlington-Alexandria, DC-VA-MD-WV Metro Area (part); West Virginia",19824,13939,11136,2803,795,2008,5885,4486,1399
ACSSF,2012e5,wv,000,0036,0005957,322,54,051,32200US5448540051,"Marshall County; Wheeling, WV-OH Metro Area (part); West Virginia",14068,9468,7392,2076,723,1353,4600,3996,604
ACSSF,2012e5,wv,000,0036,0005958,322,54,069,32200US5448540069,"Ohio County; Wheeling, WV-OH Metro Area (part); West Virginia",18508,10798,8210,2588,516,2072,7710,6883,827
ACSSF,2012e5,wv,000,0036,0005959,322,54,027,32200US5449020027,"Hampshire County; Winchester, VA-WV Metro Area (part); West Virginia",10563,5017,3824,1193,218,975,5546,5159,387
ACSSF,2012e5,wv,000,0036,0005960,323,54,   ,32300US544790047894,"Washington-Arlington-Alexandria, DC-VA-MD-WV Metro Division (part); Washington-Arlington-Alexandria, DC-VA-MD-WV Metro Area (part); West Virginia",19824,13939,11136,2803,795,2008,5885,4486,1399
ACSSF,2012e5,wv,000,0036,0005961,324,54,037,32400US544790047894037,"Jefferson County; Washington-Arlington-Alexandria, DC-VA-MD-WV Metro Division (part); Washington-Arlington-Alexandria, DC-VA-MD-WV Metro Area (part); West Virginia",19824,13939,11136,2803,795,2008,5885,4486,1399
ACSSF,2012e5,wv,000,0036,0005962,331,54,   ,33100US13854,"West Virginia (part); Beckley-Oak Hill, WV CSA",49233,32684,24605,8079,2201,5878,16549,14375,2174
ACSSF,2012e5,wv,000,0036,0005963,331,54,   ,33100US24254,"West Virginia (part); Fairmont-Clarksburg, WV CSA",60095,40639,30459,10180,2411,7769,19456,16744,2712
ACSSF,2012e5,wv,000,0036,0005964,331,54,   ,33100US54854,"West Virginia (part); Washington-Baltimore-Northern Virginia, DC-MD-VA-WV CSA",30387,18956,14960,3996,1013,2983,11431,9645,1786
ACSSF,2012e5,wv,000,0036,0005965,333,54,   ,33300US1381322054,"West Virginia (part); Beckley, WV Micro Area; Beckley-Oak Hill, WV CSA",31500,20767,15927,4840,1382,3458,10733,9318,1415
ACSSF,2012e5,wv,000,0036,0005966,333,54,   ,33300US1383606054,"West Virginia (part); Oak Hill, WV Micro Area; Beckley-Oak Hill, WV CSA",17733,11917,8678,3239,819,2420,5816,5057,759
ACSSF,2012e5,wv,000,0036,0005967,333,54,   ,33300US2421722054,"West Virginia (part); Clarksburg, WV Micro Area; Fairmont-Clarksburg, WV CSA",37334,25699,19284,6415,1428,4987,11635,10231,1404
ACSSF,2012e5,wv,000,0036,0005968,333,54,   ,33300US2422190054,"West Virginia (part); Fairmont, WV Micro Area; Fairmont-Clarksburg, WV CSA",22761,14940,11175,3765,983,2782,7821,6513,1308
ACSSF,2012e5,wv,000,0036,0005969,333,54,   ,33300US5484790054,"West Virginia (part); Washington-Arlington-Alexandria, DC-VA-MD-WV Metro Area; Washington-Baltimore-Northern Virginia, DC-MD-VA-WV CSA",19824,13939,11136,2803,795,2008,5885,4486,1399
ACSSF,2012e5,wv,000,0036,0005970,333,54,   ,33300US5484902054,"West Virginia (part); Winchester, VA-WV Metro Area; Washington-Baltimore-Northern Virginia, DC-MD-VA-WV CSA",10563,5017,3824,1193,218,975,5546,5159,387
ACSSF,2012e5,wv,000,0036,0005971,340,54,   ,34000US54138,"Beckley-Oak Hill, WV CSA; West Virginia",49233,32684,24605,8079,2201,5878,16549,14375,2174
ACSSF,2012e5,wv,000,0036,0005972,340,54,   ,34000US54242,"Fairmont-Clarksburg, WV CSA; West Virginia",60095,40639,30459,10180,2411,7769,19456,16744,2712
ACSSF,2012e5,wv,000,0036,0005973,340,54,   ,34000US54548,"Washington-Baltimore-Northern Virginia, DC-MD-VA-WV CSA (part); West Virginia",30387,18956,14960,3996,1013,2983,11431,9645,1786
ACSSF,2012e5,wv,000,0036,0005974,341,54,   ,34100US5413813220,"Beckley, WV Micro Area; Beckley-Oak Hill, WV CSA; West Virginia",31500,20767,15927,4840,1382,3458,10733,9318,1415
ACSSF,2012e5,wv,000,0036,0005975,341,54,   ,34100US5413836060,"Oak Hill, WV Micro Area; Beckley-Oak Hill, WV CSA; West Virginia",17733,11917,8678,3239,819,2420,5816,5057,759
ACSSF,2012e5,wv,000,0036,0005976,341,54,   ,34100US5424217220,"Clarksburg, WV Micro Area; Fairmont-Clarksburg, WV CSA; West Virginia",37334,25699,19284,6415,1428,4987,11635,10231,1404
ACSSF,2012e5,wv,000,0036,0005977,341,54,   ,34100US5424221900,"Fairmont, WV Micro Area; Fairmont-Clarksburg, WV CSA; West Virginia",22761,14940,11175,3765,983,2782,7821,6513,1308
ACSSF,2012e5,wv,000,0036,0005978,341,54,   ,34100US5454847900,"Washington-Arlington-Alexandria, DC-VA-MD-WV Metro Area (part); Washington-Baltimore-Northern Virginia, DC-MD-VA-WV CSA (part); West Virginia",19824,13939,11136,2803,795,2008,5885,4486,1399
ACSSF,2012e5,wv,000,0036,0005979,341,54,   ,34100US5454849020,"Winchester, VA-WV Metro Area (part); Washington-Baltimore-Northern Virginia, DC-MD-VA-WV CSA (part); West Virginia",10563,5017,3824,1193,218,975,5546,5159,387
ACSSF,2012e5,wv,000,0036,0005980,410,54,   ,41000US0119854,"West Virginia (part); Alderson, WV Urban Cluster (2010)",589,376,263,113,39,74,213,193,20
ACSSF,2012e5,wv,000,0036,0005981,410,54,   ,41000US0613954,"West Virginia (part); Beckley, WV Urbanized Area (2010)",25274,15944,11509,4435,1128,3307,9330,8085,1245
ACSSF,2012e5,wv,000,0036,0005982,410,54,   ,41000US0851554,"West Virginia (part); Bluefield, WV--VA Urban Cluster (2010)",15945,9343,7065,2278,594,1684,6602,5769,833
ACSSF,2012e5,wv,000,0036,0005983,410,54,   ,41000US1116154,"West Virginia (part); Buckhannon, WV Urban Cluster (2010)",3007,1998,1520,478,111,367,1009,870,139
ACSSF,2012e5,wv,000,0036,0005984,410,54,   ,41000US1548154,"West Virginia (part); Charleston, WV Urbanized Area (2010)",66839,39407,27936,11471,2597,8874,27432,23600,3832
ACSSF,2012e5,wv,000,0036,0005985,410,54,   ,41000US1560054,"West Virginia (part); Charles Town--Ranson, WV Urban Cluster (2010)",7866,5522,4164,1358,277,1081,2344,1856,488
ACSSF,2012e5,wv,000,0036,0005986,410,54,   ,41000US1723654,"West Virginia (part); Clarksburg, WV Urban Cluster (2010)",17854,11687,8192,3495,716,2779,6167,5565,602
ACSSF,2012e5,wv,000,0036,0005987,410,54,   ,41000US2174554,"West Virginia (part); Cumberland, MD--WV--PA Urbanized Area (2010)",900,532,389,143,48,95,368,337,31
ACSSF,2012e5,wv,000,0036,0005988,410,54,   ,41000US2568754,"West Virginia (part); East Liverpool, OH--WV--PA Urban Cluster (2010)",1781,1133,824,309,147,162,648,591,57
ACSSF,2012e5,wv,000,0036,0005989,410,54,   ,41000US2687554,"West Virginia (part); Elkins, WV Urban Cluster (2010)",4454,2728,1945,783,245,538,1726,1609,117
ACSSF,2012e5,wv,000,0036,0005990,410,54,   ,41000US2887354,"West Virginia (part); Fairmont, WV Urban Cluster (2010)",14322,8623,6065,2558,605,1953,5699,4699,1000
ACSSF,2012e5,wv,000,0036,0005991,410,54,   ,41000US3361254,"West Virginia (part); Glenville, WV Urban Cluster (2010)",575,281,131,150,19,131,294,215,79
ACSSF,2012e5,wv,000,0036,0005992,410,54,   ,41000US3411154,"West Virginia (part); Grafton, WV Urban Cluster (2010)",2313,1470,1014,456,101,355,843,745,98
ACSSF,2012e5,wv,000,0036,0005993,410,54,   ,41000US3619054,"West Virginia (part); Hagerstown, MD--WV--PA Urbanized Area (2010)",28025,19126,13543,5583,1567,4016,8899,7656,1243
ACSSF,2012e5,wv,000,0036,0005994,410,54,   ,41000US3916054,"West Virginia (part); Hinton, WV Urban Cluster (2010)",1122,609,402,207,80,127,513,491,22
ACSSF,2012e5,wv,000,0036,0005995,410,54,   ,41000US4075354,"West Virginia (part); Huntington, WV--KY--OH Urbanized Area (2010)",47406,28623,21116,7507,1817,5690,18783,15799,2984
ACSSF,2012e5,wv,000,0036,0005996,410,54,   ,41000US4480354,"West Virginia (part); Keyser, WV--MD Urban Cluster (2010)",3206,1472,1016,456,34,422,1734,1683,51
ACSSF,2012e5,wv,000,0036,0005997,410,54,   ,41000US4534354,"West Virginia (part); Kingwood, WV Urban Cluster (2010)",1402,841,714,127,0,127,561,525,36
ACSSF,2012e5,wv,000,0036,0005998,410,54,   ,41000US4928554,"West Virginia (part); Lewisburg, WV Urban Cluster (2010)",3235,1678,1376,302,95,207,1557,1345,212
ACSSF,2012e5,wv,000,0036,0005999,410,54,   ,41000US5098654,"West Virginia (part); Logan, WV Urban Cluster (2010)",4643,3083,2277,806,213,593,1560,1322,238
ACSSF,2012e5,wv,000,0036,0006000,410,54,   ,41000US5158054,"West Virginia (part); Louisa, KY--WV Urban Cluster (2010)",355,226,147,79,23,56,129,122,7
ACSSF,2012e5,wv,000,0036,0006001,410,54,   ,41000US5317354,"West Virginia (part); Madison, WV Urban Cluster (2010)",1892,1231,886,345,91,254,661,628,33
ACSSF,2012e5,wv,000,0036,0006002,410,54,   ,41000US5448654,"West Virginia (part); Marietta, OH--WV Urban Cluster (2010)",1687,1223,1023,200,67,133,464,419,45
ACSSF,2012e5,wv,000,0036,0006003,410,54,   ,41000US5679154,"West Virginia (part); Middleport, OH--WV Urban Cluster (2010)",1550,1012,665,347,65,282,538,465,73
ACSSF,2012e5,wv,000,0036,0006004,410,54,   ,41000US5866454,"West Virginia (part); Montgomery, WV Urban Cluster (2010)",2063,1305,786,519,149,370,758,666,92
ACSSF,2012e5,wv,000,0036,0006005,410,54,   ,41000US5899254,"West Virginia (part); Moorefield, WV Urban Cluster (2010)",1029,450,298,152,37,115,579,552,27
ACSSF,2012e5,wv,000,0036,0006006,410,54,   ,41000US5927554,"West Virginia (part); Morgantown, WV Urbanized Area (2010)",26044,11701,8913,2788,848,1940,14343,10876,3467
ACSSF,2012e5,wv,000,0036,0006007,410,54,   ,41000US6113854,"West Virginia (part); Narrows, VA--WV Urban Cluster (2010)",549,281,239,42,6,36,268,192,76
ACSSF,2012e5,wv,000,0036,0006008,410,54,   ,41000US6262354,"West Virginia (part); New Martinsville, WV--OH Urban Cluster (2010)",2417,1482,1208,274,5,269,935,828,107
ACSSF,2012e5,wv,000,0036,0006009,410,54,   ,41000US6459454,"West Virginia (part); Oceana, WV Urban Cluster (2010)",1072,754,601,153,44,109,318,273,45
ACSSF,2012e5,wv,000,0036,0006010,410,54,   ,41000US6675454,"West Virginia (part); Paden City, WV Urban Cluster (2010)",1174,742,587,155,61,94,432,432,0
ACSSF,2012e5,wv,000,0036,0006011,410,54,   ,41000US6767254,"West Virginia (part); Parkersburg, WV--OH Urbanized Area (2010)",25414,15855,11728,4127,1023,3104,9559,8324,1235
ACSSF,2012e5,wv,000,0036,0006012,410,54,   ,41000US6899554,"West Virginia (part); Petersburg, WV Urban Cluster (2010)",1164,689,509,180,49,131,475,430,45
ACSSF,2012e5,wv,000,0036,0006013,410,54,   ,41000US6910354,"West Virginia (part); Philippi, WV Urban Cluster (2010)",1045,584,394,190,56,134,461,401,60
ACSSF,2012e5,wv,000,0036,0006014,410,54,   ,41000US7050754,"West Virginia (part); Point Pleasant--Gallipolis, OH--WV Urban Cluster (2010)",2194,1325,1010,315,34,281,869,690,179
ACSSF,2012e5,wv,000,0036,0006015,410,54,   ,41000US7350454,"West Virginia (part); Ravenswood, WV Urban Cluster (2010)",1748,920,610,310,63,247,828,729,99
ACSSF,2012e5,wv,000,0036,0006016,410,54,   ,41000US7517854,"West Virginia (part); Ripley, WV Urban Cluster (2010)",1712,960,800,160,40,120,752,590,162
ACSSF,2012e5,wv,000,0036,0006017,410,54,   ,41000US7790554,"West Virginia (part); St. Marys, WV--OH Urban Cluster (2010)",1234,797,613,184,28,156,437,397,40
ACSSF,2012e5,wv,000,0036,0006018,410,54,   ,41000US8100254,"West Virginia (part); Shannondale, WV Urban Cluster (2010)",860,578,485,93,36,57,282,240,42
ACSSF,2012e5,wv,000,0036,0006019,410,54,   ,41000US8149654,"West Virginia (part); Shepherdstown, WV--MD Urban Cluster (2010)",698,359,260,99,24,75,339,173,166
ACSSF,2012e5,wv,000,0036,0006020,410,54,   ,41000US8227954,"West Virginia (part); Sissonville, WV Urban Cluster (2010)",1505,1123,895,228,30,198,382,345,37
ACSSF,2012e5,wv,000,0036,0006021,410,54,   ,41000US8365654,"West Virginia (part); Spencer, WV Urban Cluster (2010)",1333,703,518,185,18,167,630,590,40
ACSSF,2012e5,wv,000,0036,0006022,410,54,   ,41000US8562754,"West Virginia (part); Summersville, WV Urban Cluster (2010)",1475,917,813,104,23,81,558,537,21
ACSSF,2012e5,wv,000,0036,0006023,410,54,   ,41000US9359254,"West Virginia (part); Weirton--Steubenville, WV--OH--PA Urbanized Area (2010)",13240,8361,5926,2435,717,1718,4879,4320,559
ACSSF,2012e5,wv,000,0036,0006024,410,54,   ,41000US9364654,"West Virginia (part); Welch, WV Urban Cluster (2010)",1076,645,388,257,41,216,431,402,29
ACSSF,2012e5,wv,000,0036,0006025,410,54,   ,41000US9400554,"West Virginia (part); Westernport, MD--WV Urban Cluster (2010)",320,179,93,86,29,57,141,137,4
ACSSF,2012e5,wv,000,0036,0006026,410,54,   ,41000US9432154,"West Virginia (part); Weston, WV Urban Cluster (2010)",1876,1196,872,324,72,252,680,585,95
ACSSF,2012e5,wv,000,0036,0006027,410,54,   ,41000US9472654,"West Virginia (part); Wheeling, WV--OH Urbanized Area (2010)",22764,13124,9492,3632,867,2765,9640,8641,999
ACSSF,2012e5,wv,000,0036,0006028,410,54,   ,41000US9496954,"West Virginia (part); White Sulphur Springs, WV Urban Cluster (2010)",1343,789,429,360,121,239,554,522,32
ACSSF,2012e5,wv,000,0036,0006029,410,54,   ,41000US9542854,"West Virginia (part); Williamson, WV--KY Urban Cluster (2010)",1091,573,340,233,29,204,518,491,27
ACSSF,2012e5,wv,000,0036,0006030,430,54,025,43000US0119854025,"Greenbrier County (part); West Virginia (part); Alderson, WV Urban Cluster (2010)",452,260,202,58,20,38,192,172,20
ACSSF,2012e5,wv,000,0036,0006031,430,54,063,43000US0119854063,"Monroe County (part); West Virginia (part); Alderson, WV Urban Cluster (2010)",116,95,53,42,6,36,21,21,0
ACSSF,2012e5,wv,000,0036,0006032,430,54,089,43000US0119854089,"Summers County (part); West Virginia (part); Alderson, WV Urban Cluster (2010)",21,21,8,13,13,0,0,0,0
ACSSF,2012e5,wv,000,0036,0006033,430,54,019,43000US0613954019,"Fayette County (part); West Virginia (part); Beckley, WV Urbanized Area (2010)",6107,4033,2874,1159,262,897,2074,1807,267
ACSSF,2012e5,wv,000,0036,0006034,430,54,081,43000US0613954081,"Raleigh County (part); West Virginia (part); Beckley, WV Urbanized Area (2010)",19167,11911,8635,3276,866,2410,7256,6278,978
ACSSF,2012e5,wv,000,0036,0006035,430,54,055,43000US0851554055,"Mercer County (part); West Virginia (part); Bluefield, WV--VA Urban Cluster (2010)",15945,9343,7065,2278,594,1684,6602,5769,833
ACSSF,2012e5,wv,000,0036,0006036,430,54,097,43000US1116154097,"Upshur County (part); West Virginia (part); Buckhannon, WV Urban Cluster (2010)",3007,1998,1520,478,111,367,1009,870,139
ACSSF,2012e5,wv,000,0036,0006037,430,54,039,43000US1548154039,"Kanawha County (part); West Virginia (part); Charleston, WV Urbanized Area (2010)",61430,35602,25135,10467,2380,8087,25828,22263,3565
ACSSF,2012e5,wv,000,0036,0006038,430,54,079,43000US1548154079,"Putnam County (part); West Virginia (part); Charleston, WV Urbanized Area (2010)",5409,3805,2801,1004,217,787,1604,1337,267
ACSSF,2012e5,wv,000,0036,0006039,430,54,037,43000US1560054037,"Jefferson County (part); West Virginia (part); Charles Town--Ranson, WV Urban Cluster (2010)",7866,5522,4164,1358,277,1081,2344,1856,488
ACSSF,2012e5,wv,000,0036,0006040,430,54,033,43000US1723654033,"Harrison County (part); West Virginia (part); Clarksburg, WV Urban Cluster (2010)",17644,11525,8038,3487,716,2771,6119,5517,602
ACSSF,2012e5,wv,000,0036,0006041,430,54,049,43000US1723654049,"Marion County (part); West Virginia (part); Clarksburg, WV Urban Cluster (2010)",181,133,125,8,0,8,48,48,0
ACSSF,2012e5,wv,000,0036,0006042,430,54,091,43000US1723654091,"Taylor County (part); West Virginia (part); Clarksburg, WV Urban Cluster (2010)",29,29,29,0,0,0,0,0,0
ACSSF,2012e5,wv,000,0036,0006043,430,54,057,43000US2174554057,"Mineral County (part); West Virginia (part); Cumberland, MD--WV--PA Urbanized Area (2010)",900,532,389,143,48,95,368,337,31
ACSSF,2012e5,wv,000,0036,0006044,430,54,029,43000US2568754029,"Hancock County (part); West Virginia (part); East Liverpool, OH--WV--PA Urban Cluster (2010)",1781,1133,824,309,147,162,648,591,57
ACSSF,2012e5,wv,000,0036,0006045,430,54,083,43000US2687554083,"Randolph County (part); West Virginia (part); Elkins, WV Urban Cluster (2010)",4454,2728,1945,783,245,538,1726,1609,117
ACSSF,2012e5,wv,000,0036,0006046,430,54,049,43000US2887354049,"Marion County (part); West Virginia (part); Fairmont, WV Urban Cluster (2010)",13873,8333,5863,2470,584,1886,5540,4574,966
ACSSF,2012e5,wv,000,0036,0006047,430,54,091,43000US2887354091,"Taylor County (part); West Virginia (part); Fairmont, WV Urban Cluster (2010)",449,290,202,88,21,67,159,125,34
ACSSF,2012e5,wv,000,0036,0006048,430,54,021,43000US3361254021,"Gilmer County (part); West Virginia (part); Glenville, WV Urban Cluster (2010)",575,281,131,150,19,131,294,215,79
ACSSF,2012e5,wv,000,0036,0006049,430,54,091,43000US3411154091,"Taylor County (part); West Virginia (part); Grafton, WV Urban Cluster (2010)",2313,1470,1014,456,101,355,843,745,98
ACSSF,2012e5,wv,000,0036,0006050,430,54,003,43000US3619054003,"Berkeley County (part); West Virginia (part); Hagerstown, MD--WV--PA Urbanized Area (2010)",27877,18996,13439,5557,1555,4002,8881,7638,1243
ACSSF,2012e5,wv,000,0036,0006051,430,54,037,43000US3619054037,"Jefferson County (part); West Virginia (part); Hagerstown, MD--WV--PA Urbanized Area (2010)",148,130,104,26,12,14,18,18,0
ACSSF,2012e5,wv,000,0036,0006052,430,54,081,43000US3916054081,"Raleigh County (part); West Virginia (part); Hinton, WV Urban Cluster (2010)",0,0,0,0,0,0,0,0,0
ACSSF,2012e5,wv,000,0036,0006053,430,54,089,43000US3916054089,"Summers County (part); West Virginia (part); Hinton, WV Urban Cluster (2010)",1122,609,402,207,80,127,513,491,22
ACSSF,2012e5,wv,000,0036,0006054,430,54,011,43000US4075354011,"Cabell County (part); West Virginia (part); Huntington, WV--KY--OH Urbanized Area (2010)",32924,18693,13014,5679,1333,4346,14231,11790,2441
ACSSF,2012e5,wv,000,0036,0006055,430,54,079,43000US4075354079,"Putnam County (part); West Virginia (part); Huntington, WV--KY--OH Urbanized Area (2010)",8578,6468,5581,887,219,668,2110,1849,261
ACSSF,2012e5,wv,000,0036,0006056,430,54,099,43000US4075354099,"Wayne County (part); West Virginia (part); Huntington, WV--KY--OH Urbanized Area (2010)",5904,3462,2521,941,265,676,2442,2160,282
ACSSF,2012e5,wv,000,0036,0006057,430,54,057,43000US4480354057,"Mineral County (part); West Virginia (part); Keyser, WV--MD Urban Cluster (2010)",3206,1472,1016,456,34,422,1734,1683,51
ACSSF,2012e5,wv,000,0036,0006058,430,54,077,43000US4534354077,"Preston County (part); West Virginia (part); Kingwood, WV Urban Cluster (2010)",1402,841,714,127,0,127,561,525,36
ACSSF,2012e5,wv,000,0036,0006059,430,54,025,43000US4928554025,"Greenbrier County (part); West Virginia (part); Lewisburg, WV Urban Cluster (2010)",3235,1678,1376,302,95,207,1557,1345,212
ACSSF,2012e5,wv,000,0036,0006060,430,54,045,43000US5098654045,"Logan County (part); West Virginia (part); Logan, WV Urban Cluster (2010)",4643,3083,2277,806,213,593,1560,1322,238
ACSSF,2012e5,wv,000,0036,0006061,430,54,099,43000US5158054099,"Wayne County (part); West Virginia (part); Louisa, KY--WV Urban Cluster (2010)",355,226,147,79,23,56,129,122,7
ACSSF,2012e5,wv,000,0036,0006062,430,54,005,43000US5317354005,"Boone County (part); West Virginia (part); Madison, WV Urban Cluster (2010)",1892,1231,886,345,91,254,661,628,33
ACSSF,2012e5,wv,000,0036,0006063,430,54,107,43000US5448654107,"Wood County (part); West Virginia (part); Marietta, OH--WV Urban Cluster (2010)",1687,1223,1023,200,67,133,464,419,45
ACSSF,2012e5,wv,000,0036,0006064,430,54,053,43000US5679154053,"Mason County (part); West Virginia (part); Middleport, OH--WV Urban Cluster (2010)",1550,1012,665,347,65,282,538,465,73
ACSSF,2012e5,wv,000,0036,0006065,430,54,019,43000US5866454019,"Fayette County (part); West Virginia (part); Montgomery, WV Urban Cluster (2010)",1500,944,548,396,112,284,556,500,56
ACSSF,2012e5,wv,000,0036,0006066,430,54,039,43000US5866454039,"Kanawha County (part); West Virginia (part); Montgomery, WV Urban Cluster (2010)",563,361,238,123,37,86,202,166,36
ACSSF,2012e5,wv,000,0036,0006067,430,54,031,43000US5899254031,"Hardy County (part); West Virginia (part); Moorefield, WV Urban Cluster (2010)",1029,450,298,152,37,115,579,552,27
ACSSF,2012e5,wv,000,0036,0006068,430,54,061,43000US5927554061,"Monongalia County (part); West Virginia (part); Morgantown, WV Urbanized Area (2010)",26044,11701,8913,2788,848,1940,14343,10876,3467
ACSSF,2012e5,wv,000,0036,0006069,430,54,063,43000US6113854063,"Monroe County (part); West Virginia (part); Narrows, VA--WV Urban Cluster (2010)",549,281,239,42,6,36,268,192,76
ACSSF,2012e5,wv,000,0036,0006070,430,54,103,43000US6262354103,"Wetzel County (part); West Virginia (part); New Martinsville, WV--OH Urban Cluster (2010)",2417,1482,1208,274,5,269,935,828,107
ACSSF,2012e5,wv,000,0036,0006071,430,54,109,43000US6459454109,"Wyoming County (part); West Virginia (part); Oceana, WV Urban Cluster (2010)",1072,754,601,153,44,109,318,273,45
ACSSF,2012e5,wv,000,0036,0006072,430,54,095,43000US6675454095,"Tyler County (part); West Virginia (part); Paden City, WV Urban Cluster (2010)",314,194,168,26,22,4,120,120,0
ACSSF,2012e5,wv,000,0036,0006073,430,54,103,43000US6675454103,"Wetzel County (part); West Virginia (part); Paden City, WV Urban Cluster (2010)",860,548,419,129,39,90,312,312,0
ACSSF,2012e5,wv,000,0036,0006074,430,54,107,43000US6767254107,"Wood County (part); West Virginia (part); Parkersburg, WV--OH Urbanized Area (2010)",25414,15855,11728,4127,1023,3104,9559,8324,1235
ACSSF,2012e5,wv,000,0036,0006075,430,54,023,43000US6899554023,"Grant County (part); West Virginia (part); Petersburg, WV Urban Cluster (2010)",1164,689,509,180,49,131,475,430,45
ACSSF,2012e5,wv,000,0036,0006076,430,54,001,43000US6910354001,"Barbour County (part); West Virginia (part); Philippi, WV Urban Cluster (2010)",1045,584,394,190,56,134,461,401,60
ACSSF,2012e5,wv,000,0036,0006077,430,54,053,43000US7050754053,"Mason County (part); West Virginia (part); Point Pleasant--Gallipolis, OH--WV Urban Cluster (2010)",2194,1325,1010,315,34,281,869,690,179
ACSSF,2012e5,wv,000,0036,0006078,430,54,035,43000US7350454035,"Jackson County (part); West Virginia (part); Ravenswood, WV Urban Cluster (2010)",1748,920,610,310,63,247,828,729,99
ACSSF,2012e5,wv,000,0036,0006079,430,54,035,43000US7517854035,"Jackson County (part); West Virginia (part); Ripley, WV Urban Cluster (2010)",1712,960,800,160,40,120,752,590,162
ACSSF,2012e5,wv,000,0036,0006080,430,54,073,43000US7790554073,"Pleasants County (part); West Virginia (part); St. Marys, WV--OH Urban Cluster (2010)",1234,797,613,184,28,156,437,397,40
ACSSF,2012e5,wv,000,0036,0006081,430,54,037,43000US8100254037,"Jefferson County (part); West Virginia (part); Shannondale, WV Urban Cluster (2010)",860,578,485,93,36,57,282,240,42
ACSSF,2012e5,wv,000,0036,0006082,430,54,037,43000US8149654037,"Jefferson County (part); West Virginia (part); Shepherdstown, WV--MD Urban Cluster (2010)",698,359,260,99,24,75,339,173,166
ACSSF,2012e5,wv,000,0036,0006083,430,54,039,43000US8227954039,"Kanawha County (part); West Virginia (part); Sissonville, WV Urban Cluster (2010)",1505,1123,895,228,30,198,382,345,37
ACSSF,2012e5,wv,000,0036,0006084,430,54,087,43000US8365654087,"Roane County (part); West Virginia (part); Spencer, WV Urban Cluster (2010)",1333,703,518,185,18,167,630,590,40
ACSSF,2012e5,wv,000,0036,0006085,430,54,067,43000US8562754067,"Nicholas County (part); West Virginia (part); Summersville, WV Urban Cluster (2010)",1475,917,813,104,23,81,558,537,21
ACSSF,2012e5,wv,000,0036,0006086,430,54,009,43000US9359254009,"Brooke County (part); West Virginia (part); Weirton--Steubenville, WV--OH--PA Urbanized Area (2010)",6013,3767,2657,1110,404,706,2246,1914,332
ACSSF,2012e5,wv,000,0036,0006087,430,54,029,43000US9359254029,"Hancock County (part); West Virginia (part); Weirton--Steubenville, WV--OH--PA Urbanized Area (2010)",7227,4594,3269,1325,313,1012,2633,2406,227
ACSSF,2012e5,wv,000,0036,0006088,430,54,047,43000US9364654047,"McDowell County (part); West Virginia (part); Welch, WV Urban Cluster (2010)",1076,645,388,257,41,216,431,402,29
ACSSF,2012e5,wv,000,0036,0006089,430,54,057,43000US9400554057,"Mineral County (part); West Virginia (part); Westernport, MD--WV Urban Cluster (2010)",320,179,93,86,29,57,141,137,4
ACSSF,2012e5,wv,000,0036,0006090,430,54,041,43000US9432154041,"Lewis County (part); West Virginia (part); Weston, WV Urban Cluster (2010)",1876,1196,872,324,72,252,680,585,95
ACSSF,2012e5,wv,000,0036,0006091,430,54,051,43000US9472654051,"Marshall County (part); West Virginia (part); Wheeling, WV--OH Urbanized Area (2010)",7844,4809,3416,1393,455,938,3035,2703,332
ACSSF,2012e5,wv,000,0036,0006092,430,54,069,43000US9472654069,"Ohio County (part); West Virginia (part); Wheeling, WV--OH Urbanized Area (2010)",14920,8315,6076,2239,412,1827,6605,5938,667
ACSSF,2012e5,wv,000,0036,0006093,430,54,025,43000US9496954025,"Greenbrier County (part); West Virginia (part); White Sulphur Springs, WV Urban Cluster (2010)",1343,789,429,360,121,239,554,522,32
ACSSF,2012e5,wv,000,0036,0006094,430,54,059,43000US9542854059,"Mingo County (part); West Virginia (part); Williamson, WV--KY Urban Cluster (2010)",1091,573,340,233,29,204,518,491,27
ACSSF,2012e5,wv,000,0036,0006095,500,54,   ,50000US5401,"Congressional District 1 (113th Congress), West Virginia",245102,156837,121512,35325,9777,25548,88265,75462,12803
ACSSF,2012e5,wv,000,0036,0006096,500,54,   ,50000US5402,"Congressional District 2 (113th Congress), West Virginia",248938,161854,124587,37267,10207,27060,87084,74844,12240
ACSSF,2012e5,wv,000,0036,0006097,500,54,   ,50000US5403,"Congressional District 3 (113th Congress), West Virginia",248634,165840,125929,39911,10997,28914,82794,71357,11437
ACSSF,2012e5,wv,000,0036,0006098,610,54,   ,61000US54001,"State Senate District 1 (2010), West Virginia",43114,27376,20648,6728,1878,4850,15738,14021,1717
ACSSF,2012e5,wv,000,0036,0006099,610,54,   ,61000US54002,"State Senate District 2 (2010), West Virginia",44128,29838,23423,6415,2162,4253,14290,12602,1688
ACSSF,2012e5,wv,000,0036,0006100,610,54,   ,61000US54003,"State Senate District 3 (2010), West Virginia",43007,28512,22416,6096,1566,4530,14495,12372,2123
ACSSF,2012e5,wv,000,0036,0006101,610,54,   ,61000US54004,"State Senate District 4 (2010), West Virginia",39838,28072,22680,5392,1212,4180,11766,9941,1825
ACSSF,2012e5,wv,000,0036,0006102,610,54,   ,61000US54005,"State Senate District 5 (2010), West Virginia",47386,28817,20721,8096,1905,6191,18569,15493,3076
ACSSF,2012e5,wv,000,0036,0006103,610,54,   ,61000US54006,"State Senate District 6 (2010), West Virginia",44900,29337,22499,6838,1832,5006,15563,13585,1978
ACSSF,2012e5,wv,000,0036,0006104,610,54,   ,61000US54007,"State Senate District 7 (2010), West Virginia",42196,30114,22989,7125,2047,5078,12082,10578,1504
ACSSF,2012e5,wv,000,0036,0006105,610,54,   ,61000US54008,"State Senate District 8 (2010), West Virginia",44927,27011,19351,7660,2130,5530,17916,15048,2868
ACSSF,2012e5,wv,000,0036,0006106,610,54,   ,61000US54009,"State Senate District 9 (2010), West Virginia",41493,27973,21594,6379,1840,4539,13520,11778,1742
ACSSF,2012e5,wv,000,0036,0006107,610,54,   ,61000US54010,"State Senate District 10 (2010), West Virginia",44014,29417,22108,7309,2098,5211,14597,12629,1968
ACSSF,2012e5,wv,000,0036,0006108,610,54,   ,61000US54011,"State Senate District 11 (2010), West Virginia",45457,31497,25302,6195,2116,4079,13960,12445,1515
ACSSF,2012e5,wv,000,0036,0006109,610,54,   ,61000US54012,"State Senate District 12 (2010), West Virginia",44795,29968,23031,6937,1672,5265,14827,12855,1972
ACSSF,2012e5,wv,000,0036,0006110,610,54,   ,61000US54013,"State Senate District 13 (2010), West Virginia",43978,23301,17548,5753,1609,4144,20677,16193,4484
ACSSF,2012e5,wv,000,0036,0006111,610,54,   ,61000US54014,"State Senate District 14 (2010), West Virginia",44204,29705,23889,5816,1811,4005,14499,12660,1839
ACSSF,2012e5,wv,000,0036,0006112,610,54,   ,61000US54015,"State Senate District 15 (2010), West Virginia",44960,28011,22033,5978,1641,4337,16949,15096,1853
ACSSF,2012e5,wv,000,0036,0006113,610,54,   ,61000US54016,"State Senate District 16 (2010), West Virginia",39549,27068,20341,6727,1913,4814,12481,10134,2347
ACSSF,2012e5,wv,000,0036,0006114,610,54,   ,61000US54017,"State Senate District 17 (2010), West Virginia",44728,28514,21455,7059,1549,5510,16214,14233,1981
ACSSF,2012e5,wv,000,0036,0006115,620,54,   ,62000US54001,"State House District 1 (2010), West Virginia",15886,10505,7613,2892,945,1947,5381,4817,564
ACSSF,2012e5,wv,000,0036,0006116,620,54,   ,62000US54002,"State House District 2 (2010), West Virginia",7448,4951,3848,1103,381,722,2497,2143,354
ACSSF,2012e5,wv,000,0036,0006117,620,54,   ,62000US54003,"State House District 3 (2010), West Virginia",16658,9596,7290,2306,450,1856,7062,6350,712
ACSSF,2012e5,wv,000,0036,0006118,620,54,   ,62000US54004,"State House District 4 (2010), West Virginia",15484,10512,8179,2333,785,1548,4972,4346,626
ACSSF,2012e5,wv,000,0036,0006119,620,54,   ,62000US54005,"State House District 5 (2010), West Virginia",7376,5028,4055,973,223,750,2348,2128,220
ACSSF,2012e5,wv,000,0036,0006120,620,54,   ,62000US54006,"State House District 6 (2010), West Virginia",6524,4617,3566,1051,372,679,1907,1682,225
ACSSF,2012e5,wv,000,0036,0006121,620,54,   ,62000US54007,"State House District 7 (2010), West Virginia",6730,4438,3533,905,247,658,2292,2066,226
ACSSF,2012e5,wv,000,0036,0006122,620,54,   ,62000US54008,"State House District 8 (2010), West Virginia",7343,5250,4320,930,296,634,2093,1853,240
ACSSF,2012e5,wv,000,0036,0006123,620,54,   ,62000US54009,"State House District 9 (2010), West Virginia",7102,4888,4222,666,164,502,2214,1739,475
ACSSF,2012e5,wv,000,0036,0006124,620,54,   ,62000US54010,"State House District 10 (2010), West Virginia",23641,14995,11059,3936,991,2945,8646,7452,1194
ACSSF,2012e5,wv,000,0036,0006125,620,54,   ,62000US54011,"State House District 11 (2010), West Virginia",7197,4754,3777,977,191,786,2443,2078,365
ACSSF,2012e5,wv,000,0036,0006126,620,54,   ,62000US54012,"State House District 12 (2010), West Virginia",6614,4658,3872,786,248,538,1956,1576,380
ACSSF,2012e5,wv,000,0036,0006127,620,54,   ,62000US54013,"State House District 13 (2010), West Virginia",14874,10265,7613,2652,626,2026,4609,3851,758
ACSSF,2012e5,wv,000,0036,0006128,620,54,   ,62000US54014,"State House District 14 (2010), West Virginia",6350,4455,3576,879,213,666,1895,1628,267
ACSSF,2012e5,wv,000,0036,0006129,620,54,   ,62000US54015,"State House District 15 (2010), West Virginia",7544,5651,4965,686,182,504,1893,1641,252
ACSSF,2012e5,wv,000,0036,0006130,620,54,   ,62000US54016,"State House District 16 (2010), West Virginia",21731,13184,8902,4282,854,3428,8547,7030,1517
ACSSF,2012e5,wv,000,0036,0006131,620,54,   ,62000US54017,"State House District 17 (2010), West Virginia",15257,8536,6286,2250,657,1593,6721,5852,869
ACSSF,2012e5,wv,000,0036,0006132,620,54,   ,62000US54018,"State House District 18 (2010), West Virginia",7386,5405,4336,1069,246,823,1981,1529,452
ACSSF,2012e5,wv,000,0036,0006133,620,54,   ,62000US54019,"State House District 19 (2010), West Virginia",14480,9737,7526,2211,520,1691,4743,4121,622
ACSSF,2012e5,wv,000,0036,0006134,620,54,   ,62000US54020,"State House District 20 (2010), West Virginia",6910,4753,3387,1366,417,949,2157,1960,197
ACSSF,2012e5,wv,000,0036,0006135,620,54,   ,62000US54021,"State House District 21 (2010), West Virginia",7404,5089,4091,998,251,747,2315,2063,252
ACSSF,2012e5,wv,000,0036,0006136,620,54,   ,62000US54022,"State House District 22 (2010), West Virginia",13133,9777,7371,2406,595,1811,3356,3011,345
ACSSF,2012e5,wv,000,0036,0006137,620,54,   ,62000US54023,"State House District 23 (2010), West Virginia",7246,5179,4057,1122,357,765,2067,1850,217
ACSSF,2012e5,wv,000,0036,0006138,620,54,   ,62000US54024,"State House District 24 (2010), West Virginia",14364,10136,7698,2438,801,1637,4228,3526,702
ACSSF,2012e5,wv,000,0036,0006139,620,54,   ,62000US54025,"State House District 25 (2010), West Virginia",7092,5117,4023,1094,351,743,1975,1741,234
ACSSF,2012e5,wv,000,0036,0006140,620,54,   ,62000US54026,"State House District 26 (2010), West Virginia",7593,5051,3615,1436,404,1032,2542,2184,358
ACSSF,2012e5,wv,000,0036,0006141,620,54,   ,62000US54027,"State House District 27 (2010), West Virginia",24101,15197,11933,3264,792,2472,8904,7692,1212
ACSSF,2012e5,wv,000,0036,0006142,620,54,   ,62000US54028,"State House District 28 (2010), West Virginia",15195,10363,8438,1925,708,1217,4832,4346,486
ACSSF,2012e5,wv,000,0036,0006143,620,54,   ,62000US54029,"State House District 29 (2010), West Virginia",8339,5696,4263,1433,321,1112,2643,2342,301
ACSSF,2012e5,wv,000,0036,0006144,620,54,   ,62000US54030,"State House District 30 (2010), West Virginia",8133,4550,3048,1502,314,1188,3583,3087,496
ACSSF,2012e5,wv,000,0036,0006145,620,54,   ,62000US54031,"State House District 31 (2010), West Virginia",7687,5431,4385,1046,478,568,2256,1904,352
ACSSF,2012e5,wv,000,0036,0006146,620,54,   ,62000US54032,"State House District 32 (2010), West Virginia",22026,15018,11150,3868,971,2897,7008,6073,935
ACSSF,2012e5,wv,000,0036,0006147,620,54,   ,62000US54033,"State House District 33 (2010), West Virginia",7499,5064,4003,1061,461,600,2435,2178,257
ACSSF,2012e5,wv,000,0036,0006148,620,54,   ,62000US54034,"State House District 34 (2010), West Virginia",7223,4561,3610,951,317,634,2662,2204,458
ACSSF,2012e5,wv,000,0036,0006149,620,54,   ,62000US54035,"State House District 35 (2010), West Virginia",30816,18693,13683,5010,1180,3830,12123,10719,1404
ACSSF,2012e5,wv,000,0036,0006150,620,54,   ,62000US54036,"State House District 36 (2010), West Virginia",22193,14081,10374,3707,921,2786,8112,6771,1341
ACSSF,2012e5,wv,000,0036,0006151,620,54,   ,62000US54037,"State House District 37 (2010), West Virginia",8164,3189,1594,1595,335,1260,4975,4322,653
ACSSF,2012e5,wv,000,0036,0006152,620,54,   ,62000US54038,"State House District 38 (2010), West Virginia",7571,5017,4016,1001,260,741,2554,1998,556
ACSSF,2012e5,wv,000,0036,0006153,620,54,   ,62000US54039,"State House District 39 (2010), West Virginia",8526,6125,4759,1366,413,953,2401,2029,372
ACSSF,2012e5,wv,000,0036,0006154,620,54,   ,62000US54040,"State House District 40 (2010), West Virginia",8023,5413,4324,1089,258,831,2610,2315,295
ACSSF,2012e5,wv,000,0036,0006155,620,54,   ,62000US54041,"State House District 41 (2010), West Virginia",7519,5604,4550,1054,517,537,1915,1688,227
ACSSF,2012e5,wv,000,0036,0006156,620,54,   ,62000US54042,"State House District 42 (2010), West Virginia",16244,10679,8012,2667,752,1915,5565,4713,852
ACSSF,2012e5,wv,000,0036,0006157,620,54,   ,62000US54043,"State House District 43 (2010), West Virginia",14910,10054,8097,1957,643,1314,4856,4502,354
ACSSF,2012e5,wv,000,0036,0006158,620,54,   ,62000US54044,"State House District 44 (2010), West Virginia",8016,5632,4395,1237,387,850,2384,2101,283
ACSSF,2012e5,wv,000,0036,0006159,620,54,   ,62000US54045,"State House District 45 (2010), West Virginia",7126,5053,4079,974,279,695,2073,1703,370
ACSSF,2012e5,wv,000,0036,0006160,620,54,   ,62000US54046,"State House District 46 (2010), West Virginia",7518,4877,3831,1046,303,743,2641,2267,374
ACSSF,2012e5,wv,000,0036,0006161,620,54,   ,62000US54047,"State House District 47 (2010), West Virginia",7475,5285,4235,1050,323,727,2190,2024,166
ACSSF,2012e5,wv,000,0036,0006162,620,54,   ,62000US54048,"State House District 48 (2010), West Virginia",28411,19331,14465,4866,989,3877,9080,7995,1085
ACSSF,2012e5,wv,000,0036,0006163,620,54,   ,62000US54049,"State House District 49 (2010), West Virginia",7169,5213,4104,1109,243,866,1956,1666,290
ACSSF,2012e5,wv,000,0036,0006164,620,54,   ,62000US54050,"State House District 50 (2010), West Virginia",22334,14592,10885,3707,983,2724,7742,6457,1285
ACSSF,2012e5,wv,000,0036,0006165,620,54,   ,62000US54051,"State House District 51 (2010), West Virginia",34789,17760,14141,3619,1142,2477,17029,13078,3951
ACSSF,2012e5,wv,000,0036,0006166,620,54,   ,62000US54052,"State House District 52 (2010), West Virginia",6906,4624,3726,898,302,596,2282,1842,440
ACSSF,2012e5,wv,000,0036,0006167,620,54,   ,62000US54053,"State House District 53 (2010), West Virginia",7734,5503,4558,945,376,569,2231,1926,305
ACSSF,2012e5,wv,000,0036,0006168,620,54,   ,62000US54054,"State House District 54 (2010), West Virginia",7621,5103,4262,841,306,535,2518,2281,237
ACSSF,2012e5,wv,000,0036,0006169,620,54,   ,62000US54055,"State House District 55 (2010), West Virginia",7065,4293,3494,799,340,459,2772,2465,307
ACSSF,2012e5,wv,000,0036,0006170,620,54,   ,62000US54056,"State House District 56 (2010), West Virginia",7868,4500,3368,1132,239,893,3368,3167,201
ACSSF,2012e5,wv,000,0036,0006171,620,54,   ,62000US54057,"State House District 57 (2010), West Virginia",8219,4245,3265,980,153,827,3974,3680,294
ACSSF,2012e5,wv,000,0036,0006172,620,54,   ,62000US54058,"State House District 58 (2010), West Virginia",8592,4001,3197,804,182,622,4591,4270,321
ACSSF,2012e5,wv,000,0036,0006173,620,54,   ,62000US54059,"State House District 59 (2010), West Virginia",7213,4830,3941,889,265,624,2383,2112,271
ACSSF,2012e5,wv,000,0036,0006174,620,54,   ,62000US54060,"State House District 60 (2010), West Virginia",7030,5195,4058,1137,412,725,1835,1454,381
ACSSF,2012e5,wv,000,0036,0006175,620,54,   ,62000US54061,"State House District 61 (2010), West Virginia",7779,4663,3045,1618,506,1112,3116,2702,414
ACSSF,2012e5,wv,000,0036,0006176,620,54,   ,62000US54062,"State House District 62 (2010), West Virginia",7096,5030,3812,1218,422,796,2066,1812,254
ACSSF,2012e5,wv,000,0036,0006177,620,54,   ,62000US54063,"State House District 63 (2010), West Virginia",6371,4652,3331,1321,320,1001,1719,1396,323
ACSSF,2012e5,wv,000,0036,0006178,620,54,   ,62000US54064,"State House District 64 (2010), West Virginia",6982,4948,3681,1267,306,961,2034,1679,355
ACSSF,2012e5,wv,000,0036,0006179,620,54,   ,62000US54065,"State House District 65 (2010), West Virginia",7275,4920,3684,1236,254,982,2355,1886,469
ACSSF,2012e5,wv,000,0036,0006180,620,54,   ,62000US54066,"State House District 66 (2010), West Virginia",6425,4838,3919,919,241,678,1587,1217,370
ACSSF,2012e5,wv,000,0036,0006181,620,54,   ,62000US54067,"State House District 67 (2010), West Virginia",6124,4181,3533,648,300,348,1943,1383,560
ACSSF,2012e5,wv,000,0036,0006182,795,54,   ,79500US5400100,"Ohio, Marshall, Hancock & Brooke Counties PUMA; West Virginia",55476,35564,26930,8634,2561,6073,19912,17656,2256
ACSSF,2012e5,wv,000,0036,0006183,795,54,   ,79500US5400200,"Harrison, Marion, Taylor & Doddridge Counties PUMA; West Virginia",60095,40639,30459,10180,2411,7769,19456,16744,2712
ACSSF,2012e5,wv,000,0036,0006184,795,54,   ,79500US5400300,"Monongalia & Preston Counties--Morgantown City PUMA, West Virginia",48557,27407,22049,5358,1758,3600,21150,16470,4680
ACSSF,2012e5,wv,000,0036,0006185,795,54,   ,79500US5400400,"Berkeley, Jefferson, Mineral, Hampshire & Morgan Counties PUMA; West Virginia",88868,57194,43834,13360,3680,9680,31674,27417,4257
ACSSF,2012e5,wv,000,0036,0006186,795,54,   ,79500US5400500,"Randolph, Upshur, Barbour, Lewis, Hardy, Grant, Pendleton & Tucker Counties PUMA; West Virginia",49019,32916,26534,6382,2076,4306,16103,14403,1700
ACSSF,2012e5,wv,000,0036,0006187,795,54,   ,79500US5400600,"Jackson, Wetzel, Roane, Braxton, Ritchie, Tyler, Gilmer & Calhoun Counties PUMA; West Virginia",43681,29050,23035,6015,1771,4244,14631,12643,1988
ACSSF,2012e5,wv,000,0036,0006188,795,54,   ,79500US5400700,"Wood, Pleasants & Wirt Counties PUMA; West Virginia",40812,26975,21148,5827,1519,4308,13837,11805,2032
ACSSF,2012e5,wv,000,0036,0006189,795,54,   ,79500US5400800,"Cabell, Wayne & Mason Counties--Huntington City PUMA; West Virginia",67648,42785,31627,11158,2506,8652,24863,20891,3972
ACSSF,2012e5,wv,000,0036,0006190,795,54,   ,79500US5400900,"Putnam, Boone & Lincoln Counties PUMA; West Virginia",39385,29100,23070,6030,1660,4370,10285,8990,1295
ACSSF,2012e5,wv,000,0036,0006191,795,54,   ,79500US5401000,"Kanawha & Clay Counties--Charleston City PUMA, West Virginia",86402,53132,39243,13889,3449,10440,33270,28672,4598
ACSSF,2012e5,wv,000,0036,0006192,795,54,   ,79500US5401100,"Greenbrier, Nicholas, Summers, Monroe & Pocahontas Counties PUMA; West Virginia",44545,30594,23963,6631,2262,4369,13951,12102,1849
ACSSF,2012e5,wv,000,0036,0006193,795,54,   ,79500US5401200,"Raleigh, Mercer & Fayette Counties PUMA; West Virginia",75017,49078,37482,11596,3095,8501,25939,22489,3450
ACSSF,2012e5,wv,000,0036,0006194,795,54,   ,79500US5401300,"Logan, Mingo, Wyoming & McDowell Counties PUMA; West Virginia",43169,30097,22654,7443,2233,5210,13072,11381,1691
ACSSF,2012e5,wv,000,0036,0006195,970,54,   ,97000US5400030,"Barbour County School District, West Virginia",6206,4365,3469,896,278,618,1841,1703,138
ACSSF,2012e5,wv,000,0036,0006196,970,54,   ,97000US5400060,"Berkeley County School District, West Virginia",39992,28044,20803,7241,2175,5066,11948,10025,1923
ACSSF,2012e5,wv,000,0036,0006197,970,54,   ,97000US5400090,"Boone County School District, West Virginia",9755,7017,5521,1496,455,1041,2738,2443,295
ACSSF,2012e5,wv,000,0036,0006198,970,54,   ,97000US5400120,"Braxton County School District, West Virginia",6009,3823,3127,696,280,416,2186,1849,337
ACSSF,2012e5,wv,000,0036,0006199,970,54,   ,97000US5400150,"Brooke County School District, West Virginia",9911,6592,4846,1746,619,1127,3319,2926,393
ACSSF,2012e5,wv,000,0036,0006200,970,54,   ,97000US5400180,"Cabell County School District, West Virginia",40484,24544,17552,6992,1620,5372,15940,13196,2744
ACSSF,2012e5,wv,000,0036,0006201,970,54,   ,97000US5400210,"Calhoun County School District, West Virginia",3182,2136,1552,584,274,310,1046,946,100
ACSSF,2012e5,wv,000,0036,0006202,970,54,   ,97000US5400240,"Clay County School District, West Virginia",3441,2442,2036,406,132,274,999,895,104
ACSSF,2012e5,wv,000,0036,0006203,970,54,   ,97000US5400270,"Doddridge County School District, West Virginia",2773,1958,1405,553,196,357,815,715,100
ACSSF,2012e5,wv,000,0036,0006204,970,54,   ,97000US5400300,"Fayette County School District, West Virginia",17733,11917,8678,3239,819,2420,5816,5057,759
ACSSF,2012e5,wv,000,0036,0006205,970,54,   ,97000US5400330,"Gilmer County School District, West Virginia",2539,1567,1205,362,92,270,972,784,188
ACSSF,2012e5,wv,000,0036,0006206,970,54,   ,97000US5400360,"Grant County School District, West Virginia",4673,3242,2686,556,196,360,1431,1260,171
ACSSF,2012e5,wv,000,0036,0006207,970,54,   ,97000US5400390,"Greenbrier County School District, West Virginia",15397,10077,7484,2593,761,1832,5320,4513,807
ACSSF,2012e5,wv,000,0036,0006208,970,54,   ,97000US5400420,"Hampshire County School District, West Virginia",10563,5017,3824,1193,218,975,5546,5159,387
ACSSF,2012e5,wv,000,0036,0006209,970,54,   ,97000US5400450,"Hancock County School District, West Virginia",12989,8706,6482,2224,703,1521,4283,3851,432
ACSSF,2012e5,wv,000,0036,0006210,970,54,   ,97000US5400480,"Hardy County School District, West Virginia",4764,2856,2332,524,260,264,1908,1725,183
ACSSF,2012e5,wv,000,0036,0006211,970,54,   ,97000US5400510,"Harrison County School District, West Virginia",27761,18789,14052,4737,976,3761,8972,7893,1079
ACSSF,2012e5,wv,000,0036,0006212,970,54,   ,97000US5400540,"Jackson County School District, West Virginia",11399,7796,6153,1643,436,1207,3603,2975,628
ACSSF,2012e5,wv,000,0036,0006213,970,54,   ,97000US5400570,"Jefferson County School District, West Virginia",19824,13939,11136,2803,795,2008,5885,4486,1399
ACSSF,2012e5,wv,000,0036,0006214,970,54,   ,97000US5400600,"Kanawha County School District, West Virginia",82961,50690,37207,13483,3317,10166,32271,27777,4494
ACSSF,2012e5,wv,000,0036,0006215,970,54,   ,97000US5400630,"Lewis County School District, West Virginia",6570,4294,3421,873,247,626,2276,1929,347
ACSSF,2012e5,wv,000,0036,0006216,970,54,   ,97000US5400660,"Lincoln County School District, West Virginia",8500,6269,4682,1587,446,1141,2231,2051,180
ACSSF,2012e5,wv,000,0036,0006217,970,54,   ,97000US5400690,"Logan County School District, West Virginia",14802,10532,7887,2645,837,1808,4270,3561,709
ACSSF,2012e5,wv,000,0036,0006218,970,54,   ,97000US5400720,"Marion County School District, West Virginia",22761,14940,11175,3765,983,2782,7821,6513,1308
ACSSF,2012e5,wv,000,0036,0006219,970,54,   ,97000US5400750,"Marshall County School District, West Virginia",14068,9468,7392,2076,723,1353,4600,3996,604
ACSSF,2012e5,wv,000,0036,0006220,970,54,   ,97000US5400780,"Mason County School District, West Virginia",10381,7088,5485,1603,292,1311,3293,2764,529
ACSSF,2012e5,wv,000,0036,0006221,970,54,   ,97000US5400810,"McDowell County School District, West Virginia",8348,5504,4012,1492,445,1047,2844,2473,371
ACSSF,2012e5,wv,000,0036,0006222,970,54,   ,97000US5400840,"Mercer County School District, West Virginia",25784,16394,12877,3517,894,2623,9390,8114,1276
ACSSF,2012e5,wv,000,0036,0006223,970,54,   ,97000US5400870,"Mineral County School District, West Virginia",11183,6499,5104,1395,319,1076,4684,4402,282
ACSSF,2012e5,wv,000,0036,0006224,970,54,   ,97000US5400900,"Mingo County School District, West Virginia",10873,7378,5450,1928,539,1389,3495,3140,355
ACSSF,2012e5,wv,000,0036,0006225,970,54,   ,97000US5400930,"Monongalia School District, West Virginia",35777,18516,14787,3729,1165,2564,17261,13255,4006
ACSSF,2012e5,wv,000,0036,0006226,970,54,   ,97000US5400960,"Monroe County School District, West Virginia",5614,3933,3183,750,213,537,1681,1406,275
ACSSF,2012e5,wv,000,0036,0006227,970,54,   ,97000US5400990,"Morgan County School District, West Virginia",7306,3695,2967,728,173,555,3611,3345,266
ACSSF,2012e5,wv,000,0036,0006228,970,54,   ,97000US5401020,"Nicholas County School District, West Virginia",10366,7645,6121,1524,607,917,2721,2434,287
ACSSF,2012e5,wv,000,0036,0006229,970,54,   ,97000US5401050,"Ohio County School District, West Virginia",18508,10798,8210,2588,516,2072,7710,6883,827
ACSSF,2012e5,wv,000,0036,0006230,970,54,   ,97000US5401080,"Pendleton County School District, West Virginia",3355,2107,1738,369,110,259,1248,1102,146
ACSSF,2012e5,wv,000,0036,0006231,970,54,   ,97000US5401110,"Pleasants County School District, West Virginia",2726,1842,1547,295,68,227,884,761,123
ACSSF,2012e5,wv,000,0036,0006232,970,54,   ,97000US5401140,"Pocahontas County School District, West Virginia",3783,2545,2110,435,173,262,1238,1072,166
ACSSF,2012e5,wv,000,0036,0006233,970,54,   ,97000US5401170,"Preston County School District, West Virginia",12780,8891,7262,1629,593,1036,3889,3215,674
ACSSF,2012e5,wv,000,0036,0006234,970,54,   ,97000US5401200,"Putnam County School District, West Virginia",21130,15814,12867,2947,759,2188,5316,4496,820
ACSSF,2012e5,wv,000,0036,0006235,970,54,   ,97000US5401230,"Raleigh County School District, West Virginia",31500,20767,15927,4840,1382,3458,10733,9318,1415
ACSSF,2012e5,wv,000,0036,0006236,970,54,   ,97000US5401260,"Randolph County School District, West Virginia",11238,7576,6024,1552,479,1073,3662,3455,207
ACSSF,2012e5,wv,000,0036,0006237,970,54,   ,97000US5401290,"Ritchie County School District, West Virginia",4120,2702,2082,620,189,431,1418,1315,103
ACSSF,2012e5,wv,000,0036,0006238,970,54,   ,97000US5401320,"Roane County School District, West Virginia",5817,3746,3042,704,134,570,2071,1777,294
ACSSF,2012e5,wv,000,0036,0006239,970,54,   ,97000US5401350,"Summers County School District, West Virginia",5270,3490,2763,727,305,422,1780,1653,127
ACSSF,2012e5,wv,000,0036,0006240,970,54,   ,97000US5401380,"Taylor County School District, West Virginia",6800,4952,3827,1125,256,869,1848,1623,225
ACSSF,2012e5,wv,000,0036,0006241,970,54,   ,97000US5401410,"Tucker County School District, West Virginia",3129,2156,1788,368,130,238,973,874,99
ACSSF,2012e5,wv,000,0036,0006242,970,54,   ,97000US5401440,"Tyler County School District, West Virginia",3635,2553,2065,488,166,322,1082,957,125
ACSSF,2012e5,wv,000,0036,0006243,970,54,   ,97000US5401470,"Upshur County School District, West Virginia",9084,6320,5076,1244,376,868,2764,2355,409
ACSSF,2012e5,wv,000,0036,0006244,970,54,   ,97000US5401500,"Wayne County School District, West Virginia",16783,11153,8590,2563,594,1969,5630,4931,699
ACSSF,2012e5,wv,000,0036,0006245,970,54,   ,97000US5401530,"Webster County School District, West Virginia",4115,2904,2302,602,203,399,1211,1024,187
ACSSF,2012e5,wv,000,0036,0006246,970,54,   ,97000US5401560,"Wetzel County School District, West Virginia",6980,4727,3809,918,200,718,2253,2040,213
ACSSF,2012e5,wv,000,0036,0006247,970,54,   ,97000US5401590,"Wirt County School District, West Virginia",2303,1559,1282,277,42,235,744,548,196
ACSSF,2012e5,wv,000,0036,0006248,970,54,   ,97000US5401620,"Wood County School District, West Virginia",35783,23574,18319,5255,1409,3846,12209,10496,1713
ACSSF,2012e5,wv,000,0036,0006249,970,54,   ,97000US5401650,"Wyoming County School District, West Virginia",9146,6683,5305,1378,412,966,2463,2207,256
