FILEID,FILETYPE,STATE,CHARITER,SEQUENCE,LOGRECNO,SUMMARY_LEVEL,STATE_FIPS,COUNTY,GEO_ID,GEO_NAME,Total:,Family households:,Married-couple family,Other family:,"Male householder, no wife present","Female householder, no husband present",Nonfamily households:,Householder living alone,Householder not living alone
ACSSF,2009e5,wv,000,0033,0000001,040,54,   ,04000US54,West Virginia,746419,496656,384724,111932,31124,80808,249763,213234,36529
ACSSF,2009e5,wv,000,0033,0000002,040,54,   ,04001US54,West Virginia; Urban,356216,214635,157043,57592,13825,43767,141581,120295,21286
ACSSF,2009e5,wv,000,0033,0000003,040,54,   ,04043US54,West Virginia; Rural,390203,282021,227681,54340,17299,37041,108182,92939,15243
ACSSF,2009e5,wv,000,0033,0000004,040,54,   ,040A0US54,West Virginia; In metropolitan or micropolitan statistical area,561506,369304,284391,84913,22909,62004,192202,163490,28712
ACSSF,2009e5,wv,000,0033,0000005,040,54,   ,040C0US54,West Virginia; In metropolitan statistical area,413534,270169,209505,60664,16577,44087,143365,121219,22146
ACSSF,2009e5,wv,000,0033,0000006,040,54,   ,040C1US54,West Virginia; In metropolitan statistical area -- in principal city,104223,56384,39567,16817,3911,12906,47839,39567,8272
ACSSF,2009e5,wv,000,0033,0000007,040,54,   ,040C2US54,West Virginia; In metropolitan statistical area -- not in principal city,309311,213785,169938,43847,12666,31181,95526,81652,13874
ACSSF,2009e5,wv,000,0033,0000008,040,54,   ,040E0US54,West Virginia; In micropolitan statistical area,147972,99135,74886,24249,6332,17917,48837,42271,6566
ACSSF,2009e5,wv,000,0033,0000009,040,54,   ,040E1US54,West Virginia; In micropolitan statistical area -- in principal city,33093,19125,13269,5856,1366,4490,13968,12054,1914
ACSSF,2009e5,wv,000,0033,0000010,040,54,   ,040E2US54,West Virginia; In micropolitan statistical area -- not in principal city,114879,80010,61617,18393,4966,13427,34869,30217,4652
ACSSF,2009e5,wv,000,0033,0000011,040,54,   ,040G0US54,West Virginia; Not in metropolitan or micropolitan statistical area,184913,127352,100333,27019,8215,18804,57561,49744,7817
ACSSF,2009e5,wv,000,0033,0000012,040,54,   ,040H0US54,West Virginia; Not in metropolitan statistical area,332885,226487,175219,51268,14547,36721,106398,92015,14383
ACSSF,2009e5,wv,000,0033,0000013,050,54,001,05000US54001,"Barbour County, West Virginia",6107,4271,3262,1009,329,680,1836,1646,190
ACSSF,2009e5,wv,000,0033,0000014,050,54,003,05000US54003,"Berkeley County, West Virginia",38157,25871,19791,6080,2009,4071,12286,10027,2259
ACSSF,2009e5,wv,000,0033,0000015,050,54,005,05000US54005,"Boone County, West Virginia",10565,7298,5898,1400,494,906,3267,2866,401
ACSSF,2009e5,wv,000,0033,0000016,050,54,007,05000US54007,"Braxton County, West Virginia",6138,3965,3140,825,211,614,2173,1832,341
ACSSF,2009e5,wv,000,0033,0000017,050,54,009,05000US54009,"Brooke County, West Virginia",10006,6797,5201,1596,418,1178,3209,2821,388
ACSSF,2009e5,wv,000,0033,0000018,050,54,011,05000US54011,"Cabell County, West Virginia",40671,24454,18463,5991,1495,4496,16217,12993,3224
ACSSF,2009e5,wv,000,0033,0000019,050,54,013,05000US54013,"Calhoun County, West Virginia",3135,2164,1620,544,267,277,971,841,130
ACSSF,2009e5,wv,000,0033,0000020,050,54,015,05000US54015,"Clay County, West Virginia",3834,2708,2048,660,259,401,1126,1024,102
ACSSF,2009e5,wv,000,0033,0000021,050,54,017,05000US54017,"Doddridge County, West Virginia",2839,1982,1524,458,157,301,857,747,110
ACSSF,2009e5,wv,000,0033,0000022,050,54,019,05000US54019,"Fayette County, West Virginia",18887,12807,9640,3167,858,2309,6080,5372,708
ACSSF,2009e5,wv,000,0033,0000023,050,54,021,05000US54021,"Gilmer County, West Virginia",2207,1365,1045,320,73,247,842,624,218
ACSSF,2009e5,wv,000,0033,0000024,050,54,023,05000US54023,"Grant County, West Virginia",5209,3618,2972,646,235,411,1591,1361,230
ACSSF,2009e5,wv,000,0033,0000025,050,54,025,05000US54025,"Greenbrier County, West Virginia",15503,10088,7483,2605,704,1901,5415,4514,901
ACSSF,2009e5,wv,000,0033,0000026,050,54,027,05000US54027,"Hampshire County, West Virginia",8851,5780,4495,1285,314,971,3071,2714,357
ACSSF,2009e5,wv,000,0033,0000027,050,54,029,05000US54029,"Hancock County, West Virginia",13429,9045,6849,2196,600,1596,4384,3818,566
ACSSF,2009e5,wv,000,0033,0000028,050,54,031,05000US54031,"Hardy County, West Virginia",4795,3108,2461,647,210,437,1687,1488,199
ACSSF,2009e5,wv,000,0033,0000029,050,54,033,05000US54033,"Harrison County, West Virginia",28210,19378,14957,4421,1009,3412,8832,7723,1109
ACSSF,2009e5,wv,000,0033,0000030,050,54,035,05000US54035,"Jackson County, West Virginia",11251,8218,6706,1512,499,1013,3033,2404,629
ACSSF,2009e5,wv,000,0033,0000031,050,54,037,05000US54037,"Jefferson County, West Virginia",19491,13695,10986,2709,953,1756,5796,4376,1420
ACSSF,2009e5,wv,000,0033,0000032,050,54,039,05000US54039,"Kanawha County, West Virginia",83590,52075,38902,13173,2846,10327,31515,27431,4084
ACSSF,2009e5,wv,000,0033,0000033,050,54,041,05000US54041,"Lewis County, West Virginia",6820,4383,3564,819,252,567,2437,2039,398
ACSSF,2009e5,wv,000,0033,0000034,050,54,043,05000US54043,"Lincoln County, West Virginia",8807,6608,4887,1721,484,1237,2199,2011,188
ACSSF,2009e5,wv,000,0033,0000035,050,54,045,05000US54045,"Logan County, West Virginia",15261,11242,8208,3034,764,2270,4019,3461,558
ACSSF,2009e5,wv,000,0033,0000036,050,54,047,05000US54047,"McDowell County, West Virginia",9492,6339,4629,1710,371,1339,3153,2844,309
ACSSF,2009e5,wv,000,0033,0000037,050,54,049,05000US54049,"Marion County, West Virginia",23166,15298,11567,3731,928,2803,7868,6304,1564
ACSSF,2009e5,wv,000,0033,0000038,050,54,051,05000US54051,"Marshall County, West Virginia",14155,9536,7446,2090,687,1403,4619,4098,521
ACSSF,2009e5,wv,000,0033,0000039,050,54,053,05000US54053,"Mason County, West Virginia",10715,7212,5409,1803,450,1353,3503,2956,547
ACSSF,2009e5,wv,000,0033,0000040,050,54,055,05000US54055,"Mercer County, West Virginia",25632,16426,12454,3972,1137,2835,9206,7955,1251
ACSSF,2009e5,wv,000,0033,0000041,050,54,057,05000US54057,"Mineral County, West Virginia",11306,7946,6215,1731,556,1175,3360,2966,394
ACSSF,2009e5,wv,000,0033,0000042,050,54,059,05000US54059,"Mingo County, West Virginia",11591,8023,6023,2000,697,1303,3568,3208,360
ACSSF,2009e5,wv,000,0033,0000043,050,54,061,05000US54061,"Monongalia County, West Virginia",31661,17416,14011,3405,1100,2305,14245,11121,3124
ACSSF,2009e5,wv,000,0033,0000044,050,54,063,05000US54063,"Monroe County, West Virginia",5534,3891,3297,594,232,362,1643,1466,177
ACSSF,2009e5,wv,000,0033,0000045,050,54,065,05000US54065,"Morgan County, West Virginia",6857,4293,3354,939,296,643,2564,2239,325
ACSSF,2009e5,wv,000,0033,0000046,050,54,067,05000US54067,"Nicholas County, West Virginia",10247,7668,6395,1273,581,692,2579,2416,163
ACSSF,2009e5,wv,000,0033,0000047,050,54,069,05000US54069,"Ohio County, West Virginia",19797,11929,9230,2699,541,2158,7868,6929,939
ACSSF,2009e5,wv,000,0033,0000048,050,54,071,05000US54071,"Pendleton County, West Virginia",3717,2432,2013,419,84,335,1285,1189,96
ACSSF,2009e5,wv,000,0033,0000049,050,54,073,05000US54073,"Pleasants County, West Virginia",2597,1732,1468,264,39,225,865,778,87
ACSSF,2009e5,wv,000,0033,0000050,050,54,075,05000US54075,"Pocahontas County, West Virginia",3600,2526,2108,418,154,264,1074,929,145
ACSSF,2009e5,wv,000,0033,0000051,050,54,077,05000US54077,"Preston County, West Virginia",11946,8479,6853,1626,324,1302,3467,2854,613
ACSSF,2009e5,wv,000,0033,0000052,050,54,079,05000US54079,"Putnam County, West Virginia",21282,16068,13276,2792,885,1907,5214,4575,639
ACSSF,2009e5,wv,000,0033,0000053,050,54,081,05000US54081,"Raleigh County, West Virginia",32221,21575,15947,5628,1515,4113,10646,9521,1125
ACSSF,2009e5,wv,000,0033,0000054,050,54,083,05000US54083,"Randolph County, West Virginia",11261,7584,6085,1499,384,1115,3677,3247,430
ACSSF,2009e5,wv,000,0033,0000055,050,54,085,05000US54085,"Ritchie County, West Virginia",4092,2933,2295,638,210,428,1159,906,253
ACSSF,2009e5,wv,000,0033,0000056,050,54,087,05000US54087,"Roane County, West Virginia",6149,4007,3225,782,211,571,2142,1888,254
ACSSF,2009e5,wv,000,0033,0000057,050,54,089,05000US54089,"Summers County, West Virginia",5201,3242,2467,775,222,553,1959,1755,204
ACSSF,2009e5,wv,000,0033,0000058,050,54,091,05000US54091,"Taylor County, West Virginia",6302,4457,3388,1069,278,791,1845,1693,152
ACSSF,2009e5,wv,000,0033,0000059,050,54,093,05000US54093,"Tucker County, West Virginia",3001,2015,1655,360,150,210,986,840,146
ACSSF,2009e5,wv,000,0033,0000060,050,54,095,05000US54095,"Tyler County, West Virginia",3789,2625,2102,523,168,355,1164,974,190
ACSSF,2009e5,wv,000,0033,0000061,050,54,097,05000US54097,"Upshur County, West Virginia",9644,6598,5442,1156,373,783,3046,2544,502
ACSSF,2009e5,wv,000,0033,0000062,050,54,099,05000US54099,"Wayne County, West Virginia",16966,12174,9726,2448,649,1799,4792,4233,559
ACSSF,2009e5,wv,000,0033,0000063,050,54,101,05000US54101,"Webster County, West Virginia",4216,2882,2304,578,229,349,1334,1116,218
ACSSF,2009e5,wv,000,0033,0000064,050,54,103,05000US54103,"Wetzel County, West Virginia",7071,4941,4100,841,208,633,2130,1907,223
ACSSF,2009e5,wv,000,0033,0000065,050,54,105,05000US54105,"Wirt County, West Virginia",2532,1768,1531,237,101,136,764,652,112
ACSSF,2009e5,wv,000,0033,0000066,050,54,107,05000US54107,"Wood County, West Virginia",37034,24497,18875,5622,1527,4095,12537,10693,1844
ACSSF,2009e5,wv,000,0033,0000067,050,54,109,05000US54109,"Wyoming County, West Virginia",9882,7224,5732,1492,397,1095,2658,2305,353
ACSSF,2009e5,wv,000,0033,0000068,060,54,001,06000US5400192328,"North district, Barbour County, West Virginia",2550,1627,1239,388,120,268,923,860,63
ACSSF,2009e5,wv,000,0033,0000069,060,54,001,06000US5400192892,"South district, Barbour County, West Virginia",2014,1531,1170,361,111,250,483,453,30
ACSSF,2009e5,wv,000,0033,0000070,060,54,001,06000US5400193588,"West district, Barbour County, West Virginia",1543,1113,853,260,98,162,430,333,97
ACSSF,2009e5,wv,000,0033,0000071,060,54,003,06000US5400390006,"Adam Stephens district, Berkeley County, West Virginia",6278,3392,2165,1227,278,949,2886,2361,525
ACSSF,2009e5,wv,000,0033,0000072,060,54,003,06000US5400392322,"Norborne district, Berkeley County, West Virginia",3290,2563,1988,575,189,386,727,542,185
ACSSF,2009e5,wv,000,0033,0000073,060,54,003,06000US5400392526,"Potomac district, Berkeley County, West Virginia",5947,4043,3427,616,233,383,1904,1543,361
ACSSF,2009e5,wv,000,0033,0000074,060,54,003,06000US5400392754,"Shenandoah district, Berkeley County, West Virginia",7398,5208,3974,1234,561,673,2190,1784,406
ACSSF,2009e5,wv,000,0033,0000075,060,54,003,06000US5400393171,"Tuscarora district, Berkeley County, West Virginia",6794,4695,3606,1089,256,833,2099,1712,387
ACSSF,2009e5,wv,000,0033,0000076,060,54,003,06000US5400393388,"Valley district, Berkeley County, West Virginia",8450,5970,4631,1339,492,847,2480,2085,395
ACSSF,2009e5,wv,000,0033,0000077,060,54,005,06000US5400590762,"District 1, Boone County, West Virginia",3772,2738,2164,574,226,348,1034,934,100
ACSSF,2009e5,wv,000,0033,0000078,060,54,005,06000US5400590796,"District 2, Boone County, West Virginia",3012,2170,1816,354,166,188,842,758,84
ACSSF,2009e5,wv,000,0033,0000079,060,54,005,06000US5400590832,"District 3, Boone County, West Virginia",3781,2390,1918,472,102,370,1391,1174,217
ACSSF,2009e5,wv,000,0033,0000080,060,54,007,06000US5400790968,"Eastern district, Braxton County, West Virginia",1351,820,651,169,36,133,531,413,118
ACSSF,2009e5,wv,000,0033,0000081,060,54,007,06000US5400792346,"Northern district, Braxton County, West Virginia",1392,881,696,185,35,150,511,427,84
ACSSF,2009e5,wv,000,0033,0000082,060,54,007,06000US5400792922,"Southern district, Braxton County, West Virginia",1799,1200,965,235,101,134,599,495,104
ACSSF,2009e5,wv,000,0033,0000083,060,54,007,06000US5400793597,"Western district, Braxton County, West Virginia",1596,1064,828,236,39,197,532,497,35
ACSSF,2009e5,wv,000,0033,0000084,060,54,009,06000US5400991104,"Follansbee district, Brooke County, West Virginia",3773,2728,2148,580,110,470,1045,983,62
ACSSF,2009e5,wv,000,0033,0000085,060,54,009,06000US5400993552,"Weirton district, Brooke County, West Virginia",3182,2079,1558,521,148,373,1103,899,204
ACSSF,2009e5,wv,000,0033,0000086,060,54,009,06000US5400993564,"Wellsburg district, Brooke County, West Virginia",3051,1990,1495,495,160,335,1061,939,122
ACSSF,2009e5,wv,000,0033,0000087,060,54,011,06000US5401190764,"District 1, Cabell County, West Virginia",8050,5002,3660,1342,390,952,3048,2679,369
ACSSF,2009e5,wv,000,0033,0000088,060,54,011,06000US5401190798,"District 2, Cabell County, West Virginia",7485,3093,1972,1121,245,876,4392,3470,922
ACSSF,2009e5,wv,000,0033,0000089,060,54,011,06000US5401190834,"District 3, Cabell County, West Virginia",7391,4098,2799,1299,367,932,3293,2294,999
ACSSF,2009e5,wv,000,0033,0000090,060,54,011,06000US5401190870,"District 4, Cabell County, West Virginia",9920,6788,5612,1176,182,994,3132,2552,580
ACSSF,2009e5,wv,000,0033,0000091,060,54,011,06000US5401190882,"District 5, Cabell County, West Virginia",7825,5473,4420,1053,311,742,2352,1998,354
ACSSF,2009e5,wv,000,0033,0000092,060,54,013,06000US5401390766,"District 1, Calhoun County, West Virginia",576,389,312,77,44,33,187,187,0
ACSSF,2009e5,wv,000,0033,0000093,060,54,013,06000US5401390800,"District 2, Calhoun County, West Virginia",591,338,241,97,52,45,253,205,48
ACSSF,2009e5,wv,000,0033,0000094,060,54,013,06000US5401390836,"District 3, Calhoun County, West Virginia",559,376,275,101,47,54,183,159,24
ACSSF,2009e5,wv,000,0033,0000095,060,54,013,06000US5401390873,"District 4, Calhoun County, West Virginia",679,491,319,172,64,108,188,164,24
ACSSF,2009e5,wv,000,0033,0000096,060,54,013,06000US5401390885,"District 5, Calhoun County, West Virginia",730,570,473,97,60,37,160,126,34
ACSSF,2009e5,wv,000,0033,0000097,060,54,015,06000US5401590891,"District A, Clay County, West Virginia",1404,928,639,289,135,154,476,421,55
ACSSF,2009e5,wv,000,0033,0000098,060,54,015,06000US5401590893,"District B, Clay County, West Virginia",1200,813,598,215,87,128,387,340,47
ACSSF,2009e5,wv,000,0033,0000099,060,54,015,06000US5401590895,"District C, Clay County, West Virginia",1230,967,811,156,37,119,263,263,0
ACSSF,2009e5,wv,000,0033,0000100,060,54,017,06000US5401790138,"Beech district, Doddridge County, West Virginia",865,692,554,138,75,63,173,110,63
ACSSF,2009e5,wv,000,0033,0000101,060,54,017,06000US5401792094,"Maple district, Doddridge County, West Virginia",562,412,281,131,30,101,150,122,28
ACSSF,2009e5,wv,000,0033,0000102,060,54,017,06000US5401792374,"Oak district, Doddridge County, West Virginia",596,399,363,36,9,27,197,185,12
ACSSF,2009e5,wv,000,0033,0000103,060,54,017,06000US5401792466,"Pine district, Doddridge County, West Virginia",816,479,326,153,43,110,337,330,7
ACSSF,2009e5,wv,000,0033,0000104,060,54,019,06000US5401992280,"New Haven district, Fayette County, West Virginia",6346,4445,3454,991,241,750,1901,1590,311
ACSSF,2009e5,wv,000,0033,0000105,060,54,019,06000US5401992472,"Plateau district, Fayette County, West Virginia",6992,4435,3367,1068,299,769,2557,2335,222
ACSSF,2009e5,wv,000,0033,0000106,060,54,019,06000US5401993396,"Valley district, Fayette County, West Virginia",5549,3927,2819,1108,318,790,1622,1447,175
ACSSF,2009e5,wv,000,0033,0000107,060,54,021,06000US5402190408,"Center district, Gilmer County, West Virginia",624,466,340,126,29,97,158,135,23
ACSSF,2009e5,wv,000,0033,0000108,060,54,021,06000US5402190534,"City district, Gilmer County, West Virginia",543,233,135,98,30,68,310,216,94
ACSSF,2009e5,wv,000,0033,0000109,060,54,021,06000US5402190758,"De Kalb-Troy district, Gilmer County, West Virginia",608,390,363,27,0,27,218,141,77
ACSSF,2009e5,wv,000,0033,0000110,060,54,021,06000US5402191236,"Glenville district, Gilmer County, West Virginia",432,276,207,69,14,55,156,132,24
ACSSF,2009e5,wv,000,0033,0000111,060,54,023,06000US5402391296,"Grant district, Grant County, West Virginia",1592,1228,1079,149,9,140,364,294,70
ACSSF,2009e5,wv,000,0033,0000112,060,54,023,06000US5402392208,"Milroy district, Grant County, West Virginia",2064,1226,878,348,170,178,838,717,121
ACSSF,2009e5,wv,000,0033,0000113,060,54,023,06000US5402393216,"Union district, Grant County, West Virginia",1553,1164,1015,149,56,93,389,350,39
ACSSF,2009e5,wv,000,0033,0000114,060,54,025,06000US5402590449,"Central district, Greenbrier County, West Virginia",5406,3474,2656,818,213,605,1932,1594,338
ACSSF,2009e5,wv,000,0033,0000115,060,54,025,06000US5402590972,"Eastern district, Greenbrier County, West Virginia",5209,3443,2483,960,271,689,1766,1438,328
ACSSF,2009e5,wv,000,0033,0000116,060,54,025,06000US5402593601,"Western district, Greenbrier County, West Virginia",4888,3171,2344,827,220,607,1717,1482,235
ACSSF,2009e5,wv,000,0033,0000117,060,54,027,06000US5402790204,"Bloomery district, Hampshire County, West Virginia",1042,779,624,155,99,56,263,248,15
ACSSF,2009e5,wv,000,0033,0000118,060,54,027,06000US5402790360,"Capon district, Hampshire County, West Virginia",932,552,466,86,15,71,380,342,38
ACSSF,2009e5,wv,000,0033,0000119,060,54,027,06000US5402791248,"Gore district, Hampshire County, West Virginia",1841,1290,1021,269,53,216,551,483,68
ACSSF,2009e5,wv,000,0033,0000120,060,54,027,06000US5402792184,"Mill Creek district, Hampshire County, West Virginia",523,398,296,102,18,84,125,111,14
ACSSF,2009e5,wv,000,0033,0000121,060,54,027,06000US5402792676,"Romney district, Hampshire County, West Virginia",1627,856,573,283,23,260,771,699,72
ACSSF,2009e5,wv,000,0033,0000122,060,54,027,06000US5402792820,"Sherman district, Hampshire County, West Virginia",1777,1100,890,210,84,126,677,572,105
ACSSF,2009e5,wv,000,0033,0000123,060,54,027,06000US5402792988,"Springfield district, Hampshire County, West Virginia",1109,805,625,180,22,158,304,259,45
ACSSF,2009e5,wv,000,0033,0000124,060,54,029,06000US5402990312,"Butler district, Hancock County, West Virginia",4550,2940,2290,650,186,464,1610,1484,126
ACSSF,2009e5,wv,000,0033,0000125,060,54,029,06000US5402990540,"Clay district, Hancock County, West Virginia",4486,3087,2186,901,284,617,1399,1153,246
ACSSF,2009e5,wv,000,0033,0000126,060,54,029,06000US5402991308,"Grant district, Hancock County, West Virginia",4393,3018,2373,645,130,515,1375,1181,194
ACSSF,2009e5,wv,000,0033,0000127,060,54,031,06000US5403190372,"Capon district, Hardy County, West Virginia",967,627,533,94,24,70,340,293,47
ACSSF,2009e5,wv,000,0033,0000128,060,54,031,06000US5403191968,"Lost River district, Hardy County, West Virginia",1027,679,525,154,65,89,348,294,54
ACSSF,2009e5,wv,000,0033,0000129,060,54,031,06000US5403192232,"Moorefield district, Hardy County, West Virginia",990,604,394,210,53,157,386,350,36
ACSSF,2009e5,wv,000,0033,0000130,060,54,031,06000US5403192382,"Old Fields district, Hardy County, West Virginia",937,640,513,127,29,98,297,269,28
ACSSF,2009e5,wv,000,0033,0000131,060,54,031,06000US5403192928,"South Fork district, Hardy County, West Virginia",874,558,496,62,39,23,316,282,34
ACSSF,2009e5,wv,000,0033,0000132,060,54,033,06000US5403390975,"Eastern district, Harrison County, West Virginia",4914,3681,2885,796,203,593,1233,1124,109
ACSSF,2009e5,wv,000,0033,0000133,060,54,033,06000US5403392352,"Northern district, Harrison County, West Virginia",4266,3333,2726,607,187,420,933,812,121
ACSSF,2009e5,wv,000,0033,0000134,060,54,033,06000US5403392368,"North Urban district, Harrison County, West Virginia",4867,2856,1861,995,187,808,2011,1775,236
ACSSF,2009e5,wv,000,0033,0000135,060,54,033,06000US5403392923,"Southern district, Harrison County, West Virginia",4996,3580,2781,799,168,631,1416,1228,188
ACSSF,2009e5,wv,000,0033,0000136,060,54,033,06000US5403392932,"South Urban district, Harrison County, West Virginia",5011,2983,2338,645,143,502,2028,1811,217
ACSSF,2009e5,wv,000,0033,0000137,060,54,033,06000US5403392952,"Southwest district, Harrison County, West Virginia",4156,2945,2366,579,121,458,1211,973,238
ACSSF,2009e5,wv,000,0033,0000138,060,54,035,06000US5403590976,"Eastern district, Jackson County, West Virginia",3685,2655,2179,476,200,276,1030,725,305
ACSSF,2009e5,wv,000,0033,0000139,060,54,035,06000US5403592353,"Northern district, Jackson County, West Virginia",3592,2533,2019,514,138,376,1059,842,217
ACSSF,2009e5,wv,000,0033,0000140,060,54,035,06000US5403593605,"Western district, Jackson County, West Virginia",3974,3030,2508,522,161,361,944,837,107
ACSSF,2009e5,wv,000,0033,0000141,060,54,037,06000US5403790504,"Charles Town district, Jefferson County, West Virginia",4946,3064,2190,874,241,633,1882,1447,435
ACSSF,2009e5,wv,000,0033,0000142,060,54,037,06000US5403791548,"Harpers Ferry district, Jefferson County, West Virginia",3418,2385,2060,325,119,206,1033,724,309
ACSSF,2009e5,wv,000,0033,0000143,060,54,037,06000US5403791740,"Kabletown district, Jefferson County, West Virginia",4290,3352,2736,616,228,388,938,821,117
ACSSF,2009e5,wv,000,0033,0000144,060,54,037,06000US5403792160,"Middleway district, Jefferson County, West Virginia",3493,2557,1935,622,238,384,936,741,195
ACSSF,2009e5,wv,000,0033,0000145,060,54,037,06000US5403792760,"Shepherdstown district, Jefferson County, West Virginia",3344,2337,2065,272,127,145,1007,643,364
ACSSF,2009e5,wv,000,0033,0000146,060,54,039,06000US5403990768,"District 1, Kanawha County, West Virginia",19916,11533,8550,2983,629,2354,8383,7257,1126
ACSSF,2009e5,wv,000,0033,0000147,060,54,039,06000US5403990804,"District 2, Kanawha County, West Virginia",21447,13082,9892,3190,711,2479,8365,7375,990
ACSSF,2009e5,wv,000,0033,0000148,060,54,039,06000US5403990840,"District 3, Kanawha County, West Virginia",21085,14039,10582,3457,857,2600,7046,6150,896
ACSSF,2009e5,wv,000,0033,0000149,060,54,039,06000US5403990876,"District 4, Kanawha County, West Virginia",21142,13421,9878,3543,649,2894,7721,6649,1072
ACSSF,2009e5,wv,000,0033,0000150,060,54,041,06000US5404190676,"Courthouse-Collins Settlement district, Lewis County, West Virginia",2133,1508,1190,318,98,220,625,565,60
ACSSF,2009e5,wv,000,0033,0000151,060,54,041,06000US5404191176,"Freemans Creek district, Lewis County, West Virginia",2189,1340,1153,187,61,126,849,722,127
ACSSF,2009e5,wv,000,0033,0000152,060,54,041,06000US5404191480,"Hackers Creek-Skin Creek district, Lewis County, West Virginia",2498,1535,1221,314,93,221,963,752,211
ACSSF,2009e5,wv,000,0033,0000153,060,54,043,06000US5404390384,"Carroll district, Lincoln County, West Virginia",1536,1093,748,345,137,208,443,401,42
ACSSF,2009e5,wv,000,0033,0000154,060,54,043,06000US5404390960,"Duval district, Lincoln County, West Virginia",1232,1078,939,139,46,93,154,137,17
ACSSF,2009e5,wv,000,0033,0000155,060,54,043,06000US5404391572,"Harts Creek district, Lincoln County, West Virginia",1515,1189,820,369,94,275,326,269,57
ACSSF,2009e5,wv,000,0033,0000156,060,54,043,06000US5404391704,"Jefferson district, Lincoln County, West Virginia",501,433,353,80,33,47,68,65,3
ACSSF,2009e5,wv,000,0033,0000157,060,54,043,06000US5404391812,"Laurel Hill district, Lincoln County, West Virginia",845,698,508,190,45,145,147,147,0
ACSSF,2009e5,wv,000,0033,0000158,060,54,043,06000US5404392784,"Sheridan district, Lincoln County, West Virginia",1777,1305,876,429,129,300,472,438,34
ACSSF,2009e5,wv,000,0033,0000159,060,54,043,06000US5404393240,"Union district, Lincoln County, West Virginia",138,37,37,0,0,0,101,101,0
ACSSF,2009e5,wv,000,0033,0000160,060,54,043,06000US5404393516,"Washington district, Lincoln County, West Virginia",1263,775,606,169,0,169,488,453,35
ACSSF,2009e5,wv,000,0033,0000161,060,54,045,06000US5404590453,"Central district, Logan County, West Virginia",4869,3382,2405,977,229,748,1487,1283,204
ACSSF,2009e5,wv,000,0033,0000162,060,54,045,06000US5404590979,"Eastern district, Logan County, West Virginia",5720,4365,3339,1026,392,634,1355,1215,140
ACSSF,2009e5,wv,000,0033,0000163,060,54,045,06000US5404593608,"Western district, Logan County, West Virginia",4672,3495,2464,1031,143,888,1177,963,214
ACSSF,2009e5,wv,000,0033,0000164,060,54,047,06000US5404790168,"Big Creek district, McDowell County, West Virginia",2578,1650,1191,459,107,352,928,828,100
ACSSF,2009e5,wv,000,0033,0000165,060,54,047,06000US5404790240,"Browns Creek district, McDowell County, West Virginia",2162,1364,1029,335,92,243,798,698,100
ACSSF,2009e5,wv,000,0033,0000166,060,54,047,06000US5404792345,"North Elkin district, McDowell County, West Virginia",2319,1586,988,598,78,520,733,683,50
ACSSF,2009e5,wv,000,0033,0000167,060,54,047,06000US5404792712,"Sandy River district, McDowell County, West Virginia",2433,1739,1421,318,94,224,694,635,59
ACSSF,2009e5,wv,000,0033,0000168,060,54,049,06000US5404992154,"Middletown district, Marion County, West Virginia",7247,4046,2784,1262,189,1073,3201,2390,811
ACSSF,2009e5,wv,000,0033,0000169,060,54,049,06000US5404992418,"Palatine district, Marion County, West Virginia",9185,6316,4879,1437,448,989,2869,2409,460
ACSSF,2009e5,wv,000,0033,0000170,060,54,049,06000US5404993594,"West Augusta district, Marion County, West Virginia",6734,4936,3904,1032,291,741,1798,1505,293
ACSSF,2009e5,wv,000,0033,0000171,060,54,051,06000US5405190780,"District 1, Marshall County, West Virginia",4779,3103,2404,699,184,515,1676,1493,183
ACSSF,2009e5,wv,000,0033,0000172,060,54,051,06000US5405190816,"District 2, Marshall County, West Virginia",4174,2647,1921,726,241,485,1527,1313,214
ACSSF,2009e5,wv,000,0033,0000173,060,54,051,06000US5405190852,"District 3, Marshall County, West Virginia",5202,3786,3121,665,262,403,1416,1292,124
ACSSF,2009e5,wv,000,0033,0000174,060,54,053,06000US5405390048,"Arbuckle district, Mason County, West Virginia",348,242,184,58,18,40,106,46,60
ACSSF,2009e5,wv,000,0033,0000175,060,54,053,06000US5405390612,"Clendenin district, Mason County, West Virginia",1618,1001,768,233,61,172,617,456,161
ACSSF,2009e5,wv,000,0033,0000176,060,54,053,06000US5405390648,"Cologne district, Mason County, West Virginia",569,298,254,44,5,39,271,243,28
ACSSF,2009e5,wv,000,0033,0000177,060,54,053,06000US5405390660,"Cooper district, Mason County, West Virginia",575,475,410,65,13,52,100,73,27
ACSSF,2009e5,wv,000,0033,0000178,060,54,053,06000US5405391260,"Graham district, Mason County, West Virginia",1264,956,718,238,66,172,308,284,24
ACSSF,2009e5,wv,000,0033,0000179,060,54,053,06000US5405391512,"Hannan district, Mason County, West Virginia",1052,730,567,163,47,116,322,258,64
ACSSF,2009e5,wv,000,0033,0000180,060,54,053,06000US5405391860,"Lewis district, Mason County, West Virginia",2515,1545,1160,385,96,289,970,914,56
ACSSF,2009e5,wv,000,0033,0000181,060,54,053,06000US5405392652,"Robinson district, Mason County, West Virginia",1103,761,510,251,24,227,342,297,45
ACSSF,2009e5,wv,000,0033,0000182,060,54,053,06000US5405393264,"Union district, Mason County, West Virginia",545,403,324,79,79,0,142,111,31
ACSSF,2009e5,wv,000,0033,0000183,060,54,053,06000US5405393432,"Waggener district, Mason County, West Virginia",1126,801,514,287,41,246,325,274,51
ACSSF,2009e5,wv,000,0033,0000184,060,54,055,06000US5405590900,"District I, Mercer County, West Virginia",8336,4894,3677,1217,247,970,3442,3063,379
ACSSF,2009e5,wv,000,0033,0000185,060,54,055,06000US5405590912,"District II, Mercer County, West Virginia",9848,6133,4418,1715,617,1098,3715,3269,446
ACSSF,2009e5,wv,000,0033,0000186,060,54,055,06000US5405590924,"District III, Mercer County, West Virginia",7448,5399,4359,1040,273,767,2049,1623,426
ACSSF,2009e5,wv,000,0033,0000187,060,54,057,06000US5405790784,"District 1, Mineral County, West Virginia",3687,2691,2161,530,142,388,996,889,107
ACSSF,2009e5,wv,000,0033,0000188,060,54,057,06000US5405790820,"District 2, Mineral County, West Virginia",3909,2449,1772,677,184,493,1460,1285,175
ACSSF,2009e5,wv,000,0033,0000189,060,54,057,06000US5405790856,"District 3, Mineral County, West Virginia",3710,2806,2282,524,230,294,904,792,112
ACSSF,2009e5,wv,000,0033,0000190,060,54,059,06000US5405990141,"Beech Ben Mate district, Mingo County, West Virginia",1558,1160,823,337,102,235,398,346,52
ACSSF,2009e5,wv,000,0033,0000191,060,54,059,06000US5405991770,"Kermit Harvey district, Mingo County, West Virginia",1717,1141,914,227,96,131,576,537,39
ACSSF,2009e5,wv,000,0033,0000192,060,54,059,06000US5405991848,"Lee district, Mingo County, West Virginia",1704,1334,994,340,169,171,370,367,3
ACSSF,2009e5,wv,000,0033,0000193,060,54,059,06000US5405992064,"Magnolia district, Mingo County, West Virginia",1342,903,583,320,105,215,439,379,60
ACSSF,2009e5,wv,000,0033,0000194,060,54,059,06000US5405993012,"Stafford district, Mingo County, West Virginia",1724,1253,1000,253,95,158,471,450,21
ACSSF,2009e5,wv,000,0033,0000195,060,54,059,06000US5405993162,"Tug Hardee district, Mingo County, West Virginia",1494,1027,811,216,83,133,467,391,76
ACSSF,2009e5,wv,000,0033,0000196,060,54,059,06000US5405993696,"Williamson district, Mingo County, West Virginia",2052,1205,898,307,47,260,847,738,109
ACSSF,2009e5,wv,000,0033,0000197,060,54,061,06000US5406190456,"Central district, Monongalia County, West Virginia",10275,4234,3074,1160,444,716,6041,4327,1714
ACSSF,2009e5,wv,000,0033,0000198,060,54,061,06000US5406190983,"Eastern district, Monongalia County, West Virginia",12098,6784,5520,1264,405,859,5314,4379,935
ACSSF,2009e5,wv,000,0033,0000199,060,54,061,06000US5406193612,"Western district, Monongalia County, West Virginia",9288,6398,5417,981,251,730,2890,2415,475
ACSSF,2009e5,wv,000,0033,0000200,060,54,063,06000US5406390457,"Central district, Monroe County, West Virginia",2048,1394,1136,258,119,139,654,569,85
ACSSF,2009e5,wv,000,0033,0000201,060,54,063,06000US5406390984,"Eastern district, Monroe County, West Virginia",1529,1103,950,153,61,92,426,402,24
ACSSF,2009e5,wv,000,0033,0000202,060,54,063,06000US5406393613,"Western district, Monroe County, West Virginia",1957,1394,1211,183,52,131,563,495,68
ACSSF,2009e5,wv,000,0033,0000203,060,54,065,06000US5406590786,"District 1, Morgan County, West Virginia",1957,1193,867,326,56,270,764,713,51
ACSSF,2009e5,wv,000,0033,0000204,060,54,065,06000US5406590822,"District 2, Morgan County, West Virginia",2549,1499,1206,293,54,239,1050,901,149
ACSSF,2009e5,wv,000,0033,0000205,060,54,065,06000US5406590858,"District 3, Morgan County, West Virginia",2351,1601,1281,320,186,134,750,625,125
ACSSF,2009e5,wv,000,0033,0000206,060,54,067,06000US5406790132,"Beaver district, Nicholas County, West Virginia",3077,2281,1909,372,143,229,796,749,47
ACSSF,2009e5,wv,000,0033,0000207,060,54,067,06000US5406791344,"Grant district, Nicholas County, West Virginia",512,386,245,141,117,24,126,126,0
ACSSF,2009e5,wv,000,0033,0000208,060,54,067,06000US5406791500,"Hamilton district, Nicholas County, West Virginia",1168,967,807,160,125,35,201,179,22
ACSSF,2009e5,wv,000,0033,0000209,060,54,067,06000US5406791716,"Jefferson district, Nicholas County, West Virginia",575,435,353,82,53,29,140,140,0
ACSSF,2009e5,wv,000,0033,0000210,060,54,067,06000US5406791752,"Kentucky district, Nicholas County, West Virginia",1622,1332,1098,234,109,125,290,290,0
ACSSF,2009e5,wv,000,0033,0000211,060,54,067,06000US5406793072,"Summersville district, Nicholas County, West Virginia",2144,1387,1221,166,17,149,757,705,52
ACSSF,2009e5,wv,000,0033,0000212,060,54,067,06000US5406793660,"Wilderness district, Nicholas County, West Virginia",1149,880,762,118,17,101,269,227,42
ACSSF,2009e5,wv,000,0033,0000213,060,54,069,06000US5406990788,"District 1, Ohio County, West Virginia",6434,4509,3747,762,136,626,1925,1615,310
ACSSF,2009e5,wv,000,0033,0000214,060,54,069,06000US5406990824,"District 2, Ohio County, West Virginia",6207,3305,2109,1196,315,881,2902,2544,358
ACSSF,2009e5,wv,000,0033,0000215,060,54,069,06000US5406990862,"District 3, Ohio County, West Virginia",7156,4115,3374,741,90,651,3041,2770,271
ACSSF,2009e5,wv,000,0033,0000216,060,54,071,06000US5407190462,"Central district, Pendleton County, West Virginia",1273,818,650,168,24,144,455,405,50
ACSSF,2009e5,wv,000,0033,0000217,060,54,071,06000US5407190987,"Eastern district, Pendleton County, West Virginia",1366,857,697,160,36,124,509,463,46
ACSSF,2009e5,wv,000,0033,0000218,060,54,071,06000US5407193615,"Western district, Pendleton County, West Virginia",1078,757,666,91,24,67,321,321,0
ACSSF,2009e5,wv,000,0033,0000219,060,54,073,06000US5407390892,"District A, Pleasants County, West Virginia",675,439,382,57,10,47,236,208,28
ACSSF,2009e5,wv,000,0033,0000220,060,54,073,06000US5407390894,"District B, Pleasants County, West Virginia",592,371,328,43,7,36,221,199,22
ACSSF,2009e5,wv,000,0033,0000221,060,54,073,06000US5407390896,"District C, Pleasants County, West Virginia",738,458,350,108,13,95,280,254,26
ACSSF,2009e5,wv,000,0033,0000222,060,54,073,06000US5407390898,"District D, Pleasants County, West Virginia",592,464,408,56,9,47,128,117,11
ACSSF,2009e5,wv,000,0033,0000223,060,54,075,06000US5407590996,"Edray district, Pocahontas County, West Virginia",1476,1043,734,309,120,189,433,345,88
ACSSF,2009e5,wv,000,0033,0000224,060,54,075,06000US5407591416,"Greenbank district, Pocahontas County, West Virginia",1064,780,741,39,23,16,284,246,38
ACSSF,2009e5,wv,000,0033,0000225,060,54,075,06000US5407591656,"Huntersville district, Pocahontas County, West Virginia",492,305,299,6,0,6,187,174,13
ACSSF,2009e5,wv,000,0033,0000226,060,54,075,06000US5407591944,"Little Levels district, Pocahontas County, West Virginia",568,398,334,64,11,53,170,164,6
ACSSF,2009e5,wv,000,0033,0000227,060,54,077,06000US5407791096,"Fifth district, Preston County, West Virginia",2182,1629,1431,198,35,163,553,475,78
ACSSF,2009e5,wv,000,0033,0000228,060,54,077,06000US5407791100,"First district, Preston County, West Virginia",2577,1863,1535,328,20,308,714,520,194
ACSSF,2009e5,wv,000,0033,0000229,060,54,077,06000US5407791134,"Fourth district, Preston County, West Virginia",2581,1682,1273,409,59,350,899,768,131
ACSSF,2009e5,wv,000,0033,0000230,060,54,077,06000US5407792742,"Second district, Preston County, West Virginia",2212,1578,1307,271,64,207,634,534,100
ACSSF,2009e5,wv,000,0033,0000231,060,54,077,06000US5407793102,"Third district, Preston County, West Virginia",2394,1727,1307,420,146,274,667,557,110
ACSSF,2009e5,wv,000,0033,0000232,060,54,079,06000US5407990292,"Buffalo-Union district, Putnam County, West Virginia",3887,3071,2439,632,222,410,816,690,126
ACSSF,2009e5,wv,000,0033,0000233,060,54,079,06000US5407990720,"Curry district, Putnam County, West Virginia",3909,3039,2535,504,104,400,870,847,23
ACSSF,2009e5,wv,000,0033,0000234,060,54,079,06000US5407992508,"Pocatalico district, Putnam County, West Virginia",3613,2655,2049,606,178,428,958,874,84
ACSSF,2009e5,wv,000,0033,0000235,060,54,079,06000US5407992736,"Scott district, Putnam County, West Virginia",4325,3117,2746,371,133,238,1208,958,250
ACSSF,2009e5,wv,000,0033,0000236,060,54,079,06000US5407993090,"Teays district, Putnam County, West Virginia",5548,4186,3507,679,248,431,1362,1206,156
ACSSF,2009e5,wv,000,0033,0000237,060,54,081,06000US5408190792,"District 1, Raleigh County, West Virginia",10356,7236,5626,1610,402,1208,3120,2673,447
ACSSF,2009e5,wv,000,0033,0000238,060,54,081,06000US5408190828,"District 2, Raleigh County, West Virginia",10677,6928,4960,1968,431,1537,3749,3436,313
ACSSF,2009e5,wv,000,0033,0000239,060,54,081,06000US5408190864,"District 3, Raleigh County, West Virginia",11188,7411,5361,2050,682,1368,3777,3412,365
ACSSF,2009e5,wv,000,0033,0000240,060,54,083,06000US5408390156,"Beverly district, Randolph County, West Virginia",1862,1252,843,409,134,275,610,564,46
ACSSF,2009e5,wv,000,0033,0000241,060,54,083,06000US5408390936,"Dry Fork district, Randolph County, West Virginia",737,560,480,80,13,67,177,177,0
ACSSF,2009e5,wv,000,0033,0000242,060,54,083,06000US5408391668,"Huttonsville district, Randolph County, West Virginia",906,643,591,52,19,33,263,254,9
ACSSF,2009e5,wv,000,0033,0000243,060,54,083,06000US5408391824,"Leadsville district, Randolph County, West Virginia",5293,3207,2481,726,150,576,2086,1826,260
ACSSF,2009e5,wv,000,0033,0000244,060,54,083,06000US5408392148,"Middle Fork district, Randolph County, West Virginia",261,196,162,34,18,16,65,9,56
ACSSF,2009e5,wv,000,0033,0000245,060,54,083,06000US5408392220,"Mingo district, Randolph County, West Virginia",464,370,319,51,0,51,94,94,0
ACSSF,2009e5,wv,000,0033,0000246,060,54,083,06000US5408392292,"New Interest district, Randolph County, West Virginia",447,340,309,31,3,28,107,91,16
ACSSF,2009e5,wv,000,0033,0000247,060,54,083,06000US5408392640,"Roaring Creek district, Randolph County, West Virginia",629,470,443,27,20,7,159,134,25
ACSSF,2009e5,wv,000,0033,0000248,060,54,083,06000US5408393420,"Valley Bend district, Randolph County, West Virginia",662,546,457,89,27,62,116,98,18
ACSSF,2009e5,wv,000,0033,0000249,060,54,085,06000US5408590552,"Clay district, Ritchie County, West Virginia",1488,1049,842,207,35,172,439,365,74
ACSSF,2009e5,wv,000,0033,0000250,060,54,085,06000US5408591380,"Grant district, Ritchie County, West Virginia",738,533,470,63,43,20,205,179,26
ACSSF,2009e5,wv,000,0033,0000251,060,54,085,06000US5408592244,"Murphy district, Ritchie County, West Virginia",477,335,225,110,16,94,142,72,70
ACSSF,2009e5,wv,000,0033,0000252,060,54,085,06000US5408593336,"Union district, Ritchie County, West Virginia",1389,1016,758,258,116,142,373,290,83
ACSSF,2009e5,wv,000,0033,0000253,060,54,087,06000US5408790793,"District I, Roane County, West Virginia",2035,1235,1033,202,60,142,800,669,131
ACSSF,2009e5,wv,000,0033,0000254,060,54,087,06000US5408790829,"District II, Roane County, West Virginia",1970,1217,962,255,49,206,753,693,60
ACSSF,2009e5,wv,000,0033,0000255,060,54,087,06000US5408790865,"District III, Roane County, West Virginia",2144,1555,1230,325,102,223,589,526,63
ACSSF,2009e5,wv,000,0033,0000256,060,54,089,06000US5408990216,"Bluestone River district, Summers County, West Virginia",2025,1187,855,332,66,266,838,749,89
ACSSF,2009e5,wv,000,0033,0000257,060,54,089,06000US5408991440,"Greenbrier River district, Summers County, West Virginia",1727,1117,953,164,56,108,610,532,78
ACSSF,2009e5,wv,000,0033,0000258,060,54,089,06000US5408992316,"New River district, Summers County, West Virginia",1449,938,659,279,100,179,511,474,37
ACSSF,2009e5,wv,000,0033,0000259,060,54,091,06000US5409190993,"Eastern district, Taylor County, West Virginia",2167,1616,1237,379,100,279,551,516,35
ACSSF,2009e5,wv,000,0033,0000260,060,54,091,06000US5409193175,"Tygart district, Taylor County, West Virginia",1719,1044,685,359,56,303,675,604,71
ACSSF,2009e5,wv,000,0033,0000261,060,54,091,06000US5409193621,"Western district, Taylor County, West Virginia",2416,1797,1466,331,122,209,619,573,46
ACSSF,2009e5,wv,000,0033,0000262,060,54,093,06000US5409390192,"Black Fork district, Tucker County, West Virginia",1581,1109,887,222,103,119,472,375,97
ACSSF,2009e5,wv,000,0033,0000263,060,54,093,06000US5409390624,"Clover district, Tucker County, West Virginia",69,54,54,0,0,0,15,15,0
ACSSF,2009e5,wv,000,0033,0000264,060,54,093,06000US5409390744,"Davis district, Tucker County, West Virginia",265,141,92,49,10,39,124,119,5
ACSSF,2009e5,wv,000,0033,0000265,060,54,093,06000US5409390948,"Dry Fork district, Tucker County, West Virginia",323,225,213,12,0,12,98,71,27
ACSSF,2009e5,wv,000,0033,0000266,060,54,093,06000US5409391056,"Fairfax district, Tucker County, West Virginia",313,224,188,36,10,26,89,85,4
ACSSF,2009e5,wv,000,0033,0000267,060,54,093,06000US5409391896,"Licking district, Tucker County, West Virginia",65,43,43,0,0,0,22,22,0
ACSSF,2009e5,wv,000,0033,0000268,060,54,093,06000US5409392688,"St. George district, Tucker County, West Virginia",385,219,178,41,27,14,166,153,13
ACSSF,2009e5,wv,000,0033,0000269,060,54,095,06000US5409590469,"Central district, Tyler County, West Virginia",1024,678,562,116,25,91,346,330,16
ACSSF,2009e5,wv,000,0033,0000270,060,54,095,06000US5409592334,"North district, Tyler County, West Virginia",849,586,427,159,35,124,263,196,67
ACSSF,2009e5,wv,000,0033,0000271,060,54,095,06000US5409592898,"South district, Tyler County, West Virginia",907,720,576,144,100,44,187,150,37
ACSSF,2009e5,wv,000,0033,0000272,060,54,095,06000US5409593592,"West district, Tyler County, West Virginia",1009,641,537,104,8,96,368,298,70
ACSSF,2009e5,wv,000,0033,0000273,060,54,097,06000US5409791102,"First district, Upshur County, West Virginia",2896,1783,1337,446,133,313,1113,974,139
ACSSF,2009e5,wv,000,0033,0000274,060,54,097,06000US5409792745,"Second district, Upshur County, West Virginia",3292,2441,2087,354,153,201,851,771,80
ACSSF,2009e5,wv,000,0033,0000275,060,54,097,06000US5409793105,"Third district, Upshur County, West Virginia",3456,2374,2018,356,87,269,1082,799,283
ACSSF,2009e5,wv,000,0033,0000276,060,54,099,06000US5409990324,"Butler district, Wayne County, West Virginia",3568,2688,2188,500,133,367,880,746,134
ACSSF,2009e5,wv,000,0033,0000277,060,54,099,06000US5409990492,"Ceredo district, Wayne County, West Virginia",3489,2301,1837,464,169,295,1188,1027,161
ACSSF,2009e5,wv,000,0033,0000278,060,54,099,06000US5409993036,"Stonewall district, Wayne County, West Virginia",2866,2212,1717,495,192,303,654,594,60
ACSSF,2009e5,wv,000,0033,0000279,060,54,099,06000US5409993372,"Union district, Wayne County, West Virginia",3612,2622,2182,440,93,347,990,893,97
ACSSF,2009e5,wv,000,0033,0000280,060,54,099,06000US5409993624,"Westmoreland district, Wayne County, West Virginia",3431,2351,1802,549,62,487,1080,973,107
ACSSF,2009e5,wv,000,0033,0000281,060,54,101,06000US5410190471,"Central district, Webster County, West Virginia",1265,900,727,173,12,161,365,327,38
ACSSF,2009e5,wv,000,0033,0000282,060,54,101,06000US5410192360,"Northern district, Webster County, West Virginia",1366,865,714,151,51,100,501,412,89
ACSSF,2009e5,wv,000,0033,0000283,060,54,101,06000US5410192925,"Southern district, Webster County, West Virginia",1585,1117,863,254,166,88,468,377,91
ACSSF,2009e5,wv,000,0033,0000284,060,54,103,06000US5410390794,"District 1, Wetzel County, West Virginia",2319,1779,1492,287,97,190,540,524,16
ACSSF,2009e5,wv,000,0033,0000285,060,54,103,06000US5410390830,"District 2, Wetzel County, West Virginia",2078,1651,1335,316,82,234,427,389,38
ACSSF,2009e5,wv,000,0033,0000286,060,54,103,06000US5410390867,"District 3, Wetzel County, West Virginia",2674,1511,1273,238,29,209,1163,994,169
ACSSF,2009e5,wv,000,0033,0000287,060,54,105,06000US5410590473,"Central district, Wirt County, West Virginia",973,678,495,183,75,108,295,259,36
ACSSF,2009e5,wv,000,0033,0000288,060,54,105,06000US5410592344,"Northeast district, Wirt County, West Virginia",851,540,527,13,0,13,311,261,50
ACSSF,2009e5,wv,000,0033,0000289,060,54,105,06000US5410592958,"Southwest district, Wirt County, West Virginia",708,550,509,41,26,15,158,132,26
ACSSF,2009e5,wv,000,0033,0000290,060,54,107,06000US5410790588,"Clay district, Wood County, West Virginia",2446,1686,1373,313,53,260,760,669,91
ACSSF,2009e5,wv,000,0033,0000291,060,54,107,06000US5410791560,"Harris district, Wood County, West Virginia",765,565,524,41,13,28,200,161,39
ACSSF,2009e5,wv,000,0033,0000292,060,54,107,06000US5410791980,"Lubeck district, Wood County, West Virginia",4224,3059,2411,648,267,381,1165,1009,156
ACSSF,2009e5,wv,000,0033,0000293,060,54,107,06000US5410792424,"Parkersburg district, Wood County, West Virginia",13250,7388,5035,2353,574,1779,5862,4986,876
ACSSF,2009e5,wv,000,0033,0000294,060,54,107,06000US5410792856,"Slate district, Wood County, West Virginia",1950,1516,1268,248,69,179,434,347,87
ACSSF,2009e5,wv,000,0033,0000295,060,54,107,06000US5410793024,"Steele district, Wood County, West Virginia",439,391,345,46,10,36,48,48,0
ACSSF,2009e5,wv,000,0033,0000296,060,54,107,06000US5410793180,"Tygart district, Wood County, West Virginia",5657,3682,2680,1002,193,809,1975,1643,332
ACSSF,2009e5,wv,000,0033,0000297,060,54,107,06000US5410793384,"Union district, Wood County, West Virginia",1985,1696,1507,189,129,60,289,233,56
ACSSF,2009e5,wv,000,0033,0000298,060,54,107,06000US5410793444,"Walker district, Wood County, West Virginia",392,309,303,6,0,6,83,83,0
ACSSF,2009e5,wv,000,0033,0000299,060,54,107,06000US5410793672,"Williams district, Wood County, West Virginia",5926,4205,3429,776,219,557,1721,1514,207
ACSSF,2009e5,wv,000,0033,0000300,060,54,109,06000US5410990795,"District 1, Wyoming County, West Virginia",3093,2238,1623,615,143,472,855,714,141
ACSSF,2009e5,wv,000,0033,0000301,060,54,109,06000US5410990831,"District 2, Wyoming County, West Virginia",3422,2485,2126,359,104,255,937,793,144
ACSSF,2009e5,wv,000,0033,0000302,060,54,109,06000US5410990868,"District 3, Wyoming County, West Virginia",3367,2501,1983,518,150,368,866,798,68
ACSSF,2009e5,wv,000,0033,0000303,070,54,001,07000US540019232863292,"Philippi city (part), North district, Barbour County, West Virginia",866,416,270,146,16,130,450,415,35
ACSSF,2009e5,wv,000,0033,0000304,070,54,001,07000US540019232899999,"Remainder of North district, North district, Barbour County, West Virginia",1684,1211,969,242,104,138,473,445,28
ACSSF,2009e5,wv,000,0033,0000305,070,54,001,07000US540019289205788,"Belington town, South district, Barbour County, West Virginia",746,579,428,151,54,97,167,148,19
ACSSF,2009e5,wv,000,0033,0000306,070,54,001,07000US540019289242244,"Junior town, South district, Barbour County, West Virginia",139,98,58,40,14,26,41,41,0
ACSSF,2009e5,wv,000,0033,0000307,070,54,001,07000US540019289299999,"Remainder of South district, South district, Barbour County, West Virginia",1129,854,684,170,43,127,275,264,11
ACSSF,2009e5,wv,000,0033,0000308,070,54,001,07000US540019358863292,"Philippi city (part), West district, Barbour County, West Virginia",364,229,148,81,33,48,135,61,74
ACSSF,2009e5,wv,000,0033,0000309,070,54,001,07000US540019358899999,"Remainder of West district, West district, Barbour County, West Virginia",1179,884,705,179,65,114,295,272,23
ACSSF,2009e5,wv,000,0033,0000310,070,54,003,07000US540039000652060,"Martinsburg city (part), Adam Stephens district, Berkeley County, West Virginia",5935,3091,1962,1129,257,872,2844,2319,525
ACSSF,2009e5,wv,000,0033,0000311,070,54,003,07000US540039000699999,"Remainder of Adam Stephens district, Adam Stephens district, Berkeley County, West Virginia",343,301,203,98,21,77,42,42,0
ACSSF,2009e5,wv,000,0033,0000312,070,54,003,07000US540039232236220,"Hedgesville town (part), Norborne district, Berkeley County, West Virginia",135,80,65,15,3,12,55,20,35
ACSSF,2009e5,wv,000,0033,0000313,070,54,003,07000US540039232252060,"Martinsburg city (part), Norborne district, Berkeley County, West Virginia",610,454,265,189,27,162,156,103,53
ACSSF,2009e5,wv,000,0033,0000314,070,54,003,07000US540039232299999,"Remainder of Norborne district, Norborne district, Berkeley County, West Virginia",2545,2029,1658,371,159,212,516,419,97
ACSSF,2009e5,wv,000,0033,0000315,070,54,003,07000US540039252652060,"Martinsburg city (part), Potomac district, Berkeley County, West Virginia",224,58,36,22,0,22,166,166,0
ACSSF,2009e5,wv,000,0033,0000316,070,54,003,07000US540039252699999,"Remainder of Potomac district, Potomac district, Berkeley County, West Virginia",5723,3985,3391,594,233,361,1738,1377,361
ACSSF,2009e5,wv,000,0033,0000317,070,54,003,07000US540039275440204,"Inwood CDP, Shenandoah district, Berkeley County, West Virginia",1089,804,627,177,74,103,285,217,68
ACSSF,2009e5,wv,000,0033,0000318,070,54,003,07000US540039275499999,"Remainder of Shenandoah district, Shenandoah district, Berkeley County, West Virginia",6309,4404,3347,1057,487,570,1905,1567,338
ACSSF,2009e5,wv,000,0033,0000319,070,54,003,07000US540039317152060,"Martinsburg city (part), Tuscarora district, Berkeley County, West Virginia",494,279,167,112,13,99,215,195,20
ACSSF,2009e5,wv,000,0033,0000320,070,54,003,07000US540039317199999,"Remainder of Tuscarora district, Tuscarora district, Berkeley County, West Virginia",6300,4416,3439,977,243,734,1884,1517,367
ACSSF,2009e5,wv,000,0033,0000321,070,54,003,07000US540039338836220,"Hedgesville town (part), Valley district, Berkeley County, West Virginia",0,0,0,0,0,0,0,0,0
ACSSF,2009e5,wv,000,0033,0000322,070,54,003,07000US540039338899999,"Remainder of Valley district, Valley district, Berkeley County, West Virginia",8450,5970,4631,1339,492,847,2480,2085,395
ACSSF,2009e5,wv,000,0033,0000323,070,54,005,07000US540059076278964,"Sylvester town, District 1, Boone County, West Virginia",75,50,41,9,6,3,25,22,3
ACSSF,2009e5,wv,000,0033,0000324,070,54,005,07000US540059076286836,"Whitesville town, District 1, Boone County, West Virginia",230,129,111,18,0,18,101,92,9
ACSSF,2009e5,wv,000,0033,0000325,070,54,005,07000US540059076299999,"District Remainder of 1, District 1, Boone County, West Virginia",3467,2559,2012,547,220,327,908,820,88
ACSSF,2009e5,wv,000,0033,0000326,070,54,005,07000US540059079650524,"Madison city (part), District 2, Boone County, West Virginia",185,160,111,49,25,24,25,25,0
ACSSF,2009e5,wv,000,0033,0000327,070,54,005,07000US540059079699999,"District Remainder of 2, District 2, Boone County, West Virginia",2827,2010,1705,305,141,164,817,733,84
ACSSF,2009e5,wv,000,0033,0000328,070,54,005,07000US540059083220212,"Danville town, District 3, Boone County, West Virginia",426,229,174,55,5,50,197,192,5
ACSSF,2009e5,wv,000,0033,0000329,070,54,005,07000US540059083250524,"Madison city (part), District 3, Boone County, West Virginia",990,599,471,128,24,104,391,352,39
ACSSF,2009e5,wv,000,0033,0000330,070,54,005,07000US540059083299999,"District Remainder of 3, District 3, Boone County, West Virginia",2365,1562,1273,289,73,216,803,630,173
ACSSF,2009e5,wv,000,0033,0000331,070,54,007,07000US540079096827868,"Flatwoods town (part), Eastern district, Braxton County, West Virginia",39,24,22,2,0,2,15,15,0
ACSSF,2009e5,wv,000,0033,0000332,070,54,007,07000US540079096878580,"Sutton town (part), Eastern district, Braxton County, West Virginia",455,295,169,126,20,106,160,152,8
ACSSF,2009e5,wv,000,0033,0000333,070,54,007,07000US540079096899999,"Remainder of Eastern district, Eastern district, Braxton County, West Virginia",857,501,460,41,16,25,356,246,110
ACSSF,2009e5,wv,000,0033,0000334,070,54,007,07000US540079234611716,"Burnsville town, Northern district, Braxton County, West Virginia",197,113,91,22,0,22,84,57,27
ACSSF,2009e5,wv,000,0033,0000335,070,54,007,07000US540079234627868,"Flatwoods town (part), Northern district, Braxton County, West Virginia",72,48,39,9,0,9,24,18,6
ACSSF,2009e5,wv,000,0033,0000336,070,54,007,07000US540079234699999,"Remainder of Northern district, Northern district, Braxton County, West Virginia",1123,720,566,154,35,119,403,352,51
ACSSF,2009e5,wv,000,0033,0000337,070,54,007,07000US540079292299999,"Southern district, Southern district, Braxton County, West Virginia",1799,1200,965,235,101,134,599,495,104
ACSSF,2009e5,wv,000,0033,0000338,070,54,007,07000US540079359730220,"Gassaway town, Western district, Braxton County, West Virginia",405,245,186,59,0,59,160,148,12
ACSSF,2009e5,wv,000,0033,0000339,070,54,007,07000US540079359778580,"Sutton town (part), Western district, Braxton County, West Virginia",83,52,31,21,16,5,31,24,7
ACSSF,2009e5,wv,000,0033,0000340,070,54,007,07000US540079359799999,"Remainder of Western district, Western district, Braxton County, West Virginia",1108,767,611,156,23,133,341,325,16
ACSSF,2009e5,wv,000,0033,0000341,070,54,009,07000US540099110428204,"Follansbee city (part), Follansbee district, Brooke County, West Virginia",1269,849,642,207,73,134,420,375,45
ACSSF,2009e5,wv,000,0033,0000342,070,54,009,07000US540099110438476,"Hooverson Heights CDP (part), Follansbee district, Brooke County, West Virginia",960,716,603,113,19,94,244,244,0
ACSSF,2009e5,wv,000,0033,0000343,070,54,009,07000US540099110499999,"Remainder of Follansbee district, Follansbee district, Brooke County, West Virginia",1544,1163,903,260,18,242,381,364,17
ACSSF,2009e5,wv,000,0033,0000344,070,54,009,07000US540099355228204,"Follansbee city (part), Weirton district, Brooke County, West Virginia",0,0,0,0,0,0,0,0,0
ACSSF,2009e5,wv,000,0033,0000345,070,54,009,07000US540099355238476,"Hooverson Heights CDP (part), Weirton district, Brooke County, West Virginia",372,164,144,20,20,0,208,139,69
ACSSF,2009e5,wv,000,0033,0000346,070,54,009,07000US540099355285156,"Weirton city (part), Weirton district, Brooke County, West Virginia",1712,1080,634,446,88,358,632,555,77
ACSSF,2009e5,wv,000,0033,0000347,070,54,009,07000US540099355299999,"Remainder of Weirton district, Weirton district, Brooke County, West Virginia",1098,835,780,55,40,15,263,205,58
ACSSF,2009e5,wv,000,0033,0000348,070,54,009,07000US540099356405452,"Beech Bottom village, Wellsburg district, Brooke County, West Virginia",197,116,72,44,8,36,81,68,13
ACSSF,2009e5,wv,000,0033,0000349,070,54,009,07000US540099356406844,"Bethany town, Wellsburg district, Brooke County, West Virginia",142,85,66,19,9,10,57,50,7
ACSSF,2009e5,wv,000,0033,0000350,070,54,009,07000US540099356485324,"Wellsburg city, Wellsburg district, Brooke County, West Virginia",1313,754,496,258,78,180,559,475,84
ACSSF,2009e5,wv,000,0033,0000351,070,54,009,07000US540099356487892,"Windsor Heights village, Wellsburg district, Brooke County, West Virginia",176,121,94,27,9,18,55,47,8
ACSSF,2009e5,wv,000,0033,0000352,070,54,009,07000US540099356499999,"Remainder of Wellsburg district, Wellsburg district, Brooke County, West Virginia",1223,914,767,147,56,91,309,299,10
ACSSF,2009e5,wv,000,0033,0000353,070,54,011,07000US540119076439460,"Huntington city (part), District 1, Cabell County, West Virginia",6080,3610,2533,1077,249,828,2470,2127,343
ACSSF,2009e5,wv,000,0033,0000354,070,54,011,07000US540119076499999,"District Remainder of 1, District 1, Cabell County, West Virginia",1970,1392,1127,265,141,124,578,552,26
ACSSF,2009e5,wv,000,0033,0000355,070,54,011,07000US540119079839460,"Huntington city (part), District 2, Cabell County, West Virginia",7485,3093,1972,1121,245,876,4392,3470,922
ACSSF,2009e5,wv,000,0033,0000356,070,54,011,07000US540119083404276,"Barboursville village (part), District 3, Cabell County, West Virginia",0,0,0,0,0,0,0,0,0
ACSSF,2009e5,wv,000,0033,0000357,070,54,011,07000US540119083439460,"Huntington city (part), District 3, Cabell County, West Virginia",6546,3541,2430,1111,292,819,3005,2049,956
ACSSF,2009e5,wv,000,0033,0000358,070,54,011,07000US540119083499999,"District Remainder of 3, District 3, Cabell County, West Virginia",845,557,369,188,75,113,288,245,43
ACSSF,2009e5,wv,000,0033,0000359,070,54,011,07000US540119087004276,"Barboursville village (part), District 4, Cabell County, West Virginia",1566,1011,819,192,31,161,555,503,52
ACSSF,2009e5,wv,000,0033,0000360,070,54,011,07000US540119087039460,"Huntington city (part), District 4, Cabell County, West Virginia",98,46,33,13,0,13,52,42,10
ACSSF,2009e5,wv,000,0033,0000361,070,54,011,07000US540119087062488,"Pea Ridge CDP, District 4, Cabell County, West Virginia",2842,1673,1479,194,27,167,1169,822,347
ACSSF,2009e5,wv,000,0033,0000362,070,54,011,07000US540119087099999,"District Remainder of 4, District 4, Cabell County, West Virginia",5414,4058,3281,777,124,653,1356,1185,171
ACSSF,2009e5,wv,000,0033,0000363,070,54,011,07000US540119088204276,"Barboursville village (part), District 5, Cabell County, West Virginia",0,0,0,0,0,0,0,0,0
ACSSF,2009e5,wv,000,0033,0000364,070,54,011,07000US540119088219516,"Culloden CDP (part), District 5, Cabell County, West Virginia",1006,675,500,175,92,83,331,254,77
ACSSF,2009e5,wv,000,0033,0000365,070,54,011,07000US540119088254484,"Milton town, District 5, Cabell County, West Virginia",1048,626,453,173,41,132,422,385,37
ACSSF,2009e5,wv,000,0033,0000366,070,54,011,07000US540119088299999,"District Remainder of 5, District 5, Cabell County, West Virginia",5771,4172,3467,705,178,527,1599,1359,240
ACSSF,2009e5,wv,000,0033,0000367,070,54,013,07000US540139076699999,"District 1, District 1, Calhoun County, West Virginia",576,389,312,77,44,33,187,187,0
ACSSF,2009e5,wv,000,0033,0000368,070,54,013,07000US540139080099999,"District 2, District 2, Calhoun County, West Virginia",591,338,241,97,52,45,253,205,48
ACSSF,2009e5,wv,000,0033,0000369,070,54,013,07000US540139083632884,"Grantsville town, District 3, Calhoun County, West Virginia",228,165,112,53,33,20,63,39,24
ACSSF,2009e5,wv,000,0033,0000370,070,54,013,07000US540139083699999,"District Remainder of 3, District 3, Calhoun County, West Virginia",331,211,163,48,14,34,120,120,0
ACSSF,2009e5,wv,000,0033,0000371,070,54,013,07000US540139087399999,"District 4, District 4, Calhoun County, West Virginia",679,491,319,172,64,108,188,164,24
ACSSF,2009e5,wv,000,0033,0000372,070,54,013,07000US540139088599999,"District 5, District 5, Calhoun County, West Virginia",730,570,473,97,60,37,160,126,34
ACSSF,2009e5,wv,000,0033,0000373,070,54,015,07000US540159089199999,"District A, District A, Clay County, West Virginia",1404,928,639,289,135,154,476,421,55
ACSSF,2009e5,wv,000,0033,0000374,070,54,015,07000US540159089315676,"Clay town, District B, Clay County, West Virginia",238,96,83,13,0,13,142,119,23
ACSSF,2009e5,wv,000,0033,0000375,070,54,015,07000US540159089399999,"District Remainder of B, District B, Clay County, West Virginia",962,717,515,202,87,115,245,221,24
ACSSF,2009e5,wv,000,0033,0000376,070,54,015,07000US540159089599999,"District C, District C, Clay County, West Virginia",1230,967,811,156,37,119,263,263,0
ACSSF,2009e5,wv,000,0033,0000377,070,54,017,07000US540179013899999,"Beech district, Beech district, Doddridge County, West Virginia",865,692,554,138,75,63,173,110,63
ACSSF,2009e5,wv,000,0033,0000378,070,54,017,07000US540179209486116,"West Union town (part), Maple district, Doddridge County, West Virginia",113,87,72,15,1,14,26,26,0
ACSSF,2009e5,wv,000,0033,0000379,070,54,017,07000US540179209499999,"Remainder of Maple district, Maple district, Doddridge County, West Virginia",449,325,209,116,29,87,124,96,28
ACSSF,2009e5,wv,000,0033,0000380,070,54,017,07000US540179237499999,"Oak district, Oak district, Doddridge County, West Virginia",596,399,363,36,9,27,197,185,12
ACSSF,2009e5,wv,000,0033,0000381,070,54,017,07000US540179246686116,"West Union town (part), Pine district, Doddridge County, West Virginia",172,104,68,36,7,29,68,61,7
ACSSF,2009e5,wv,000,0033,0000382,070,54,017,07000US540179246699999,"Remainder of Pine district, Pine district, Doddridge County, West Virginia",644,375,258,117,36,81,269,269,0
ACSSF,2009e5,wv,000,0033,0000383,070,54,019,07000US540199228001996,"Ansted town, New Haven district, Fayette County, West Virginia",627,417,339,78,17,61,210,188,22
ACSSF,2009e5,wv,000,0033,0000384,070,54,019,07000US540199228027028,"Fayetteville town, New Haven district, Fayette County, West Virginia",1078,717,517,200,81,119,361,296,65
ACSSF,2009e5,wv,000,0033,0000385,070,54,019,07000US540199228052780,"Meadow Bridge town, New Haven district, Fayette County, West Virginia",127,88,59,29,0,29,39,39,0
ACSSF,2009e5,wv,000,0033,0000386,070,54,019,07000US540199228060028,"Oak Hill city (part), New Haven district, Fayette County, West Virginia",23,15,15,0,0,0,8,8,0
ACSSF,2009e5,wv,000,0033,0000387,070,54,019,07000US540199228099999,"Remainder of New Haven district, New Haven district, Fayette County, West Virginia",4491,3208,2524,684,143,541,1283,1059,224
ACSSF,2009e5,wv,000,0033,0000388,070,54,019,07000US540199247256404,"Mount Hope city (part), Plateau district, Fayette County, West Virginia",699,456,279,177,41,136,243,205,38
ACSSF,2009e5,wv,000,0033,0000389,070,54,019,07000US540199247260028,"Oak Hill city (part), Plateau district, Fayette County, West Virginia",3566,2098,1588,510,161,349,1468,1381,87
ACSSF,2009e5,wv,000,0033,0000390,070,54,019,07000US540199247280284,"Thurmond town, Plateau district, Fayette County, West Virginia",2,0,0,0,0,0,2,2,0
ACSSF,2009e5,wv,000,0033,0000391,070,54,019,07000US540199247299999,"Remainder of Plateau district, Plateau district, Fayette County, West Virginia",2725,1881,1500,381,97,284,844,747,97
ACSSF,2009e5,wv,000,0033,0000392,070,54,019,07000US540199339630364,"Gauley Bridge town, Valley district, Fayette County, West Virginia",263,196,112,84,14,70,67,64,3
ACSSF,2009e5,wv,000,0033,0000393,070,54,019,07000US540199339655468,"Montgomery city (part), Valley district, Fayette County, West Virginia",406,187,95,92,3,89,219,196,23
ACSSF,2009e5,wv,000,0033,0000394,070,54,019,07000US540199339656404,"Mount Hope city (part), Valley district, Fayette County, West Virginia",0,0,0,0,0,0,0,0,0
ACSSF,2009e5,wv,000,0033,0000395,070,54,019,07000US540199339660028,"Oak Hill city (part), Valley district, Fayette County, West Virginia",0,0,0,0,0,0,0,0,0
ACSSF,2009e5,wv,000,0033,0000396,070,54,019,07000US540199339662356,"Pax town, Valley district, Fayette County, West Virginia",61,42,34,8,0,8,19,19,0
ACSSF,2009e5,wv,000,0033,0000397,070,54,019,07000US540199339665284,"Powellton CDP, Valley district, Fayette County, West Virginia",748,543,417,126,53,73,205,148,57
ACSSF,2009e5,wv,000,0033,0000398,070,54,019,07000US540199339674740,"Smithers city (part), Valley district, Fayette County, West Virginia",402,214,84,130,41,89,188,173,15
ACSSF,2009e5,wv,000,0033,0000399,070,54,019,07000US540199339699999,"Remainder of Valley district, Valley district, Fayette County, West Virginia",3669,2745,2077,668,207,461,924,847,77
ACSSF,2009e5,wv,000,0033,0000400,070,54,021,07000US540219040899999,"Center district, Center district, Gilmer County, West Virginia",624,466,340,126,29,97,158,135,23
ACSSF,2009e5,wv,000,0033,0000401,070,54,021,07000US540219053432044,"Glenville town, City district, Gilmer County, West Virginia",521,211,113,98,30,68,310,216,94
ACSSF,2009e5,wv,000,0033,0000402,070,54,021,07000US540219053499999,"Remainder of City district, City district, Gilmer County, West Virginia",22,22,22,0,0,0,0,0,0
ACSSF,2009e5,wv,000,0033,0000403,070,54,021,07000US540219075899999,"De Kalb-Troy district, De Kalb-Troy district, Gilmer County, West Virginia",608,390,363,27,0,27,218,141,77
ACSSF,2009e5,wv,000,0033,0000404,070,54,021,07000US540219123671620,"Sand Fork town, Glenville district, Gilmer County, West Virginia",78,55,21,34,0,34,23,8,15
ACSSF,2009e5,wv,000,0033,0000405,070,54,021,07000US540219123699999,"Remainder of Glenville district, Glenville district, Gilmer County, West Virginia",354,221,186,35,14,21,133,124,9
ACSSF,2009e5,wv,000,0033,0000406,070,54,023,07000US540239129662956,"Petersburg city (part), Grant district, Grant County, West Virginia",0,0,0,0,0,0,0,0,0
ACSSF,2009e5,wv,000,0033,0000407,070,54,023,07000US540239129699999,"Remainder of Grant district, Grant district, Grant County, West Virginia",1592,1228,1079,149,9,140,364,294,70
ACSSF,2009e5,wv,000,0033,0000408,070,54,023,07000US540239220862956,"Petersburg city (part), Milroy district, Grant County, West Virginia",1292,716,535,181,68,113,576,478,98
ACSSF,2009e5,wv,000,0033,0000409,070,54,023,07000US540239220899999,"Remainder of Milroy district, Milroy district, Grant County, West Virginia",772,510,343,167,102,65,262,239,23
ACSSF,2009e5,wv,000,0033,0000410,070,54,023,07000US540239321604924,"Bayard town, Union district, Grant County, West Virginia",159,107,86,21,9,12,52,29,23
ACSSF,2009e5,wv,000,0033,0000411,070,54,023,07000US540239321699999,"Remainder of Union district, Union district, Grant County, West Virginia",1394,1057,929,128,47,81,337,321,16
ACSSF,2009e5,wv,000,0033,0000412,070,54,025,07000US540259044926428,"Fairlea CDP, Central district, Greenbrier County, West Virginia",758,499,335,164,56,108,259,224,35
ACSSF,2009e5,wv,000,0033,0000413,070,54,025,07000US540259044946636,"Lewisburg city, Central district, Greenbrier County, West Virginia",1767,882,778,104,40,64,885,760,125
ACSSF,2009e5,wv,000,0033,0000414,070,54,025,07000US540259044970156,"Ronceverte city (part), Central district, Greenbrier County, West Virginia",321,198,143,55,6,49,123,100,23
ACSSF,2009e5,wv,000,0033,0000415,070,54,025,07000US540259044999999,"Remainder of Central district, Central district, Greenbrier County, West Virginia",2560,1895,1400,495,111,384,665,510,155
ACSSF,2009e5,wv,000,0033,0000416,070,54,025,07000US540259097200772,"Alderson town (part), Eastern district, Greenbrier County, West Virginia",483,280,196,84,3,81,203,135,68
ACSSF,2009e5,wv,000,0033,0000417,070,54,025,07000US540259097226692,"Falling Spring town, Eastern district, Greenbrier County, West Virginia",78,56,47,9,3,6,22,15,7
ACSSF,2009e5,wv,000,0033,0000418,070,54,025,07000US540259097270156,"Ronceverte city (part), Eastern district, Greenbrier County, West Virginia",473,270,194,76,19,57,203,177,26
ACSSF,2009e5,wv,000,0033,0000419,070,54,025,07000US540259097286812,"White Sulphur Springs city, Eastern district, Greenbrier County, West Virginia",1155,778,477,301,114,187,377,336,41
ACSSF,2009e5,wv,000,0033,0000420,070,54,025,07000US540259097299999,"Remainder of Eastern district, Eastern district, Greenbrier County, West Virginia",3020,2059,1569,490,132,358,961,775,186
ACSSF,2009e5,wv,000,0033,0000421,070,54,025,07000US540259360166412,"Quinwood town, Western district, Greenbrier County, West Virginia",170,117,88,29,10,19,53,45,8
ACSSF,2009e5,wv,000,0033,0000422,070,54,025,07000US540259360166652,"Rainelle town, Western district, Greenbrier County, West Virginia",847,543,371,172,26,146,304,274,30
ACSSF,2009e5,wv,000,0033,0000423,070,54,025,07000US540259360170828,"Rupert town, Western district, Greenbrier County, West Virginia",444,270,156,114,20,94,174,137,37
ACSSF,2009e5,wv,000,0033,0000424,070,54,025,07000US540259360199999,"Remainder of Western district, Western district, Greenbrier County, West Virginia",3427,2241,1729,512,164,348,1186,1026,160
ACSSF,2009e5,wv,000,0033,0000425,070,54,027,07000US540279020413108,"Capon Bridge town (part), Bloomery district, Hampshire County, West Virginia",24,10,3,7,4,3,14,11,3
ACSSF,2009e5,wv,000,0033,0000426,070,54,027,07000US540279020499999,"Remainder of Bloomery district, Bloomery district, Hampshire County, West Virginia",1018,769,621,148,95,53,249,237,12
ACSSF,2009e5,wv,000,0033,0000427,070,54,027,07000US540279036013108,"Capon Bridge town (part), Capon district, Hampshire County, West Virginia",99,67,43,24,4,20,32,32,0
ACSSF,2009e5,wv,000,0033,0000428,070,54,027,07000US540279036099999,"Remainder of Capon district, Capon district, Hampshire County, West Virginia",833,485,423,62,11,51,348,310,38
ACSSF,2009e5,wv,000,0033,0000429,070,54,027,07000US540279124899999,"Gore district, Gore district, Hampshire County, West Virginia",1841,1290,1021,269,53,216,551,483,68
ACSSF,2009e5,wv,000,0033,0000430,070,54,027,07000US540279218499999,"Mill Creek district, Mill Creek district, Hampshire County, West Virginia",523,398,296,102,18,84,125,111,14
ACSSF,2009e5,wv,000,0033,0000431,070,54,027,07000US540279267670084,"Romney city, Romney district, Hampshire County, West Virginia",918,377,283,94,11,83,541,485,56
ACSSF,2009e5,wv,000,0033,0000432,070,54,027,07000US540279267699999,"Remainder of Romney district, Romney district, Hampshire County, West Virginia",709,479,290,189,12,177,230,214,16
ACSSF,2009e5,wv,000,0033,0000433,070,54,027,07000US540279282099999,"Sherman district, Sherman district, Hampshire County, West Virginia",1777,1100,890,210,84,126,677,572,105
ACSSF,2009e5,wv,000,0033,0000434,070,54,027,07000US540279298899999,"Springfield district, Springfield district, Hampshire County, West Virginia",1109,805,625,180,22,158,304,259,45
ACSSF,2009e5,wv,000,0033,0000435,070,54,029,07000US540299031285156,"Weirton city (part), Butler district, Hancock County, West Virginia",4550,2940,2290,650,186,464,1610,1484,126
ACSSF,2009e5,wv,000,0033,0000436,070,54,029,07000US540299054058372,"New Cumberland city, Clay district, Hancock County, West Virginia",497,300,207,93,37,56,197,183,14
ACSSF,2009e5,wv,000,0033,0000437,070,54,029,07000US540299054085156,"Weirton city (part), Clay district, Hancock County, West Virginia",2534,1534,900,634,176,458,1000,768,232
ACSSF,2009e5,wv,000,0033,0000438,070,54,029,07000US540299054099999,"Remainder of Clay district, Clay district, Hancock County, West Virginia",1455,1253,1079,174,71,103,202,202,0
ACSSF,2009e5,wv,000,0033,0000439,070,54,029,07000US540299130815076,"Chester city, Grant district, Hancock County, West Virginia",1192,617,468,149,12,137,575,521,54
ACSSF,2009e5,wv,000,0033,0000440,070,54,029,07000US540299130858420,"Newell CDP, Grant district, Hancock County, West Virginia",592,407,252,155,55,100,185,185,0
ACSSF,2009e5,wv,000,0033,0000441,070,54,029,07000US540299130899999,"Remainder of Grant district, Grant district, Hancock County, West Virginia",2609,1994,1653,341,63,278,615,475,140
ACSSF,2009e5,wv,000,0033,0000442,070,54,031,07000US540319037284580,"Wardensville town, Capon district, Hardy County, West Virginia",135,86,66,20,9,11,49,40,9
ACSSF,2009e5,wv,000,0033,0000443,070,54,031,07000US540319037299999,"Remainder of Capon district, Capon district, Hardy County, West Virginia",832,541,467,74,15,59,291,253,38
ACSSF,2009e5,wv,000,0033,0000444,070,54,031,07000US540319196899999,"Lost River district, Lost River district, Hardy County, West Virginia",1027,679,525,154,65,89,348,294,54
ACSSF,2009e5,wv,000,0033,0000445,070,54,031,07000US540319223255588,"Moorefield town (part), Moorefield district, Hardy County, West Virginia",778,485,332,153,22,131,293,257,36
ACSSF,2009e5,wv,000,0033,0000446,070,54,031,07000US540319223299999,"Remainder of Moorefield district, Moorefield district, Hardy County, West Virginia",212,119,62,57,31,26,93,93,0
ACSSF,2009e5,wv,000,0033,0000447,070,54,031,07000US540319238255588,"Moorefield town (part), Old Fields district, Hardy County, West Virginia",367,196,108,88,6,82,171,143,28
ACSSF,2009e5,wv,000,0033,0000448,070,54,031,07000US540319238299999,"Remainder of Old Fields district, Old Fields district, Hardy County, West Virginia",570,444,405,39,23,16,126,126,0
ACSSF,2009e5,wv,000,0033,0000449,070,54,031,07000US540319292855588,"Moorefield town (part), South Fork district, Hardy County, West Virginia",0,0,0,0,0,0,0,0,0
ACSSF,2009e5,wv,000,0033,0000450,070,54,031,07000US540319292899999,"Remainder of South Fork district, South Fork district, Hardy County, West Virginia",874,558,496,62,39,23,316,282,34
ACSSF,2009e5,wv,000,0033,0000451,070,54,033,07000US540339097501900,"Anmoore town (part), Eastern district, Harrison County, West Virginia",38,22,6,16,0,16,16,9,7
ACSSF,2009e5,wv,000,0033,0000452,070,54,033,07000US540339097510180,"Bridgeport city (part), Eastern district, Harrison County, West Virginia",3022,2205,1820,385,148,237,817,746,71
ACSSF,2009e5,wv,000,0033,0000453,070,54,033,07000US540339097515628,"Clarksburg city (part), Eastern district, Harrison County, West Virginia",17,17,0,17,17,0,0,0,0
ACSSF,2009e5,wv,000,0033,0000454,070,54,033,07000US540339097521316,"Despard CDP (part), Eastern district, Harrison County, West Virginia",288,247,154,93,0,93,41,41,0
ACSSF,2009e5,wv,000,0033,0000455,070,54,033,07000US540339097599999,"Remainder of Eastern district, Eastern district, Harrison County, West Virginia",1549,1190,905,285,38,247,359,328,31
ACSSF,2009e5,wv,000,0033,0000456,070,54,033,07000US540339235210180,"Bridgeport city (part), Northern district, Harrison County, West Virginia",0,0,0,0,0,0,0,0,0
ACSSF,2009e5,wv,000,0033,0000457,070,54,033,07000US540339235225516,"Enterprise CDP, Northern district, Harrison County, West Virginia",420,389,306,83,23,60,31,25,6
ACSSF,2009e5,wv,000,0033,0000458,070,54,033,07000US540339235249252,"Lumberport town (part), Northern district, Harrison County, West Virginia",386,310,227,83,14,69,76,63,13
ACSSF,2009e5,wv,000,0033,0000459,070,54,033,07000US540339235273636,"Shinnston city, Northern district, Harrison County, West Virginia",1016,710,597,113,9,104,306,283,23
ACSSF,2009e5,wv,000,0033,0000460,070,54,033,07000US540339235299999,"Remainder of Northern district, Northern district, Harrison County, West Virginia",2444,1924,1596,328,141,187,520,441,79
ACSSF,2009e5,wv,000,0033,0000461,070,54,033,07000US540339236815628,"Clarksburg city (part), North Urban district, Harrison County, West Virginia",3400,1892,1208,684,106,578,1508,1338,170
ACSSF,2009e5,wv,000,0033,0000462,070,54,033,07000US540339236821316,"Despard CDP (part), North Urban district, Harrison County, West Virginia",93,24,18,6,0,6,69,53,16
ACSSF,2009e5,wv,000,0033,0000463,070,54,033,07000US540339236849252,"Lumberport town (part), North Urban district, Harrison County, West Virginia",79,66,14,52,10,42,13,7,6
ACSSF,2009e5,wv,000,0033,0000464,070,54,033,07000US540339236899999,"Remainder of North Urban district, North Urban district, Harrison County, West Virginia",1295,874,621,253,71,182,421,377,44
ACSSF,2009e5,wv,000,0033,0000465,070,54,033,07000US540339292301900,"Anmoore town (part), Southern district, Harrison County, West Virginia",308,208,122,86,15,71,100,100,0
ACSSF,2009e5,wv,000,0033,0000466,070,54,033,07000US540339292310180,"Bridgeport city (part), Southern district, Harrison County, West Virginia",117,80,58,22,0,22,37,28,9
ACSSF,2009e5,wv,000,0033,0000467,070,54,033,07000US540339292315628,"Clarksburg city (part), Southern district, Harrison County, West Virginia",461,420,231,189,68,121,41,41,0
ACSSF,2009e5,wv,000,0033,0000468,070,54,033,07000US540339292348748,"Lost Creek town, Southern district, Harrison County, West Virginia",154,118,65,53,3,50,36,30,6
ACSSF,2009e5,wv,000,0033,0000469,070,54,033,07000US540339292359836,"Nutter Fort town, Southern district, Harrison County, West Virginia",803,460,348,112,24,88,343,250,93
ACSSF,2009e5,wv,000,0033,0000470,070,54,033,07000US540339292377188,"Stonewood city, Southern district, Harrison County, West Virginia",971,560,391,169,12,157,411,361,50
ACSSF,2009e5,wv,000,0033,0000471,070,54,033,07000US540339292399999,"Remainder of Southern district, Southern district, Harrison County, West Virginia",2182,1734,1566,168,46,122,448,418,30
ACSSF,2009e5,wv,000,0033,0000472,070,54,033,07000US540339293215628,"Clarksburg city (part), South Urban district, Harrison County, West Virginia",3456,2034,1586,448,117,331,1422,1205,217
ACSSF,2009e5,wv,000,0033,0000473,070,54,033,07000US540339293299999,"Remainder of South Urban district, South Urban district, Harrison County, West Virginia",1555,949,752,197,26,171,606,606,0
ACSSF,2009e5,wv,000,0033,0000474,070,54,033,07000US540339295271380,"Salem city, Southwest district, Harrison County, West Virginia",727,370,253,117,24,93,357,291,66
ACSSF,2009e5,wv,000,0033,0000475,070,54,033,07000US540339295285924,"West Milford town, Southwest district, Harrison County, West Virginia",312,262,195,67,13,54,50,47,3
ACSSF,2009e5,wv,000,0033,0000476,070,54,033,07000US540339295299999,"Remainder of Southwest district, Southwest district, Harrison County, West Virginia",3117,2313,1918,395,84,311,804,635,169
ACSSF,2009e5,wv,000,0033,0000477,070,54,035,07000US540359097668596,"Ripley city (part), Eastern district, Jackson County, West Virginia",1108,682,579,103,51,52,426,299,127
ACSSF,2009e5,wv,000,0033,0000478,070,54,035,07000US540359097699999,"Remainder of Eastern district, Eastern district, Jackson County, West Virginia",2577,1973,1600,373,149,224,604,426,178
ACSSF,2009e5,wv,000,0033,0000479,070,54,035,07000US540359235367108,"Ravenswood city, Northern district, Jackson County, West Virginia",1755,1090,821,269,36,233,665,540,125
ACSSF,2009e5,wv,000,0033,0000480,070,54,035,07000US540359235399999,"Remainder of Northern district, Northern district, Jackson County, West Virginia",1837,1443,1198,245,102,143,394,302,92
ACSSF,2009e5,wv,000,0033,0000481,070,54,035,07000US540359360568596,"Ripley city (part), Western district, Jackson County, West Virginia",20,20,20,0,0,0,0,0,0
ACSSF,2009e5,wv,000,0033,0000482,070,54,035,07000US540359360599999,"Remainder of Western district, Western district, Jackson County, West Virginia",3954,3010,2488,522,161,361,944,837,107
ACSSF,2009e5,wv,000,0033,0000483,070,54,037,07000US540379050414610,"Charles Town city (part), Charles Town district, Jefferson County, West Virginia",1848,1038,866,172,55,117,810,627,183
ACSSF,2009e5,wv,000,0033,0000484,070,54,037,07000US540379050466988,"Ranson corporation, Charles Town district, Jefferson County, West Virginia",1859,1286,754,532,100,432,573,455,118
ACSSF,2009e5,wv,000,0033,0000485,070,54,037,07000US540379050499999,"Remainder of Charles Town district, Charles Town district, Jefferson County, West Virginia",1239,740,570,170,86,84,499,365,134
ACSSF,2009e5,wv,000,0033,0000486,070,54,037,07000US540379154808932,"Bolivar town, Harpers Ferry district, Jefferson County, West Virginia",414,211,167,44,5,39,203,171,32
ACSSF,2009e5,wv,000,0033,0000487,070,54,037,07000US540379154814610,"Charles Town city (part), Harpers Ferry district, Jefferson County, West Virginia",38,27,13,14,0,14,11,11,0
ACSSF,2009e5,wv,000,0033,0000488,070,54,037,07000US540379154835284,"Harpers Ferry town (part), Harpers Ferry district, Jefferson County, West Virginia",116,50,50,0,0,0,66,55,11
ACSSF,2009e5,wv,000,0033,0000489,070,54,037,07000US540379154899999,"Remainder of Harpers Ferry district, Harpers Ferry district, Jefferson County, West Virginia",2850,2097,1830,267,114,153,753,487,266
ACSSF,2009e5,wv,000,0033,0000490,070,54,037,07000US540379174014610,"Charles Town city (part), Kabletown district, Jefferson County, West Virginia",0,0,0,0,0,0,0,0,0
ACSSF,2009e5,wv,000,0033,0000491,070,54,037,07000US540379174099999,"Remainder of Kabletown district, Kabletown district, Jefferson County, West Virginia",4290,3352,2736,616,228,388,938,821,117
ACSSF,2009e5,wv,000,0033,0000492,070,54,037,07000US540379216014610,"Charles Town city (part), Middleway district, Jefferson County, West Virginia",0,0,0,0,0,0,0,0,0
ACSSF,2009e5,wv,000,0033,0000493,070,54,037,07000US540379216099999,"Remainder of Middleway district, Middleway district, Jefferson County, West Virginia",3493,2557,1935,622,238,384,936,741,195
ACSSF,2009e5,wv,000,0033,0000494,070,54,037,07000US540379276035284,"Harpers Ferry town (part), Shepherdstown district, Jefferson County, West Virginia",0,0,0,0,0,0,0,0,0
ACSSF,2009e5,wv,000,0033,0000495,070,54,037,07000US540379276073468,"Shepherdstown town, Shepherdstown district, Jefferson County, West Virginia",321,153,99,54,13,41,168,120,48
ACSSF,2009e5,wv,000,0033,0000496,070,54,037,07000US540379276099999,"Remainder of Shepherdstown district, Shepherdstown district, Jefferson County, West Virginia",3023,2184,1966,218,114,104,839,523,316
ACSSF,2009e5,wv,000,0033,0000497,070,54,039,07000US540399076805836,"Belle town, District 1, Kanawha County, West Virginia",573,335,231,104,22,82,238,227,11
ACSSF,2009e5,wv,000,0033,0000498,070,54,039,07000US540399076813924,"Cedar Grove town, District 1, Kanawha County, West Virginia",358,253,139,114,30,84,105,76,29
ACSSF,2009e5,wv,000,0033,0000499,070,54,039,07000US540399076814600,"Charleston city (part), District 1, Kanawha County, West Virginia",8340,3676,2675,1001,160,841,4664,4028,636
ACSSF,2009e5,wv,000,0033,0000500,070,54,039,07000US540399076815028,"Chesapeake town, District 1, Kanawha County, West Virginia",682,421,294,127,37,90,261,215,46
ACSSF,2009e5,wv,000,0033,0000501,070,54,039,07000US540399076816612,"Coal Fork CDP (part), District 1, Kanawha County, West Virginia",589,450,383,67,0,67,139,134,5
ACSSF,2009e5,wv,000,0033,0000502,070,54,039,07000US540399076823092,"East Bank town, District 1, Kanawha County, West Virginia",306,235,123,112,31,81,71,63,8
ACSSF,2009e5,wv,000,0033,0000503,070,54,039,07000US540399076831324,"Glasgow town, District 1, Kanawha County, West Virginia",301,197,185,12,0,12,104,96,8
ACSSF,2009e5,wv,000,0033,0000504,070,54,039,07000US540399076834756,"Handley town, District 1, Kanawha County, West Virginia",170,64,36,28,12,16,106,97,9
ACSSF,2009e5,wv,000,0033,0000505,070,54,039,07000US540399076851724,"Marmet city, District 1, Kanawha County, West Virginia",751,518,379,139,41,98,233,208,25
ACSSF,2009e5,wv,000,0033,0000506,070,54,039,07000US540399076855468,"Montgomery city (part), District 1, Kanawha County, West Virginia",305,213,131,82,13,69,92,86,6
ACSSF,2009e5,wv,000,0033,0000507,070,54,039,07000US540399076865356,"Pratt town, District 1, Kanawha County, West Virginia",181,161,127,34,11,23,20,16,4
ACSSF,2009e5,wv,000,0033,0000508,070,54,039,07000US540399076874740,"Smithers city (part), District 1, Kanawha County, West Virginia",0,0,0,0,0,0,0,0,0
ACSSF,2009e5,wv,000,0033,0000509,070,54,039,07000US540399076899999,"District Remainder of 1, District 1, Kanawha County, West Virginia",7360,5010,3847,1163,272,891,2350,2011,339
ACSSF,2009e5,wv,000,0033,0000510,070,54,039,07000US540399080414600,"Charleston city (part), District 2, Kanawha County, West Virginia",8394,5244,4171,1073,265,808,3150,2763,387
ACSSF,2009e5,wv,000,0033,0000511,070,54,039,07000US540399080422564,"Dunbar city (part), District 2, Kanawha County, West Virginia",3504,1946,1356,590,92,498,1558,1345,213
ACSSF,2009e5,wv,000,0033,0000512,070,54,039,07000US540399080471212,"St. Albans city (part), District 2, Kanawha County, West Virginia",0,0,0,0,0,0,0,0,0
ACSSF,2009e5,wv,000,0033,0000513,070,54,039,07000US540399080475292,"South Charleston city, District 2, Kanawha County, West Virginia",5696,3505,2401,1104,162,942,2191,2043,148
ACSSF,2009e5,wv,000,0033,0000514,070,54,039,07000US540399080499999,"District Remainder of 2, District 2, Kanawha County, West Virginia",3853,2387,1964,423,192,231,1466,1224,242
ACSSF,2009e5,wv,000,0033,0000515,070,54,039,07000US540399084019108,"Cross Lanes CDP, District 3, Kanawha County, West Virginia",4528,2637,2091,546,81,465,1891,1637,254
ACSSF,2009e5,wv,000,0033,0000516,070,54,039,07000US540399084022564,"Dunbar city (part), District 3, Kanawha County, West Virginia",0,0,0,0,0,0,0,0,0
ACSSF,2009e5,wv,000,0033,0000517,070,54,039,07000US540399084059068,"Nitro city (part), District 3, Kanawha County, West Virginia",2304,1504,941,563,147,416,800,708,92
ACSSF,2009e5,wv,000,0033,0000518,070,54,039,07000US540399084071212,"St. Albans city (part), District 3, Kanawha County, West Virginia",4989,3044,2242,802,190,612,1945,1729,216
ACSSF,2009e5,wv,000,0033,0000519,070,54,039,07000US540399084074356,"Sissonville CDP (part), District 3, Kanawha County, West Virginia",240,185,185,0,0,0,55,55,0
ACSSF,2009e5,wv,000,0033,0000520,070,54,039,07000US540399084080764,"Tornado CDP, District 3, Kanawha County, West Virginia",561,487,406,81,21,60,74,74,0
ACSSF,2009e5,wv,000,0033,0000521,070,54,039,07000US540399084099999,"District Remainder of 3, District 3, Kanawha County, West Virginia",8463,6182,4717,1465,418,1047,2281,1947,334
ACSSF,2009e5,wv,000,0033,0000522,070,54,039,07000US540399087614600,"Charleston city (part), District 4, Kanawha County, West Virginia",6967,3578,2067,1511,263,1248,3389,2843,546
ACSSF,2009e5,wv,000,0033,0000523,070,54,039,07000US540399087616012,"Clendenin town, District 4, Kanawha County, West Virginia",497,377,248,129,9,120,120,108,12
ACSSF,2009e5,wv,000,0033,0000524,070,54,039,07000US540399087616612,"Coal Fork CDP (part), District 4, Kanawha County, West Virginia",0,0,0,0,0,0,0,0,0
ACSSF,2009e5,wv,000,0033,0000525,070,54,039,07000US540399087624748,"Elkview CDP, District 4, Kanawha County, West Virginia",581,417,351,66,14,52,164,164,0
ACSSF,2009e5,wv,000,0033,0000526,070,54,039,07000US540399087663772,"Pinch CDP, District 4, Kanawha County, West Virginia",1107,899,784,115,0,115,208,191,17
ACSSF,2009e5,wv,000,0033,0000527,070,54,039,07000US540399087674356,"Sissonville CDP (part), District 4, Kanawha County, West Virginia",1675,1158,911,247,27,220,517,438,79
ACSSF,2009e5,wv,000,0033,0000528,070,54,039,07000US540399087699999,"District Remainder of 4, District 4, Kanawha County, West Virginia",10315,6992,5517,1475,336,1139,3323,2905,418
ACSSF,2009e5,wv,000,0033,0000529,070,54,041,07000US540419067685972,"Weston city (part), Courthouse-Collins Settlement district, Lewis County, West Virginia",841,550,457,93,24,69,291,291,0
ACSSF,2009e5,wv,000,0033,0000530,070,54,041,07000US540419067699999,"Remainder of Courthouse-Collins Settlement district, Courthouse-Collins Settlement district, Lewis County, West Virginia",1292,958,733,225,74,151,334,274,60
ACSSF,2009e5,wv,000,0033,0000531,070,54,041,07000US540419117685972,"Weston city (part), Freemans Creek district, Lewis County, West Virginia",609,317,209,108,22,86,292,264,28
ACSSF,2009e5,wv,000,0033,0000532,070,54,041,07000US540419117699999,"Remainder of Freemans Creek district, Freemans Creek district, Lewis County, West Virginia",1580,1023,944,79,39,40,557,458,99
ACSSF,2009e5,wv,000,0033,0000533,070,54,041,07000US540419148040828,"Jane Lew town, Hackers Creek-Skin Creek district, Lewis County, West Virginia",205,85,62,23,0,23,120,111,9
ACSSF,2009e5,wv,000,0033,0000534,070,54,041,07000US540419148085972,"Weston city (part), Hackers Creek-Skin Creek district, Lewis County, West Virginia",345,235,100,135,0,135,110,110,0
ACSSF,2009e5,wv,000,0033,0000535,070,54,041,07000US540419148099999,"Remainder of Hackers Creek-Skin Creek district, Hackers Creek-Skin Creek district, Lewis County, West Virginia",1948,1215,1059,156,93,63,733,531,202
ACSSF,2009e5,wv,000,0033,0000536,070,54,043,07000US540439038434516,"Hamlin town, Carroll district, Lincoln County, West Virginia",556,320,170,150,45,105,236,208,28
ACSSF,2009e5,wv,000,0033,0000537,070,54,043,07000US540439038499999,"Remainder of Carroll district, Carroll district, Lincoln County, West Virginia",980,773,578,195,92,103,207,193,14
ACSSF,2009e5,wv,000,0033,0000538,070,54,043,07000US540439096001396,"Alum Creek CDP (part), Duval district, Lincoln County, West Virginia",0,0,0,0,0,0,0,0,0
ACSSF,2009e5,wv,000,0033,0000539,070,54,043,07000US540439096099999,"Remainder of Duval district, Duval district, Lincoln County, West Virginia",1232,1078,939,139,46,93,154,137,17
ACSSF,2009e5,wv,000,0033,0000540,070,54,043,07000US540439157235596,"Harts CDP (part), Harts Creek district, Lincoln County, West Virginia",937,773,512,261,54,207,164,132,32
ACSSF,2009e5,wv,000,0033,0000541,070,54,043,07000US540439157299999,"Remainder of Harts Creek district, Harts Creek district, Lincoln County, West Virginia",578,416,308,108,40,68,162,137,25
ACSSF,2009e5,wv,000,0033,0000542,070,54,043,07000US540439170499999,"Jefferson district, Jefferson district, Lincoln County, West Virginia",501,433,353,80,33,47,68,65,3
ACSSF,2009e5,wv,000,0033,0000543,070,54,043,07000US540439181235596,"Harts CDP (part), Laurel Hill district, Lincoln County, West Virginia",3,3,3,0,0,0,0,0,0
ACSSF,2009e5,wv,000,0033,0000544,070,54,043,07000US540439181299999,"Remainder of Laurel Hill district, Laurel Hill district, Lincoln County, West Virginia",842,695,505,190,45,145,147,147,0
ACSSF,2009e5,wv,000,0033,0000545,070,54,043,07000US540439278485804,"West Hamlin town, Sheridan district, Lincoln County, West Virginia",322,186,109,77,14,63,136,136,0
ACSSF,2009e5,wv,000,0033,0000546,070,54,043,07000US540439278499999,"Remainder of Sheridan district, Sheridan district, Lincoln County, West Virginia",1455,1119,767,352,115,237,336,302,34
ACSSF,2009e5,wv,000,0033,0000547,070,54,043,07000US540439324099999,"Union district, Union district, Lincoln County, West Virginia",138,37,37,0,0,0,101,101,0
ACSSF,2009e5,wv,000,0033,0000548,070,54,043,07000US540439351601396,"Alum Creek CDP (part), Washington district, Lincoln County, West Virginia",673,507,395,112,0,112,166,148,18
ACSSF,2009e5,wv,000,0033,0000549,070,54,043,07000US540439351699999,"Remainder of Washington district, Washington district, Lincoln County, West Virginia",590,268,211,57,0,57,322,305,17
ACSSF,2009e5,wv,000,0033,0000550,070,54,045,07000US540459045337948,"Holden CDP (part), Central district, Logan County, West Virginia",188,181,126,55,0,55,7,7,0
ACSSF,2009e5,wv,000,0033,0000551,070,54,045,07000US540459045348148,"Logan city, Central district, Logan County, West Virginia",829,486,285,201,36,165,343,328,15
ACSSF,2009e5,wv,000,0033,0000552,070,54,045,07000US540459045354892,"Mitchell Heights town, Central district, Logan County, West Virginia",175,125,106,19,0,19,50,50,0
ACSSF,2009e5,wv,000,0033,0000553,070,54,045,07000US540459045356342,"Mount Gay-Shamrock CDP (part), Central district, Logan County, West Virginia",652,471,327,144,46,98,181,154,27
ACSSF,2009e5,wv,000,0033,0000554,070,54,045,07000US540459045385900,"West Logan town, Central district, Logan County, West Virginia",231,140,99,41,6,35,91,80,11
ACSSF,2009e5,wv,000,0033,0000555,070,54,045,07000US540459045399999,"Remainder of Central district, Central district, Logan County, West Virginia",2794,1979,1462,517,141,376,815,664,151
ACSSF,2009e5,wv,000,0033,0000556,070,54,045,07000US540459097901672,"Amherstdale-Robinette CDP, Eastern district, Logan County, West Virginia",800,599,399,200,151,49,201,179,22
ACSSF,2009e5,wv,000,0033,0000557,070,54,045,07000US540459097914524,"Chapmanville town (part), Eastern district, Logan County, West Virginia",654,389,299,90,10,80,265,256,9
ACSSF,2009e5,wv,000,0033,0000558,070,54,045,07000US540459097950860,"Mallory CDP (part), Eastern district, Logan County, West Virginia",383,280,223,57,11,46,103,103,0
ACSSF,2009e5,wv,000,0033,0000559,070,54,045,07000US540459097950932,"Man town (part), Eastern district, Logan County, West Virginia",400,320,263,57,17,40,80,64,16
ACSSF,2009e5,wv,000,0033,0000560,070,54,045,07000US540459097999999,"Remainder of Eastern district, Eastern district, Logan County, West Virginia",3483,2777,2155,622,203,419,706,613,93
ACSSF,2009e5,wv,000,0033,0000561,070,54,045,07000US540459360814524,"Chapmanville town (part), Western district, Logan County, West Virginia",0,0,0,0,0,0,0,0,0
ACSSF,2009e5,wv,000,0033,0000562,070,54,045,07000US540459360837948,"Holden CDP (part), Western district, Logan County, West Virginia",392,261,203,58,0,58,131,131,0
ACSSF,2009e5,wv,000,0033,0000563,070,54,045,07000US540459360850860,"Mallory CDP (part), Western district, Logan County, West Virginia",0,0,0,0,0,0,0,0,0
ACSSF,2009e5,wv,000,0033,0000564,070,54,045,07000US540459360850932,"Man town (part), Western district, Logan County, West Virginia",0,0,0,0,0,0,0,0,0
ACSSF,2009e5,wv,000,0033,0000565,070,54,045,07000US540459360856342,"Mount Gay-Shamrock CDP (part), Western district, Logan County, West Virginia",119,75,75,0,0,0,44,44,0
ACSSF,2009e5,wv,000,0033,0000566,070,54,045,07000US540459360878796,"Switzer CDP, Western district, Logan County, West Virginia",562,376,299,77,0,77,186,151,35
ACSSF,2009e5,wv,000,0033,0000567,070,54,045,07000US540459360899999,"Remainder of Western district, Western district, Logan County, West Virginia",3599,2783,1887,896,143,753,816,637,179
ACSSF,2009e5,wv,000,0033,0000568,070,54,047,07000US540479016884484,"War city, Big Creek district, McDowell County, West Virginia",310,191,124,67,21,46,119,100,19
ACSSF,2009e5,wv,000,0033,0000569,070,54,047,07000US540479016899999,"Remainder of Big Creek district, Big Creek district, McDowell County, West Virginia",2268,1459,1067,392,86,306,809,728,81
ACSSF,2009e5,wv,000,0033,0000570,070,54,047,07000US540479024020500,"Davy town, Browns Creek district, McDowell County, West Virginia",117,94,77,17,0,17,23,20,3
ACSSF,2009e5,wv,000,0033,0000571,070,54,047,07000US540479024043780,"Kimball town, Browns Creek district, McDowell County, West Virginia",132,100,63,37,3,34,32,29,3
ACSSF,2009e5,wv,000,0033,0000572,070,54,047,07000US540479024085228,"Welch city, Browns Creek district, McDowell County, West Virginia",890,510,371,139,33,106,380,350,30
ACSSF,2009e5,wv,000,0033,0000573,070,54,047,07000US540479024099999,"Remainder of Browns Creek district, Browns Creek district, McDowell County, West Virginia",1023,660,518,142,56,86,363,299,64
ACSSF,2009e5,wv,000,0033,0000574,070,54,047,07000US540479234501780,"Anawalt town, North Elkin district, McDowell County, West Virginia",84,57,37,20,5,15,27,24,3
ACSSF,2009e5,wv,000,0033,0000575,070,54,047,07000US540479234530196,"Gary city, North Elkin district, McDowell County, West Virginia",422,241,156,85,5,80,181,164,17
ACSSF,2009e5,wv,000,0033,0000576,070,54,047,07000US540479234543516,"Keystone city, North Elkin district, McDowell County, West Virginia",146,71,41,30,11,19,75,75,0
ACSSF,2009e5,wv,000,0033,0000577,070,54,047,07000US540479234559428,"Northfork town, North Elkin district, McDowell County, West Virginia",288,172,57,115,6,109,116,97,19
ACSSF,2009e5,wv,000,0033,0000578,070,54,047,07000US540479234599999,"Remainder of North Elkin district, North Elkin district, McDowell County, West Virginia",1379,1045,697,348,51,297,334,323,11
ACSSF,2009e5,wv,000,0033,0000579,070,54,047,07000US540479271209700,"Bradshaw town, Sandy River district, McDowell County, West Virginia",127,86,60,26,15,11,41,41,0
ACSSF,2009e5,wv,000,0033,0000580,070,54,047,07000US540479271239652,"Iaeger town, Sandy River district, McDowell County, West Virginia",147,105,98,7,0,7,42,39,3
ACSSF,2009e5,wv,000,0033,0000581,070,54,047,07000US540479271299999,"Remainder of Sandy River district, Sandy River district, McDowell County, West Virginia",2159,1548,1263,285,79,206,611,555,56
ACSSF,2009e5,wv,000,0033,0000582,070,54,049,07000US540499215404612,"Barrackville town, Middletown district, Marion County, West Virginia",618,483,383,100,39,61,135,119,16
ACSSF,2009e5,wv,000,0033,0000583,070,54,049,07000US540499215426452,"Fairmont city (part), Middletown district, Marion County, West Virginia",5608,2915,1903,1012,150,862,2693,1944,749
ACSSF,2009e5,wv,000,0033,0000584,070,54,049,07000US540499215464228,"Pleasant Valley city (part), Middletown district, Marion County, West Virginia",0,0,0,0,0,0,0,0,0
ACSSF,2009e5,wv,000,0033,0000585,070,54,049,07000US540499215499999,"Remainder of Middletown district, Middletown district, Marion County, West Virginia",1021,648,498,150,0,150,373,327,46
ACSSF,2009e5,wv,000,0033,0000586,070,54,049,07000US540499241826452,"Fairmont city (part), Palatine district, Marion County, West Virginia",2360,1470,1055,415,117,298,890,726,164
ACSSF,2009e5,wv,000,0033,0000587,070,54,049,07000US540499241864228,"Pleasant Valley city (part), Palatine district, Marion County, West Virginia",1427,932,725,207,47,160,495,411,84
ACSSF,2009e5,wv,000,0033,0000588,070,54,049,07000US540499241886620,"White Hall town, Palatine district, Marion County, West Virginia",325,167,133,34,5,29,158,140,18
ACSSF,2009e5,wv,000,0033,0000589,070,54,049,07000US540499241888708,"Worthington town (part), Palatine district, Marion County, West Virginia",0,0,0,0,0,0,0,0,0
ACSSF,2009e5,wv,000,0033,0000590,070,54,049,07000US540499241899999,"Remainder of Palatine district, Palatine district, Marion County, West Virginia",5073,3747,2966,781,279,502,1326,1132,194
ACSSF,2009e5,wv,000,0033,0000591,070,54,049,07000US540499359426524,"Fairview town, West Augusta district, Marion County, West Virginia",196,110,90,20,3,17,86,70,16
ACSSF,2009e5,wv,000,0033,0000592,070,54,049,07000US540499359426932,"Farmington town, West Augusta district, Marion County, West Virginia",159,102,68,34,3,31,57,42,15
ACSSF,2009e5,wv,000,0033,0000593,070,54,049,07000US540499359432908,"Grant Town town, West Augusta district, Marion County, West Virginia",279,179,130,49,19,30,100,89,11
ACSSF,2009e5,wv,000,0033,0000594,070,54,049,07000US540499359451100,"Mannington city, West Augusta district, Marion County, West Virginia",910,678,499,179,53,126,232,140,92
ACSSF,2009e5,wv,000,0033,0000595,070,54,049,07000US540499359455276,"Monongah town, West Augusta district, Marion County, West Virginia",421,348,225,123,22,101,73,70,3
ACSSF,2009e5,wv,000,0033,0000596,070,54,049,07000US540499359468908,"Rivesville town, West Augusta district, Marion County, West Virginia",418,274,172,102,38,64,144,131,13
ACSSF,2009e5,wv,000,0033,0000597,070,54,049,07000US540499359488708,"Worthington town (part), West Augusta district, Marion County, West Virginia",73,50,35,15,4,11,23,23,0
ACSSF,2009e5,wv,000,0033,0000598,070,54,049,07000US540499359499999,"Remainder of West Augusta district, West Augusta district, Marion County, West Virginia",4278,3195,2685,510,149,361,1083,940,143
ACSSF,2009e5,wv,000,0033,0000599,070,54,051,07000US540519078006340,"Benwood city, District 1, Marshall County, West Virginia",702,378,219,159,42,117,324,289,35
ACSSF,2009e5,wv,000,0033,0000600,070,54,051,07000US540519078050260,"McMechen city, District 1, Marshall County, West Virginia",846,454,352,102,19,83,392,353,39
ACSSF,2009e5,wv,000,0033,0000601,070,54,051,07000US540519078086452,"Wheeling city (part), District 1, Marshall County, West Virginia",154,97,97,0,0,0,57,57,0
ACSSF,2009e5,wv,000,0033,0000602,070,54,051,07000US540519078099999,"District Remainder of 1, District 1, Marshall County, West Virginia",3077,2174,1736,438,123,315,903,794,109
ACSSF,2009e5,wv,000,0033,0000603,070,54,051,07000US540519081656020,"Moundsville city, District 2, Marshall County, West Virginia",3909,2444,1718,726,241,485,1465,1283,182
ACSSF,2009e5,wv,000,0033,0000604,070,54,051,07000US540519081699999,"District Remainder of 2, District 2, Marshall County, West Virginia",265,203,203,0,0,0,62,30,32
ACSSF,2009e5,wv,000,0033,0000605,070,54,051,07000US540519085212484,"Cameron city, District 3, Marshall County, West Virginia",486,336,250,86,39,47,150,136,14
ACSSF,2009e5,wv,000,0033,0000606,070,54,051,07000US540519085231492,"Glen Dale city, District 3, Marshall County, West Virginia",764,537,421,116,53,63,227,190,37
ACSSF,2009e5,wv,000,0033,0000607,070,54,051,07000US540519085299999,"District Remainder of 3, District 3, Marshall County, West Virginia",3952,2913,2450,463,170,293,1039,966,73
ACSSF,2009e5,wv,000,0033,0000608,070,54,053,07000US540539004899999,"Arbuckle district, Arbuckle district, Mason County, West Virginia",348,242,184,58,18,40,106,46,60
ACSSF,2009e5,wv,000,0033,0000609,070,54,053,07000US540539061236436,"Henderson town, Clendenin district, Mason County, West Virginia",113,72,34,38,3,35,41,38,3
ACSSF,2009e5,wv,000,0033,0000610,070,54,053,07000US540539061299999,"Remainder of Clendenin district, Clendenin district, Mason County, West Virginia",1505,929,734,195,58,137,576,418,158
ACSSF,2009e5,wv,000,0033,0000611,070,54,053,07000US540539064846300,"Leon town, Cologne district, Mason County, West Virginia",61,45,38,7,5,2,16,16,0
ACSSF,2009e5,wv,000,0033,0000612,070,54,053,07000US540539064899999,"Remainder of Cologne district, Cologne district, Mason County, West Virginia",508,253,216,37,0,37,255,227,28
ACSSF,2009e5,wv,000,0033,0000613,070,54,053,07000US540539066099999,"Cooper district, Cooper district, Mason County, West Virginia",575,475,410,65,13,52,100,73,27
ACSSF,2009e5,wv,000,0033,0000614,070,54,053,07000US540539126035500,"Hartford City town (part), Graham district, Mason County, West Virginia",107,79,38,41,13,28,28,22,6
ACSSF,2009e5,wv,000,0033,0000615,070,54,053,07000US540539126058564,"New Haven town, Graham district, Mason County, West Virginia",763,528,359,169,31,138,235,217,18
ACSSF,2009e5,wv,000,0033,0000616,070,54,053,07000US540539126099999,"Remainder of Graham district, Graham district, Mason County, West Virginia",394,349,321,28,22,6,45,45,0
ACSSF,2009e5,wv,000,0033,0000617,070,54,053,07000US540539151299999,"Hannan district, Hannan district, Mason County, West Virginia",1052,730,567,163,47,116,322,258,64
ACSSF,2009e5,wv,000,0033,0000618,070,54,053,07000US540539186064708,"Point Pleasant city (part), Lewis district, Mason County, West Virginia",1886,1046,721,325,96,229,840,795,45
ACSSF,2009e5,wv,000,0033,0000619,070,54,053,07000US540539186099999,"Remainder of Lewis district, Lewis district, Mason County, West Virginia",629,499,439,60,0,60,130,119,11
ACSSF,2009e5,wv,000,0033,0000620,070,54,053,07000US540539265264708,"Point Pleasant city (part), Robinson district, Mason County, West Virginia",103,72,29,43,0,43,31,31,0
ACSSF,2009e5,wv,000,0033,0000621,070,54,053,07000US540539265299999,"Remainder of Robinson district, Robinson district, Mason County, West Virginia",1000,689,481,208,24,184,311,266,45
ACSSF,2009e5,wv,000,0033,0000622,070,54,053,07000US540539326499999,"Union district, Union district, Mason County, West Virginia",545,403,324,79,79,0,142,111,31
ACSSF,2009e5,wv,000,0033,0000623,070,54,053,07000US540539343235500,"Hartford City town (part), Waggener district, Mason County, West Virginia",144,108,75,33,17,16,36,36,0
ACSSF,2009e5,wv,000,0033,0000624,070,54,053,07000US540539343252180,"Mason town, Waggener district, Mason County, West Virginia",412,272,185,87,14,73,140,114,26
ACSSF,2009e5,wv,000,0033,0000625,070,54,053,07000US540539343299999,"Remainder of Waggener district, Waggener district, Mason County, West Virginia",570,421,254,167,10,157,149,124,25
ACSSF,2009e5,wv,000,0033,0000626,070,54,055,07000US540559090008524,"Bluefield city (part), District I, Mercer County, West Virginia",5069,2834,2029,805,129,676,2235,2030,205
ACSSF,2009e5,wv,000,0033,0000627,070,54,055,07000US540559090009796,"Bramwell town, District I, Mercer County, West Virginia",159,97,60,37,11,26,62,59,3
ACSSF,2009e5,wv,000,0033,0000628,070,54,055,07000US540559090099999,"District Remainder of I, District I, Mercer County, West Virginia",3108,1963,1588,375,107,268,1145,974,171
ACSSF,2009e5,wv,000,0033,0000629,070,54,055,07000US540559091265692,"Princeton city (part), District II, Mercer County, West Virginia",2698,1603,1138,465,187,278,1095,953,142
ACSSF,2009e5,wv,000,0033,0000630,070,54,055,07000US540559091299999,"District Remainder of II, District II, Mercer County, West Virginia",7150,4530,3280,1250,430,820,2620,2316,304
ACSSF,2009e5,wv,000,0033,0000631,070,54,055,07000US540559092403292,"Athens town, District III, Mercer County, West Virginia",320,207,169,38,3,35,113,73,40
ACSSF,2009e5,wv,000,0033,0000632,070,54,055,07000US540559092408524,"Bluefield city (part), District III, Mercer County, West Virginia",0,0,0,0,0,0,0,0,0
ACSSF,2009e5,wv,000,0033,0000633,070,54,055,07000US540559092452420,"Matoaka town, District III, Mercer County, West Virginia",134,72,45,27,20,7,62,52,10
ACSSF,2009e5,wv,000,0033,0000634,070,54,055,07000US540559092455372,"Montcalm CDP, District III, Mercer County, West Virginia",287,201,192,9,0,9,86,67,19
ACSSF,2009e5,wv,000,0033,0000635,070,54,055,07000US540559092460196,"Oakvale town, District III, Mercer County, West Virginia",36,23,12,11,0,11,13,13,0
ACSSF,2009e5,wv,000,0033,0000636,070,54,055,07000US540559092465692,"Princeton city (part), District III, Mercer County, West Virginia",0,0,0,0,0,0,0,0,0
ACSSF,2009e5,wv,000,0033,0000637,070,54,055,07000US540559092499999,"District Remainder of III, District III, Mercer County, West Virginia",6671,4896,3941,955,250,705,1775,1418,357
ACSSF,2009e5,wv,000,0033,0000638,070,54,057,07000US540579078424484,"Elk Garden town, District 1, Mineral County, West Virginia",102,71,47,24,9,15,31,31,0
ACSSF,2009e5,wv,000,0033,0000639,070,54,057,07000US540579078428444,"Fort Ashby CDP (part), District 1, Mineral County, West Virginia",484,346,331,15,0,15,138,119,19
ACSSF,2009e5,wv,000,0033,0000640,070,54,057,07000US540579078463604,"Piedmont town, District 1, Mineral County, West Virginia",502,329,155,174,32,142,173,160,13
ACSSF,2009e5,wv,000,0033,0000641,070,54,057,07000US540579078499999,"District Remainder of 1, District 1, Mineral County, West Virginia",2599,1945,1628,317,101,216,654,579,75
ACSSF,2009e5,wv,000,0033,0000642,070,54,057,07000US540579082043492,"Keyser city, District 2, Mineral County, West Virginia",2216,1352,903,449,151,298,864,737,127
ACSSF,2009e5,wv,000,0033,0000643,070,54,057,07000US540579082099999,"District Remainder of 2, District 2, Mineral County, West Virginia",1693,1097,869,228,33,195,596,548,48
ACSSF,2009e5,wv,000,0033,0000644,070,54,057,07000US540579085613525,"Carpendale town, District 3, Mineral County, West Virginia",389,281,249,32,0,32,108,71,37
ACSSF,2009e5,wv,000,0033,0000645,070,54,057,07000US540579085628444,"Fort Ashby CDP (part), District 3, Mineral County, West Virginia",216,170,125,45,0,45,46,46,0
ACSSF,2009e5,wv,000,0033,0000646,070,54,057,07000US540579085668260,"Ridgeley town, District 3, Mineral County, West Virginia",339,182,144,38,15,23,157,129,28
ACSSF,2009e5,wv,000,0033,0000647,070,54,057,07000US540579085687316,"Wiley Ford CDP, District 3, Mineral County, West Virginia",487,317,252,65,25,40,170,170,0
ACSSF,2009e5,wv,000,0033,0000648,070,54,057,07000US540579085699999,"District Remainder of 3, District 3, Mineral County, West Virginia",2279,1856,1512,344,190,154,423,376,47
ACSSF,2009e5,wv,000,0033,0000649,070,54,059,07000US540599014130777,"Gilbert Creek CDP (part), Beech Ben Mate district, Mingo County, West Virginia",0,0,0,0,0,0,0,0,0
ACSSF,2009e5,wv,000,0033,0000650,070,54,059,07000US540599014167396,"Red Jacket CDP (part), Beech Ben Mate district, Mingo County, West Virginia",318,240,136,104,51,53,78,78,0
ACSSF,2009e5,wv,000,0033,0000651,070,54,059,07000US540599014199999,"Remainder of Beech Ben Mate district, Beech Ben Mate district, Mingo County, West Virginia",1240,920,687,233,51,182,320,268,52
ACSSF,2009e5,wv,000,0033,0000652,070,54,059,07000US540599177043300,"Kermit town, Kermit Harvey district, Mingo County, West Virginia",157,126,93,33,4,29,31,26,5
ACSSF,2009e5,wv,000,0033,0000653,070,54,059,07000US540599177099999,"Remainder of Kermit Harvey district, Kermit Harvey district, Mingo County, West Virginia",1560,1015,821,194,92,102,545,511,34
ACSSF,2009e5,wv,000,0033,0000654,070,54,059,07000US540599184820980,"Delbarton town, Lee district, Mingo County, West Virginia",219,157,93,64,25,39,62,59,3
ACSSF,2009e5,wv,000,0033,0000655,070,54,059,07000US540599184899999,"Remainder of Lee district, Lee district, Mingo County, West Virginia",1485,1177,901,276,144,132,308,308,0
ACSSF,2009e5,wv,000,0033,0000656,070,54,059,07000US540599206452324,"Matewan town, Magnolia district, Mingo County, West Virginia",308,122,88,34,4,30,186,182,4
ACSSF,2009e5,wv,000,0033,0000657,070,54,059,07000US540599206467396,"Red Jacket CDP (part), Magnolia district, Mingo County, West Virginia",37,37,37,0,0,0,0,0,0
ACSSF,2009e5,wv,000,0033,0000658,070,54,059,07000US540599206499999,"Remainder of Magnolia district, Magnolia district, Mingo County, West Virginia",997,744,458,286,101,185,253,197,56
ACSSF,2009e5,wv,000,0033,0000659,070,54,059,07000US540599301230772,"Gilbert town, Stafford district, Mingo County, West Virginia",204,109,90,19,9,10,95,95,0
ACSSF,2009e5,wv,000,0033,0000660,070,54,059,07000US540599301230777,"Gilbert Creek CDP (part), Stafford district, Mingo County, West Virginia",670,568,472,96,33,63,102,102,0
ACSSF,2009e5,wv,000,0033,0000661,070,54,059,07000US540599301299999,"Remainder of Stafford district, Stafford district, Mingo County, West Virginia",850,576,438,138,53,85,274,253,21
ACSSF,2009e5,wv,000,0033,0000662,070,54,059,07000US540599316214692,"Chattaroy CDP (part), Tug Hardee district, Mingo County, West Virginia",262,173,144,29,0,29,89,89,0
ACSSF,2009e5,wv,000,0033,0000663,070,54,059,07000US540599316299999,"Remainder of Tug Hardee district, Tug Hardee district, Mingo County, West Virginia",1232,854,667,187,83,104,378,302,76
ACSSF,2009e5,wv,000,0033,0000664,070,54,059,07000US540599369614692,"Chattaroy CDP (part), Williamson district, Mingo County, West Virginia",231,151,78,73,23,50,80,46,34
ACSSF,2009e5,wv,000,0033,0000665,070,54,059,07000US540599369687508,"Williamson city, Williamson district, Mingo County, West Virginia",1564,884,679,205,14,191,680,605,75
ACSSF,2009e5,wv,000,0033,0000666,070,54,059,07000US540599369699999,"Remainder of Williamson district, Williamson district, Mingo County, West Virginia",257,170,141,29,10,19,87,87,0
ACSSF,2009e5,wv,000,0033,0000667,070,54,061,07000US540619045655756,"Morgantown city (part), Central district, Monongalia County, West Virginia",9315,3794,2811,983,384,599,5521,3941,1580
ACSSF,2009e5,wv,000,0033,0000668,070,54,061,07000US540619045676516,"Star City town (part), Central district, Monongalia County, West Virginia",779,345,249,96,41,55,434,343,91
ACSSF,2009e5,wv,000,0033,0000669,070,54,061,07000US540619045699999,"Remainder of Central district, Central district, Monongalia County, West Virginia",181,95,14,81,19,62,86,43,43
ACSSF,2009e5,wv,000,0033,0000670,070,54,061,07000US540619098310420,"Brookhaven CDP (part), Eastern district, Monongalia County, West Virginia",1567,1227,933,294,121,173,340,248,92
ACSSF,2009e5,wv,000,0033,0000671,070,54,061,07000US540619098314775,"Cheat Lake CDP, Eastern district, Monongalia County, West Virginia",2591,1758,1506,252,110,142,833,716,117
ACSSF,2009e5,wv,000,0033,0000672,070,54,061,07000US540619098355756,"Morgantown city (part), Eastern district, Monongalia County, West Virginia",391,213,175,38,14,24,178,178,0
ACSSF,2009e5,wv,000,0033,0000673,070,54,061,07000US540619098399999,"Remainder of Eastern district, Eastern district, Monongalia County, West Virginia",7549,3586,2906,680,160,520,3963,3237,726
ACSSF,2009e5,wv,000,0033,0000674,070,54,061,07000US540619361208092,"Blacksville town, Western district, Monongalia County, West Virginia",54,30,22,8,3,5,24,22,2
ACSSF,2009e5,wv,000,0033,0000675,070,54,061,07000US540619361210420,"Brookhaven CDP (part), Western district, Monongalia County, West Virginia",15,7,7,0,0,0,8,8,0
ACSSF,2009e5,wv,000,0033,0000676,070,54,061,07000US540619361213756,"Cassville CDP, Western district, Monongalia County, West Virginia",487,394,360,34,6,28,93,69,24
ACSSF,2009e5,wv,000,0033,0000677,070,54,061,07000US540619361232932,"Granville town, Western district, Monongalia County, West Virginia",283,120,90,30,6,24,163,136,27
ACSSF,2009e5,wv,000,0033,0000678,070,54,061,07000US540619361255756,"Morgantown city (part), Western district, Monongalia County, West Virginia",0,0,0,0,0,0,0,0,0
ACSSF,2009e5,wv,000,0033,0000679,070,54,061,07000US540619361276516,"Star City town (part), Western district, Monongalia County, West Virginia",0,0,0,0,0,0,0,0,0
ACSSF,2009e5,wv,000,0033,0000680,070,54,061,07000US540619361285996,"Westover city, Western district, Monongalia County, West Virginia",1532,956,734,222,41,181,576,518,58
ACSSF,2009e5,wv,000,0033,0000681,070,54,061,07000US540619361299999,"Remainder of Western district, Western district, Monongalia County, West Virginia",6917,4891,4204,687,195,492,2026,1662,364
ACSSF,2009e5,wv,000,0033,0000682,070,54,063,07000US540639045781940,"Union town, Central district, Monroe County, West Virginia",319,177,98,79,39,40,142,110,32
ACSSF,2009e5,wv,000,0033,0000683,070,54,063,07000US540639045799999,"Remainder of Central district, Central district, Monroe County, West Virginia",1729,1217,1038,179,80,99,512,459,53
ACSSF,2009e5,wv,000,0033,0000684,070,54,063,07000US540639098400772,"Alderson town (part), Eastern district, Monroe County, West Virginia",77,61,27,34,5,29,16,16,0
ACSSF,2009e5,wv,000,0033,0000685,070,54,063,07000US540639098499999,"Remainder of Eastern district, Eastern district, Monroe County, West Virginia",1452,1042,923,119,56,63,410,386,24
ACSSF,2009e5,wv,000,0033,0000686,070,54,063,07000US540639361363052,"Peterstown town, Western district, Monroe County, West Virginia",255,151,113,38,2,36,104,81,23
ACSSF,2009e5,wv,000,0033,0000687,070,54,063,07000US540639361399999,"Remainder of Western district, Western district, Monroe County, West Virginia",1702,1243,1098,145,50,95,459,414,45
ACSSF,2009e5,wv,000,0033,0000688,070,54,065,07000US540659078604876,"Bath (Berkeley Springs) town (part), District 1, Morgan County, West Virginia",4,4,4,0,0,0,0,0,0
ACSSF,2009e5,wv,000,0033,0000689,070,54,065,07000US540659078662332,"Paw Paw town, District 1, Morgan County, West Virginia",195,106,64,42,0,42,89,85,4
ACSSF,2009e5,wv,000,0033,0000690,070,54,065,07000US540659078699999,"District Remainder of 1, District 1, Morgan County, West Virginia",1758,1083,799,284,56,228,675,628,47
ACSSF,2009e5,wv,000,0033,0000691,070,54,065,07000US540659082204876,"Bath (Berkeley Springs) town (part), District 2, Morgan County, West Virginia",413,197,148,49,17,32,216,203,13
ACSSF,2009e5,wv,000,0033,0000692,070,54,065,07000US540659082299999,"District Remainder of 2, District 2, Morgan County, West Virginia",2136,1302,1058,244,37,207,834,698,136
ACSSF,2009e5,wv,000,0033,0000693,070,54,065,07000US540659085899999,"District 3, District 3, Morgan County, West Virginia",2351,1601,1281,320,186,134,750,625,125
ACSSF,2009e5,wv,000,0033,0000694,070,54,067,07000US540679013218604,"Craigsville CDP, Beaver district, Nicholas County, West Virginia",1173,908,821,87,31,56,265,265,0
ACSSF,2009e5,wv,000,0033,0000695,070,54,067,07000US540679013268116,"Richwood city, Beaver district, Nicholas County, West Virginia",868,593,406,187,61,126,275,228,47
ACSSF,2009e5,wv,000,0033,0000696,070,54,067,07000US540679013299999,"Remainder of Beaver district, Beaver district, Nicholas County, West Virginia",1036,780,682,98,51,47,256,256,0
ACSSF,2009e5,wv,000,0033,0000697,070,54,067,07000US540679134499999,"Grant district, Grant district, Nicholas County, West Virginia",512,386,245,141,117,24,126,126,0
ACSSF,2009e5,wv,000,0033,0000698,070,54,067,07000US540679150099999,"Hamilton district, Hamilton district, Nicholas County, West Virginia",1168,967,807,160,125,35,201,179,22
ACSSF,2009e5,wv,000,0033,0000699,070,54,067,07000US540679171699999,"Jefferson district, Jefferson district, Nicholas County, West Virginia",575,435,353,82,53,29,140,140,0
ACSSF,2009e5,wv,000,0033,0000700,070,54,067,07000US540679175299999,"Kentucky district, Kentucky district, Nicholas County, West Virginia",1622,1332,1098,234,109,125,290,290,0
ACSSF,2009e5,wv,000,0033,0000701,070,54,067,07000US540679307277980,"Summersville town (part), Summersville district, Nicholas County, West Virginia",1618,978,853,125,17,108,640,588,52
ACSSF,2009e5,wv,000,0033,0000702,070,54,067,07000US540679307299999,"Remainder of Summersville district, Summersville district, Nicholas County, West Virginia",526,409,368,41,0,41,117,117,0
ACSSF,2009e5,wv,000,0033,0000703,070,54,067,07000US540679366077980,"Summersville town (part), Wilderness district, Nicholas County, West Virginia",0,0,0,0,0,0,0,0,0
ACSSF,2009e5,wv,000,0033,0000704,070,54,067,07000US540679366099999,"Remainder of Wilderness district, Wilderness district, Nicholas County, West Virginia",1149,880,762,118,17,101,269,227,42
ACSSF,2009e5,wv,000,0033,0000705,070,54,069,07000US540699078815916,"Clearview village, District 1, Ohio County, West Virginia",242,202,177,25,0,25,40,37,3
ACSSF,2009e5,wv,000,0033,0000706,070,54,069,07000US540699078880932,"Triadelphia town, District 1, Ohio County, West Virginia",392,213,163,50,28,22,179,131,48
ACSSF,2009e5,wv,000,0033,0000707,070,54,069,07000US540699078882732,"Valley Grove village, District 1, Ohio County, West Virginia",162,123,91,32,2,30,39,35,4
ACSSF,2009e5,wv,000,0033,0000708,070,54,069,07000US540699078885876,"West Liberty town, District 1, Ohio County, West Virginia",194,65,50,15,2,13,129,59,70
ACSSF,2009e5,wv,000,0033,0000709,070,54,069,07000US540699078886452,"Wheeling city (part), District 1, Ohio County, West Virginia",1998,1332,1057,275,53,222,666,619,47
ACSSF,2009e5,wv,000,0033,0000710,070,54,069,07000US540699078899999,"District Remainder of 1, District 1, Ohio County, West Virginia",3446,2574,2209,365,51,314,872,734,138
ACSSF,2009e5,wv,000,0033,0000711,070,54,069,07000US540699082486452,"Wheeling city (part), District 2, Ohio County, West Virginia",5893,3064,1904,1160,315,845,2829,2482,347
ACSSF,2009e5,wv,000,0033,0000712,070,54,069,07000US540699082499999,"District Remainder of 2, District 2, Ohio County, West Virginia",314,241,205,36,0,36,73,62,11
ACSSF,2009e5,wv,000,0033,0000713,070,54,069,07000US540699086206940,"Bethlehem village, District 3, Ohio County, West Virginia",1190,782,701,81,12,69,408,379,29
ACSSF,2009e5,wv,000,0033,0000714,070,54,069,07000US540699086286452,"Wheeling city (part), District 3, Ohio County, West Virginia",5639,3105,2477,628,78,550,2534,2292,242
ACSSF,2009e5,wv,000,0033,0000715,070,54,069,07000US540699086299999,"District Remainder of 3, District 3, Ohio County, West Virginia",327,228,196,32,0,32,99,99,0
ACSSF,2009e5,wv,000,0033,0000716,070,54,071,07000US540719046229044,"Franklin town, Central district, Pendleton County, West Virginia",395,233,146,87,0,87,162,158,4
ACSSF,2009e5,wv,000,0033,0000717,070,54,071,07000US540719046299999,"Remainder of Central district, Central district, Pendleton County, West Virginia",878,585,504,81,24,57,293,247,46
ACSSF,2009e5,wv,000,0033,0000718,070,54,071,07000US540719098799999,"Eastern district, Eastern district, Pendleton County, West Virginia",1366,857,697,160,36,124,509,463,46
ACSSF,2009e5,wv,000,0033,0000719,070,54,071,07000US540719361599999,"Western district, Western district, Pendleton County, West Virginia",1078,757,666,91,24,67,321,321,0
ACSSF,2009e5,wv,000,0033,0000720,070,54,073,07000US540739089206004,"Belmont city, District A, Pleasants County, West Virginia",364,195,149,46,10,36,169,159,10
ACSSF,2009e5,wv,000,0033,0000721,070,54,073,07000US540739089299999,"District Remainder of A, District A, Pleasants County, West Virginia",311,244,233,11,0,11,67,49,18
ACSSF,2009e5,wv,000,0033,0000722,070,54,073,07000US540739089499999,"District B, District B, Pleasants County, West Virginia",592,371,328,43,7,36,221,199,22
ACSSF,2009e5,wv,000,0033,0000723,070,54,073,07000US540739089671356,"St. Marys city (part), District C, Pleasants County, West Virginia",695,422,314,108,13,95,273,247,26
ACSSF,2009e5,wv,000,0033,0000724,070,54,073,07000US540739089699999,"District Remainder of C, District C, Pleasants County, West Virginia",43,36,36,0,0,0,7,7,0
ACSSF,2009e5,wv,000,0033,0000725,070,54,073,07000US540739089871356,"St. Marys city (part), District D, Pleasants County, West Virginia",190,134,117,17,0,17,56,56,0
ACSSF,2009e5,wv,000,0033,0000726,070,54,073,07000US540739089899999,"District Remainder of D, District D, Pleasants County, West Virginia",402,330,291,39,9,30,72,61,11
ACSSF,2009e5,wv,000,0033,0000727,070,54,075,07000US540759099651676,"Marlinton town (part), Edray district, Pocahontas County, West Virginia",596,328,184,144,46,98,268,224,44
ACSSF,2009e5,wv,000,0033,0000728,070,54,075,07000US540759099699999,"Remainder of Edray district, Edray district, Pocahontas County, West Virginia",880,715,550,165,74,91,165,121,44
ACSSF,2009e5,wv,000,0033,0000729,070,54,075,07000US540759141622852,"Durbin town, Greenbank district, Pocahontas County, West Virginia",139,84,64,20,13,7,55,35,20
ACSSF,2009e5,wv,000,0033,0000730,070,54,075,07000US540759141699999,"Remainder of Greenbank district, Greenbank district, Pocahontas County, West Virginia",925,696,677,19,10,9,229,211,18
ACSSF,2009e5,wv,000,0033,0000731,070,54,075,07000US540759165651676,"Marlinton town (part), Huntersville district, Pocahontas County, West Virginia",14,12,6,6,0,6,2,2,0
ACSSF,2009e5,wv,000,0033,0000732,070,54,075,07000US540759165699999,"Remainder of Huntersville district, Huntersville district, Pocahontas County, West Virginia",478,293,293,0,0,0,185,172,13
ACSSF,2009e5,wv,000,0033,0000733,070,54,075,07000US540759194437372,"Hillsboro town, Little Levels district, Pocahontas County, West Virginia",111,65,57,8,0,8,46,46,0
ACSSF,2009e5,wv,000,0033,0000734,070,54,075,07000US540759194499999,"Remainder of Little Levels district, Little Levels district, Pocahontas County, West Virginia",457,333,277,56,11,45,124,118,6
ACSSF,2009e5,wv,000,0033,0000735,070,54,077,07000US540779109658300,"Newburg town (part), Fifth district, Preston County, West Virginia",110,78,66,12,7,5,32,32,0
ACSSF,2009e5,wv,000,0033,0000736,070,54,077,07000US540779109670588,"Rowlesburg town (part), Fifth district, Preston County, West Virginia",197,134,107,27,3,24,63,41,22
ACSSF,2009e5,wv,000,0033,0000737,070,54,077,07000US540779109681268,"Tunnelton town, Fifth district, Preston County, West Virginia",125,90,76,14,0,14,35,32,3
ACSSF,2009e5,wv,000,0033,0000738,070,54,077,07000US540779109699999,"Remainder of Fifth district, Fifth district, Preston County, West Virginia",1750,1327,1182,145,25,120,423,370,53
ACSSF,2009e5,wv,000,0033,0000739,070,54,077,07000US540779110010852,"Bruceton Mills town, First district, Preston County, West Virginia",38,28,14,14,7,7,10,10,0
ACSSF,2009e5,wv,000,0033,0000740,070,54,077,07000US540779110052228,"Masontown town, First district, Preston County, West Virginia",323,211,177,34,5,29,112,112,0
ACSSF,2009e5,wv,000,0033,0000741,070,54,077,07000US540779110067636,"Reedsville town, First district, Preston County, West Virginia",188,119,97,22,0,22,69,41,28
ACSSF,2009e5,wv,000,0033,0000742,070,54,077,07000US540779110099999,"Remainder of First district, First district, Preston County, West Virginia",2028,1505,1247,258,8,250,523,357,166
ACSSF,2009e5,wv,000,0033,0000743,070,54,077,07000US540779113400748,"Albright town, Fourth district, Preston County, West Virginia",121,79,74,5,0,5,42,21,21
ACSSF,2009e5,wv,000,0033,0000744,070,54,077,07000US540779113444044,"Kingwood city (part), Fourth district, Preston County, West Virginia",817,479,347,132,14,118,338,313,25
ACSSF,2009e5,wv,000,0033,0000745,070,54,077,07000US540779113470588,"Rowlesburg town (part), Fourth district, Preston County, West Virginia",52,32,32,0,0,0,20,8,12
ACSSF,2009e5,wv,000,0033,0000746,070,54,077,07000US540779113479708,"Terra Alta town (part), Fourth district, Preston County, West Virginia",457,340,226,114,23,91,117,87,30
ACSSF,2009e5,wv,000,0033,0000747,070,54,077,07000US540779113499999,"Remainder of Fourth district, Fourth district, Preston County, West Virginia",1134,752,594,158,22,136,382,339,43
ACSSF,2009e5,wv,000,0033,0000748,070,54,077,07000US540779274209844,"Brandonville town, Second district, Preston County, West Virginia",29,22,17,5,0,5,7,7,0
ACSSF,2009e5,wv,000,0033,0000749,070,54,077,07000US540779274279708,"Terra Alta town (part), Second district, Preston County, West Virginia",288,217,125,92,44,48,71,63,8
ACSSF,2009e5,wv,000,0033,0000750,070,54,077,07000US540779274299999,"Remainder of Second district, Second district, Preston County, West Virginia",1895,1339,1165,174,20,154,556,464,92
ACSSF,2009e5,wv,000,0033,0000751,070,54,077,07000US540779310244044,"Kingwood city (part), Third district, Preston County, West Virginia",559,416,309,107,32,75,143,106,37
ACSSF,2009e5,wv,000,0033,0000752,070,54,077,07000US540779310258300,"Newburg town (part), Third district, Preston County, West Virginia",81,50,45,5,5,0,31,23,8
ACSSF,2009e5,wv,000,0033,0000753,070,54,077,07000US540779310299999,"Remainder of Third district, Third district, Preston County, West Virginia",1754,1261,953,308,109,199,493,428,65
ACSSF,2009e5,wv,000,0033,0000754,070,54,079,07000US540799029211284,"Buffalo town, Buffalo-Union district, Putnam County, West Virginia",544,388,296,92,56,36,156,129,27
ACSSF,2009e5,wv,000,0033,0000755,070,54,079,07000US540799029219516,"Culloden CDP (part), Buffalo-Union district, Putnam County, West Virginia",0,0,0,0,0,0,0,0,0
ACSSF,2009e5,wv,000,0033,0000756,070,54,079,07000US540799029224292,"Eleanor town, Buffalo-Union district, Putnam County, West Virginia",660,451,353,98,35,63,209,196,13
ACSSF,2009e5,wv,000,0033,0000757,070,54,079,07000US540799029239532,"Hurricane city (part), Buffalo-Union district, Putnam County, West Virginia",0,0,0,0,0,0,0,0,0
ACSSF,2009e5,wv,000,0033,0000758,070,54,079,07000US540799029299999,"Remainder of Buffalo-Union district, Buffalo-Union district, Putnam County, West Virginia",2683,2232,1790,442,131,311,451,365,86
ACSSF,2009e5,wv,000,0033,0000759,070,54,079,07000US540799072019516,"Culloden CDP (part), Curry district, Putnam County, West Virginia",93,61,35,26,0,26,32,32,0
ACSSF,2009e5,wv,000,0033,0000760,070,54,079,07000US540799072039532,"Hurricane city (part), Curry district, Putnam County, West Virginia",1815,1406,1196,210,49,161,409,409,0
ACSSF,2009e5,wv,000,0033,0000761,070,54,079,07000US540799072099999,"Remainder of Curry district, Curry district, Putnam County, West Virginia",2001,1572,1304,268,55,213,429,406,23
ACSSF,2009e5,wv,000,0033,0000762,070,54,079,07000US540799250804204,"Bancroft town, Pocatalico district, Putnam County, West Virginia",116,60,49,11,0,11,56,43,13
ACSSF,2009e5,wv,000,0033,0000763,070,54,079,07000US540799250859068,"Nitro city (part), Pocatalico district, Putnam County, West Virginia",589,436,278,158,49,109,153,114,39
ACSSF,2009e5,wv,000,0033,0000764,070,54,079,07000US540799250864516,"Poca town (part), Pocatalico district, Putnam County, West Virginia",461,350,253,97,22,75,111,89,22
ACSSF,2009e5,wv,000,0033,0000765,070,54,079,07000US540799250899999,"Remainder of Pocatalico district, Pocatalico district, Putnam County, West Virginia",2447,1809,1469,340,107,233,638,628,10
ACSSF,2009e5,wv,000,0033,0000766,070,54,079,07000US540799273639532,"Hurricane city (part), Scott district, Putnam County, West Virginia",0,0,0,0,0,0,0,0,0
ACSSF,2009e5,wv,000,0033,0000767,070,54,079,07000US540799273659068,"Nitro city (part), Scott district, Putnam County, West Virginia",0,0,0,0,0,0,0,0,0
ACSSF,2009e5,wv,000,0033,0000768,070,54,079,07000US540799273664516,"Poca town (part), Scott district, Putnam County, West Virginia",0,0,0,0,0,0,0,0,0
ACSSF,2009e5,wv,000,0033,0000769,070,54,079,07000US540799273679545,"Teays Valley CDP (part), Scott district, Putnam County, West Virginia",973,677,627,50,30,20,296,241,55
ACSSF,2009e5,wv,000,0033,0000770,070,54,079,07000US540799273687988,"Winfield town, Scott district, Putnam County, West Virginia",863,633,541,92,23,69,230,187,43
ACSSF,2009e5,wv,000,0033,0000771,070,54,079,07000US540799273699999,"Remainder of Scott district, Scott district, Putnam County, West Virginia",2489,1807,1578,229,80,149,682,530,152
ACSSF,2009e5,wv,000,0033,0000772,070,54,079,07000US540799309039532,"Hurricane city (part), Teays district, Putnam County, West Virginia",512,346,335,11,11,0,166,119,47
ACSSF,2009e5,wv,000,0033,0000773,070,54,079,07000US540799309079545,"Teays Valley CDP (part), Teays district, Putnam County, West Virginia",4469,3273,2738,535,186,349,1196,1087,109
ACSSF,2009e5,wv,000,0033,0000774,070,54,079,07000US540799309099999,"Remainder of Teays district, Teays district, Putnam County, West Virginia",567,567,434,133,51,82,0,0,0
ACSSF,2009e5,wv,000,0033,0000775,070,54,081,07000US540819079205332,"Beckley city (part), District 1, Raleigh County, West Virginia",0,0,0,0,0,0,0,0,0
ACSSF,2009e5,wv,000,0033,0000776,070,54,081,07000US540819079216516,"Coal City CDP, District 1, Raleigh County, West Virginia",724,546,441,105,45,60,178,178,0
ACSSF,2009e5,wv,000,0033,0000777,070,54,081,07000US540819079218508,"Crab Orchard CDP, District 1, Raleigh County, West Virginia",1148,743,584,159,37,122,405,304,101
ACSSF,2009e5,wv,000,0033,0000778,070,54,081,07000US540819079246468,"Lester town, District 1, Raleigh County, West Virginia",120,82,62,20,0,20,38,36,2
ACSSF,2009e5,wv,000,0033,0000779,070,54,081,07000US540819079249492,"Mabscott town (part), District 1, Raleigh County, West Virginia",597,449,348,101,27,74,148,99,49
ACSSF,2009e5,wv,000,0033,0000780,070,54,081,07000US540819079249564,"MacArthur CDP (part), District 1, Raleigh County, West Virginia",620,348,261,87,0,87,272,232,40
ACSSF,2009e5,wv,000,0033,0000781,070,54,081,07000US540819079267996,"Rhodell town, District 1, Raleigh County, West Virginia",68,42,25,17,3,14,26,20,6
ACSSF,2009e5,wv,000,0033,0000782,070,54,081,07000US540819079275172,"Sophia town, District 1, Raleigh County, West Virginia",531,353,278,75,0,75,178,157,21
ACSSF,2009e5,wv,000,0033,0000783,070,54,081,07000US540819079299999,"District Remainder of 1, District 1, Raleigh County, West Virginia",6548,4673,3627,1046,290,756,1875,1647,228
ACSSF,2009e5,wv,000,0033,0000784,070,54,081,07000US540819082805332,"Beckley city (part), District 2, Raleigh County, West Virginia",3211,1985,1420,565,72,493,1226,1165,61
ACSSF,2009e5,wv,000,0033,0000785,070,54,081,07000US540819082809676,"Bradley CDP, District 2, Raleigh County, West Virginia",802,598,543,55,23,32,204,180,24
ACSSF,2009e5,wv,000,0033,0000786,070,54,081,07000US540819082863988,"Piney View CDP, District 2, Raleigh County, West Virginia",404,297,187,110,47,63,107,84,23
ACSSF,2009e5,wv,000,0033,0000787,070,54,081,07000US540819082865836,"Prosperity CDP, District 2, Raleigh County, West Virginia",631,351,165,186,59,127,280,238,42
ACSSF,2009e5,wv,000,0033,0000788,070,54,081,07000US540819082876444,"Stanaford CDP (part), District 2, Raleigh County, West Virginia",445,278,201,77,43,34,167,167,0
ACSSF,2009e5,wv,000,0033,0000789,070,54,081,07000US540819082899999,"District Remainder of 2, District 2, Raleigh County, West Virginia",5184,3419,2444,975,187,788,1765,1602,163
ACSSF,2009e5,wv,000,0033,0000790,070,54,081,07000US540819086405260,"Beaver CDP, District 3, Raleigh County, West Virginia",749,433,270,163,93,70,316,316,0
ACSSF,2009e5,wv,000,0033,0000791,070,54,081,07000US540819086405332,"Beckley city (part), District 3, Raleigh County, West Virginia",3933,2327,1484,843,333,510,1606,1390,216
ACSSF,2009e5,wv,000,0033,0000792,070,54,081,07000US540819086420164,"Daniels CDP, District 3, Raleigh County, West Virginia",819,532,468,64,0,64,287,258,29
ACSSF,2009e5,wv,000,0033,0000793,070,54,081,07000US540819086449492,"Mabscott town (part), District 3, Raleigh County, West Virginia",0,0,0,0,0,0,0,0,0
ACSSF,2009e5,wv,000,0033,0000794,070,54,081,07000US540819086449564,"MacArthur CDP (part), District 3, Raleigh County, West Virginia",55,8,0,8,0,8,47,36,11
ACSSF,2009e5,wv,000,0033,0000795,070,54,081,07000US540819086473108,"Shady Spring CDP, District 3, Raleigh County, West Virginia",1024,688,524,164,54,110,336,279,57
ACSSF,2009e5,wv,000,0033,0000796,070,54,081,07000US540819086476444,"Stanaford CDP (part), District 3, Raleigh County, West Virginia",326,199,179,20,10,10,127,127,0
ACSSF,2009e5,wv,000,0033,0000797,070,54,081,07000US540819086499999,"District Remainder of 3, District 3, Raleigh County, West Virginia",4282,3224,2436,788,192,596,1058,1006,52
ACSSF,2009e5,wv,000,0033,0000798,070,54,083,07000US540839015606988,"Beverly town, Beverly district, Randolph County, West Virginia",346,181,111,70,16,54,165,151,14
ACSSF,2009e5,wv,000,0033,0000799,070,54,083,07000US540839015624580,"Elkins city (part), Beverly district, Randolph County, West Virginia",0,0,0,0,0,0,0,0,0
ACSSF,2009e5,wv,000,0033,0000800,070,54,083,07000US540839015699999,"Remainder of Beverly district, Beverly district, Randolph County, West Virginia",1516,1071,732,339,118,221,445,413,32
ACSSF,2009e5,wv,000,0033,0000801,070,54,083,07000US540839093635092,"Harman town, Dry Fork district, Randolph County, West Virginia",69,43,7,36,4,32,26,26,0
ACSSF,2009e5,wv,000,0033,0000802,070,54,083,07000US540839093699999,"Remainder of Dry Fork district, Dry Fork district, Randolph County, West Virginia",668,517,473,44,9,35,151,151,0
ACSSF,2009e5,wv,000,0033,0000803,070,54,083,07000US540839166839628,"Huttonsville town, Huttonsville district, Randolph County, West Virginia",66,31,24,7,4,3,35,35,0
ACSSF,2009e5,wv,000,0033,0000804,070,54,083,07000US540839166854100,"Mill Creek town, Huttonsville district, Randolph County, West Virginia",300,187,154,33,3,30,113,113,0
ACSSF,2009e5,wv,000,0033,0000805,070,54,083,07000US540839166899999,"Remainder of Huttonsville district, Huttonsville district, Randolph County, West Virginia",540,425,413,12,12,0,115,106,9
ACSSF,2009e5,wv,000,0033,0000806,070,54,083,07000US540839182424580,"Elkins city (part), Leadsville district, Randolph County, West Virginia",2920,1643,1204,439,75,364,1277,1101,176
ACSSF,2009e5,wv,000,0033,0000807,070,54,083,07000US540839182499999,"Remainder of Leadsville district, Leadsville district, Randolph County, West Virginia",2373,1564,1277,287,75,212,809,725,84
ACSSF,2009e5,wv,000,0033,0000808,070,54,083,07000US540839214899999,"Middle Fork district, Middle Fork district, Randolph County, West Virginia",261,196,162,34,18,16,65,9,56
ACSSF,2009e5,wv,000,0033,0000809,070,54,083,07000US540839222099999,"Mingo district, Mingo district, Randolph County, West Virginia",464,370,319,51,0,51,94,94,0
ACSSF,2009e5,wv,000,0033,0000810,070,54,083,07000US540839229255540,"Montrose town, New Interest district, Randolph County, West Virginia",44,32,15,17,3,14,12,12,0
ACSSF,2009e5,wv,000,0033,0000811,070,54,083,07000US540839229299999,"Remainder of New Interest district, New Interest district, Randolph County, West Virginia",403,308,294,14,0,14,95,79,16
ACSSF,2009e5,wv,000,0033,0000812,070,54,083,07000US540839264088324,"Womelsdorf (Coalton) town, Roaring Creek district, Randolph County, West Virginia",104,61,41,20,13,7,43,37,6
ACSSF,2009e5,wv,000,0033,0000813,070,54,083,07000US540839264099999,"Remainder of Roaring Creek district, Roaring Creek district, Randolph County, West Virginia",525,409,402,7,7,0,116,97,19
ACSSF,2009e5,wv,000,0033,0000814,070,54,083,07000US540839342099999,"Valley Bend district, Valley Bend district, Randolph County, West Virginia",662,546,457,89,27,62,116,98,18
ACSSF,2009e5,wv,000,0033,0000815,070,54,085,07000US540859055224844,"Ellenboro town, Clay district, Ritchie County, West Virginia",168,139,111,28,2,26,29,29,0
ACSSF,2009e5,wv,000,0033,0000816,070,54,085,07000US540859055235428,"Harrisville town (part), Clay district, Ritchie County, West Virginia",0,0,0,0,0,0,0,0,0
ACSSF,2009e5,wv,000,0033,0000817,070,54,085,07000US540859055262764,"Pennsboro city, Clay district, Ritchie County, West Virginia",555,377,264,113,16,97,178,160,18
ACSSF,2009e5,wv,000,0033,0000818,070,54,085,07000US540859055299999,"Remainder of Clay district, Clay district, Ritchie County, West Virginia",765,533,467,66,17,49,232,176,56
ACSSF,2009e5,wv,000,0033,0000819,070,54,085,07000US540859138012124,"Cairo town, Grant district, Ritchie County, West Virginia",101,66,46,20,10,10,35,28,7
ACSSF,2009e5,wv,000,0033,0000820,070,54,085,07000US540859138099999,"Remainder of Grant district, Grant district, Ritchie County, West Virginia",637,467,424,43,33,10,170,151,19
ACSSF,2009e5,wv,000,0033,0000821,070,54,085,07000US540859224499999,"Murphy district, Murphy district, Ritchie County, West Virginia",477,335,225,110,16,94,142,72,70
ACSSF,2009e5,wv,000,0033,0000822,070,54,085,07000US540859333603364,"Auburn town, Union district, Ritchie County, West Virginia",35,24,23,1,0,1,11,11,0
ACSSF,2009e5,wv,000,0033,0000823,070,54,085,07000US540859333635428,"Harrisville town (part), Union district, Ritchie County, West Virginia",907,656,456,200,71,129,251,228,23
ACSSF,2009e5,wv,000,0033,0000824,070,54,085,07000US540859333665956,"Pullman town, Union district, Ritchie County, West Virginia",66,59,48,11,7,4,7,7,0
ACSSF,2009e5,wv,000,0033,0000825,070,54,085,07000US540859333699999,"Remainder of Union district, Union district, Ritchie County, West Virginia",381,277,231,46,38,8,104,44,60
ACSSF,2009e5,wv,000,0033,0000826,070,54,087,07000US540879079367660,"Reedy town, District I, Roane County, West Virginia",49,29,18,11,4,7,20,19,1
ACSSF,2009e5,wv,000,0033,0000827,070,54,087,07000US540879079375820,"Spencer city (part), District I, Roane County, West Virginia",286,167,145,22,22,0,119,119,0
ACSSF,2009e5,wv,000,0033,0000828,070,54,087,07000US540879079399999,"District Remainder of I, District I, Roane County, West Virginia",1700,1039,870,169,34,135,661,531,130
ACSSF,2009e5,wv,000,0033,0000829,070,54,087,07000US540879082975820,"Spencer city (part), District II, Roane County, West Virginia",768,400,238,162,42,120,368,354,14
ACSSF,2009e5,wv,000,0033,0000830,070,54,087,07000US540879082999999,"District Remainder of II, District II, Roane County, West Virginia",1202,817,724,93,7,86,385,339,46
ACSSF,2009e5,wv,000,0033,0000831,070,54,087,07000US540879086599999,"District III, District III, Roane County, West Virginia",2144,1555,1230,325,102,223,589,526,63
ACSSF,2009e5,wv,000,0033,0000832,070,54,089,07000US540899021637636,"Hinton city (part), Bluestone River district, Summers County, West Virginia",442,199,99,100,10,90,243,243,0
ACSSF,2009e5,wv,000,0033,0000833,070,54,089,07000US540899021699999,"Remainder of Bluestone River district, Bluestone River district, Summers County, West Virginia",1583,988,756,232,56,176,595,506,89
ACSSF,2009e5,wv,000,0033,0000834,070,54,089,07000US540899144037636,"Hinton city (part), Greenbrier River district, Summers County, West Virginia",464,254,206,48,6,42,210,165,45
ACSSF,2009e5,wv,000,0033,0000835,070,54,089,07000US540899144099999,"Remainder of Greenbrier River district, Greenbrier River district, Summers County, West Virginia",1263,863,747,116,50,66,400,367,33
ACSSF,2009e5,wv,000,0033,0000836,070,54,089,07000US540899231637636,"Hinton city (part), New River district, Summers County, West Virginia",228,139,84,55,20,35,89,81,8
ACSSF,2009e5,wv,000,0033,0000837,070,54,089,07000US540899231699999,"Remainder of New River district, New River district, Summers County, West Virginia",1221,799,575,224,80,144,422,393,29
ACSSF,2009e5,wv,000,0033,0000838,070,54,091,07000US540919099332716,"Grafton city (part), Eastern district, Taylor County, West Virginia",822,524,259,265,62,203,298,298,0
ACSSF,2009e5,wv,000,0033,0000839,070,54,091,07000US540919099399999,"Remainder of Eastern district, Eastern district, Taylor County, West Virginia",1345,1092,978,114,38,76,253,218,35
ACSSF,2009e5,wv,000,0033,0000840,070,54,091,07000US540919317532716,"Grafton city (part), Tygart district, Taylor County, West Virginia",1375,836,484,352,56,296,539,468,71
ACSSF,2009e5,wv,000,0033,0000841,070,54,091,07000US540919317599999,"Remainder of Tygart district, Tygart district, Taylor County, West Virginia",344,208,201,7,0,7,136,136,0
ACSSF,2009e5,wv,000,0033,0000842,070,54,091,07000US540919362127940,"Flemington town, Western district, Taylor County, West Virginia",110,95,66,29,12,17,15,15,0
ACSSF,2009e5,wv,000,0033,0000843,070,54,091,07000US540919362199999,"Remainder of Western district, Western district, Taylor County, West Virginia",2306,1702,1400,302,110,192,604,558,46
ACSSF,2009e5,wv,000,0033,0000844,070,54,093,07000US540939019234492,"Hambleton town, Black Fork district, Tucker County, West Virginia",115,76,70,6,6,0,39,24,15
ACSSF,2009e5,wv,000,0033,0000845,070,54,093,07000US540939019236460,"Hendricks town, Black Fork district, Tucker County, West Virginia",136,97,83,14,4,10,39,27,12
ACSSF,2009e5,wv,000,0033,0000846,070,54,093,07000US540939019262284,"Parsons city, Black Fork district, Tucker County, West Virginia",689,485,368,117,32,85,204,181,23
ACSSF,2009e5,wv,000,0033,0000847,070,54,093,07000US540939019299999,"Remainder of Black Fork district, Black Fork district, Tucker County, West Virginia",641,451,366,85,61,24,190,143,47
ACSSF,2009e5,wv,000,0033,0000848,070,54,093,07000US540939062499999,"Clover district, Clover district, Tucker County, West Virginia",69,54,54,0,0,0,15,15,0
ACSSF,2009e5,wv,000,0033,0000849,070,54,093,07000US540939074420428,"Davis town, Davis district, Tucker County, West Virginia",250,141,92,49,10,39,109,104,5
ACSSF,2009e5,wv,000,0033,0000850,070,54,093,07000US540939074480020,"Thomas city (part), Davis district, Tucker County, West Virginia",0,0,0,0,0,0,0,0,0
ACSSF,2009e5,wv,000,0033,0000851,070,54,093,07000US540939074499999,"Remainder of Davis district, Davis district, Tucker County, West Virginia",15,0,0,0,0,0,15,15,0
ACSSF,2009e5,wv,000,0033,0000852,070,54,093,07000US540939094899999,"Dry Fork district, Dry Fork district, Tucker County, West Virginia",323,225,213,12,0,12,98,71,27
ACSSF,2009e5,wv,000,0033,0000853,070,54,093,07000US540939105680020,"Thomas city (part), Fairfax district, Tucker County, West Virginia",215,138,102,36,10,26,77,73,4
ACSSF,2009e5,wv,000,0033,0000854,070,54,093,07000US540939105699999,"Remainder of Fairfax district, Fairfax district, Tucker County, West Virginia",98,86,86,0,0,0,12,12,0
ACSSF,2009e5,wv,000,0033,0000855,070,54,093,07000US540939189699999,"Licking district, Licking district, Tucker County, West Virginia",65,43,43,0,0,0,22,22,0
ACSSF,2009e5,wv,000,0033,0000856,070,54,093,07000US540939268899999,"St. George district, St. George district, Tucker County, West Virginia",385,219,178,41,27,14,166,153,13
ACSSF,2009e5,wv,000,0033,0000857,070,54,095,07000US540959046929404,"Friendly town, Central district, Tyler County, West Virginia",44,39,37,2,0,2,5,5,0
ACSSF,2009e5,wv,000,0033,0000858,070,54,095,07000US540959046953572,"Middlebourne town, Central district, Tyler County, West Virginia",428,261,179,82,25,57,167,160,7
ACSSF,2009e5,wv,000,0033,0000859,070,54,095,07000US540959046999999,"Remainder of Central district, Central district, Tyler County, West Virginia",552,378,346,32,0,32,174,165,9
ACSSF,2009e5,wv,000,0033,0000860,070,54,095,07000US540959233461636,"Paden City city (part), North district, Tyler County, West Virginia",374,243,197,46,24,22,131,113,18
ACSSF,2009e5,wv,000,0033,0000861,070,54,095,07000US540959233499999,"Remainder of North district, North district, Tyler County, West Virginia",475,343,230,113,11,102,132,83,49
ACSSF,2009e5,wv,000,0033,0000862,070,54,095,07000US540959289899999,"South district, South district, Tyler County, West Virginia",907,720,576,144,100,44,187,150,37
ACSSF,2009e5,wv,000,0033,0000863,070,54,095,07000US540959359274380,"Sistersville city, West district, Tyler County, West Virginia",700,435,342,93,8,85,265,225,40
ACSSF,2009e5,wv,000,0033,0000864,070,54,095,07000US540959359299999,"Remainder of West district, West district, Tyler County, West Virginia",309,206,195,11,0,11,103,73,30
ACSSF,2009e5,wv,000,0033,0000865,070,54,097,07000US540979110211188,"Buckhannon city (part), First district, Upshur County, West Virginia",1980,1048,777,271,24,247,932,793,139
ACSSF,2009e5,wv,000,0033,0000866,070,54,097,07000US540979110299999,"Remainder of First district, First district, Upshur County, West Virginia",916,735,560,175,109,66,181,181,0
ACSSF,2009e5,wv,000,0033,0000867,070,54,097,07000US540979274511188,"Buckhannon city (part), Second district, Upshur County, West Virginia",11,11,0,11,0,11,0,0,0
ACSSF,2009e5,wv,000,0033,0000868,070,54,097,07000US540979274599999,"Remainder of Second district, Second district, Upshur County, West Virginia",3281,2430,2087,343,153,190,851,771,80
ACSSF,2009e5,wv,000,0033,0000869,070,54,097,07000US540979310511188,"Buckhannon city (part), Third district, Upshur County, West Virginia",0,0,0,0,0,0,0,0,0
ACSSF,2009e5,wv,000,0033,0000870,070,54,097,07000US540979310599999,"Remainder of Third district, Third district, Upshur County, West Virginia",3456,2374,2018,356,87,269,1082,799,283
ACSSF,2009e5,wv,000,0033,0000871,070,54,099,07000US540999032428516,"Fort Gay town, Butler district, Wayne County, West Virginia",367,208,142,66,19,47,159,159,0
ACSSF,2009e5,wv,000,0033,0000872,070,54,099,07000US540999032499999,"Remainder of Butler district, Butler district, Wayne County, West Virginia",3201,2480,2046,434,114,320,721,587,134
ACSSF,2009e5,wv,000,0033,0000873,070,54,099,07000US540999049214308,"Ceredo city (part), Ceredo district, Wayne County, West Virginia",947,507,370,137,33,104,440,347,93
ACSSF,2009e5,wv,000,0033,0000874,070,54,099,07000US540999049243180,"Kenova city, Ceredo district, Wayne County, West Virginia",1361,854,619,235,74,161,507,491,16
ACSSF,2009e5,wv,000,0033,0000875,070,54,099,07000US540999049299999,"Remainder of Ceredo district, Ceredo district, Wayne County, West Virginia",1181,940,848,92,62,30,241,189,52
ACSSF,2009e5,wv,000,0033,0000876,070,54,099,07000US540999303699999,"Stonewall district, Stonewall district, Wayne County, West Virginia",2866,2212,1717,495,192,303,654,594,60
ACSSF,2009e5,wv,000,0033,0000877,070,54,099,07000US540999337284940,"Wayne town, Union district, Wayne County, West Virginia",615,404,270,134,29,105,211,173,38
ACSSF,2009e5,wv,000,0033,0000878,070,54,099,07000US540999337299999,"Remainder of Union district, Union district, Wayne County, West Virginia",2997,2218,1912,306,64,242,779,720,59
ACSSF,2009e5,wv,000,0033,0000879,070,54,099,07000US540999362414308,"Ceredo city (part), Westmoreland district, Wayne County, West Virginia",32,27,27,0,0,0,5,0,5
ACSSF,2009e5,wv,000,0033,0000880,070,54,099,07000US540999362439460,"Huntington city (part), Westmoreland district, Wayne County, West Virginia",1638,1050,726,324,51,273,588,545,43
ACSSF,2009e5,wv,000,0033,0000881,070,54,099,07000US540999362499999,"Remainder of Westmoreland district, Westmoreland district, Wayne County, West Virginia",1761,1274,1049,225,11,214,487,428,59
ACSSF,2009e5,wv,000,0033,0000882,070,54,101,07000US541019047100364,"Addison (Webster Springs) town, Central district, Webster County, West Virginia",456,293,184,109,3,106,163,143,20
ACSSF,2009e5,wv,000,0033,0000883,070,54,101,07000US541019047199999,"Remainder of Central district, Central district, Webster County, West Virginia",809,607,543,64,9,55,202,184,18
ACSSF,2009e5,wv,000,0033,0000884,070,54,101,07000US541019236099999,"Northern district, Northern district, Webster County, West Virginia",1366,865,714,151,51,100,501,412,89
ACSSF,2009e5,wv,000,0033,0000885,070,54,101,07000US541019292512436,"Camden-on-Gauley town, Southern district, Webster County, West Virginia",81,38,14,24,0,24,43,33,10
ACSSF,2009e5,wv,000,0033,0000886,070,54,101,07000US541019292518412,"Cowen town, Southern district, Webster County, West Virginia",274,188,127,61,22,39,86,71,15
ACSSF,2009e5,wv,000,0033,0000887,070,54,101,07000US541019292599999,"Remainder of Southern district, Southern district, Webster County, West Virginia",1230,891,722,169,144,25,339,273,66
ACSSF,2009e5,wv,000,0033,0000888,070,54,103,07000US541039079439340,"Hundred town, District 1, Wetzel County, West Virginia",122,82,78,4,0,4,40,27,13
ACSSF,2009e5,wv,000,0033,0000889,070,54,103,07000US541039079463892,"Pine Grove town, District 1, Wetzel County, West Virginia",203,161,125,36,17,19,42,42,0
ACSSF,2009e5,wv,000,0033,0000890,070,54,103,07000US541039079474788,"Smithfield town, District 1, Wetzel County, West Virginia",72,35,27,8,4,4,37,37,0
ACSSF,2009e5,wv,000,0033,0000891,070,54,103,07000US541039079499999,"District Remainder of 1, District 1, Wetzel County, West Virginia",1922,1501,1262,239,76,163,421,418,3
ACSSF,2009e5,wv,000,0033,0000892,070,54,103,07000US541039083061636,"Paden City city (part), District 2, Wetzel County, West Virginia",737,505,400,105,20,85,232,215,17
ACSSF,2009e5,wv,000,0033,0000893,070,54,103,07000US541039083099999,"District Remainder of 2, District 2, Wetzel County, West Virginia",1341,1146,935,211,62,149,195,174,21
ACSSF,2009e5,wv,000,0033,0000894,070,54,103,07000US541039086758684,"New Martinsville city, District 3, Wetzel County, West Virginia",2674,1511,1273,238,29,209,1163,994,169
ACSSF,2009e5,wv,000,0033,0000895,070,54,103,07000US541039086799999,"District Remainder of 3, District 3, Wetzel County, West Virginia",0,0,0,0,0,0,0,0,0
ACSSF,2009e5,wv,000,0033,0000896,070,54,105,07000US541059047324364,"Elizabeth town, Central district, Wirt County, West Virginia",529,339,211,128,51,77,190,164,26
ACSSF,2009e5,wv,000,0033,0000897,070,54,105,07000US541059047399999,"Remainder of Central district, Central district, Wirt County, West Virginia",444,339,284,55,24,31,105,95,10
ACSSF,2009e5,wv,000,0033,0000898,070,54,105,07000US541059234499999,"Northeast district, Northeast district, Wirt County, West Virginia",851,540,527,13,0,13,311,261,50
ACSSF,2009e5,wv,000,0033,0000899,070,54,105,07000US541059295899999,"Southwest district, Southwest district, Wirt County, West Virginia",708,550,509,41,26,15,158,132,26
ACSSF,2009e5,wv,000,0033,0000900,070,54,107,07000US541079058899999,"Clay district, Clay district, Wood County, West Virginia",2446,1686,1373,313,53,260,760,669,91
ACSSF,2009e5,wv,000,0033,0000901,070,54,107,07000US541079156099999,"Harris district, Harris district, Wood County, West Virginia",765,565,524,41,13,28,200,161,39
ACSSF,2009e5,wv,000,0033,0000902,070,54,107,07000US541079198008308,"Blennerhassett CDP, Lubeck district, Wood County, West Virginia",1210,847,644,203,62,141,363,354,9
ACSSF,2009e5,wv,000,0033,0000903,070,54,107,07000US541079198049156,"Lubeck CDP, Lubeck district, Wood County, West Virginia",556,424,258,166,106,60,132,116,16
ACSSF,2009e5,wv,000,0033,0000904,070,54,107,07000US541079198062140,"Parkersburg city (part), Lubeck district, Wood County, West Virginia",485,310,252,58,51,7,175,133,42
ACSSF,2009e5,wv,000,0033,0000905,070,54,107,07000US541079198084724,"Washington CDP, Lubeck district, Wood County, West Virginia",547,416,384,32,0,32,131,117,14
ACSSF,2009e5,wv,000,0033,0000906,070,54,107,07000US541079198099999,"Remainder of Lubeck district, Lubeck district, Wood County, West Virginia",1426,1062,873,189,48,141,364,289,75
ACSSF,2009e5,wv,000,0033,0000907,070,54,107,07000US541079242459458,"North Hills town (part), Parkersburg district, Wood County, West Virginia",108,77,65,12,12,0,31,15,16
ACSSF,2009e5,wv,000,0033,0000908,070,54,107,07000US541079242462140,"Parkersburg city (part), Parkersburg district, Wood County, West Virginia",9596,5445,3427,2018,453,1565,4151,3530,621
ACSSF,2009e5,wv,000,0033,0000909,070,54,107,07000US541079242483500,"Vienna city (part), Parkersburg district, Wood County, West Virginia",2331,1249,1042,207,58,149,1082,905,177
ACSSF,2009e5,wv,000,0033,0000910,070,54,107,07000US541079242499999,"Remainder of Parkersburg district, Parkersburg district, Wood County, West Virginia",1215,617,501,116,51,65,598,536,62
ACSSF,2009e5,wv,000,0033,0000911,070,54,107,07000US541079285654580,"Mineralwells CDP, Slate district, Wood County, West Virginia",714,599,506,93,22,71,115,90,25
ACSSF,2009e5,wv,000,0033,0000912,070,54,107,07000US541079285699999,"Remainder of Slate district, Slate district, Wood County, West Virginia",1236,917,762,155,47,108,319,257,62
ACSSF,2009e5,wv,000,0033,0000913,070,54,107,07000US541079302499999,"Steele district, Steele district, Wood County, West Virginia",439,391,345,46,10,36,48,48,0
ACSSF,2009e5,wv,000,0033,0000914,070,54,107,07000US541079318062140,"Parkersburg city (part), Tygart district, Wood County, West Virginia",4274,2704,1913,791,129,662,1570,1331,239
ACSSF,2009e5,wv,000,0033,0000915,070,54,107,07000US541079318099999,"Remainder of Tygart district, Tygart district, Wood County, West Virginia",1383,978,767,211,64,147,405,312,93
ACSSF,2009e5,wv,000,0033,0000916,070,54,107,07000US541079338499999,"Union district, Union district, Wood County, West Virginia",1985,1696,1507,189,129,60,289,233,56
ACSSF,2009e5,wv,000,0033,0000917,070,54,107,07000US541079344499999,"Walker district, Walker district, Wood County, West Virginia",392,309,303,6,0,6,83,83,0
ACSSF,2009e5,wv,000,0033,0000918,070,54,107,07000US541079367208836,"Boaz CDP, Williams district, Wood County, West Virginia",660,490,395,95,29,66,170,143,27
ACSSF,2009e5,wv,000,0033,0000919,070,54,107,07000US541079367259458,"North Hills town (part), Williams district, Wood County, West Virginia",218,170,145,25,15,10,48,28,20
ACSSF,2009e5,wv,000,0033,0000920,070,54,107,07000US541079367283500,"Vienna city (part), Williams district, Wood County, West Virginia",2540,1797,1551,246,104,142,743,642,101
ACSSF,2009e5,wv,000,0033,0000921,070,54,107,07000US541079367287556,"Williamstown city, Williams district, Wood County, West Virginia",1219,834,667,167,37,130,385,366,19
ACSSF,2009e5,wv,000,0033,0000922,070,54,107,07000US541079367299999,"Remainder of Williams district, Williams district, Wood County, West Virginia",1289,914,671,243,34,209,375,335,40
ACSSF,2009e5,wv,000,0033,0000923,070,54,109,07000US541099079557148,"Mullens city, District 1, Wyoming County, West Virginia",736,499,353,146,43,103,237,222,15
ACSSF,2009e5,wv,000,0033,0000924,070,54,109,07000US541099079599999,"District Remainder of 1, District 1, Wyoming County, West Virginia",2357,1739,1270,469,100,369,618,492,126
ACSSF,2009e5,wv,000,0033,0000925,070,54,109,07000US541099083163940,"Pineville town, District 2, Wyoming County, West Virginia",333,261,195,66,12,54,72,67,5
ACSSF,2009e5,wv,000,0033,0000926,070,54,109,07000US541099083199999,"District Remainder of 2, District 2, Wyoming County, West Virginia",3089,2224,1931,293,92,201,865,726,139
ACSSF,2009e5,wv,000,0033,0000927,070,54,109,07000US541099086860364,"Oceana town, District 3, Wyoming County, West Virginia",624,362,260,102,13,89,262,252,10
ACSSF,2009e5,wv,000,0033,0000928,070,54,109,07000US541099086899999,"District Remainder of 3, District 3, Wyoming County, West Virginia",2743,2139,1723,416,137,279,604,546,58
ACSSF,2009e5,wv,000,0033,0000929,080,54,001,08000US540019232863292965600,"Census Tract 9656 (part), Philippi city (part), North district, Barbour County, West Virginia",837,387,247,140,16,124,450,415,35
ACSSF,2009e5,wv,000,0033,0000930,080,54,001,08000US540019232863292965700,"Census Tract 9657 (part), Philippi city (part), North district, Barbour County, West Virginia",29,29,23,6,0,6,0,0,0
ACSSF,2009e5,wv,000,0033,0000931,080,54,001,08000US540019232899999965600,"Census Tract 9656 (part), Remainder of North district, North district, Barbour County, West Virginia",165,140,140,0,0,0,25,25,0
ACSSF,2009e5,wv,000,0033,0000932,080,54,001,08000US540019232899999965700,"Census Tract 9657 (part), Remainder of North district, North district, Barbour County, West Virginia",1519,1071,829,242,104,138,448,420,28
ACSSF,2009e5,wv,000,0033,0000933,080,54,001,08000US540019289205788965800,"Census Tract 9658 (part), Belington town, South district, Barbour County, West Virginia",746,579,428,151,54,97,167,148,19
ACSSF,2009e5,wv,000,0033,0000934,080,54,001,08000US540019289242244965800,"Census Tract 9658 (part), Junior town, South district, Barbour County, West Virginia",139,98,58,40,14,26,41,41,0
ACSSF,2009e5,wv,000,0033,0000935,080,54,001,08000US540019289299999965500,"Census Tract 9655 (part), Remainder of South district, South district, Barbour County, West Virginia",383,281,213,68,8,60,102,91,11
ACSSF,2009e5,wv,000,0033,0000936,080,54,001,08000US540019289299999965700,"Census Tract 9657 (part), Remainder of South district, South district, Barbour County, West Virginia",335,264,219,45,20,25,71,71,0
ACSSF,2009e5,wv,000,0033,0000937,080,54,001,08000US540019289299999965800,"Census Tract 9658 (part), Remainder of South district, South district, Barbour County, West Virginia",411,309,252,57,15,42,102,102,0
ACSSF,2009e5,wv,000,0033,0000938,080,54,001,08000US540019358863292965500,"Census Tract 9655 (part), Philippi city (part), West district, Barbour County, West Virginia",51,51,15,36,0,36,0,0,0
ACSSF,2009e5,wv,000,0033,0000939,080,54,001,08000US540019358863292965600,"Census Tract 9656 (part), Philippi city (part), West district, Barbour County, West Virginia",313,178,133,45,33,12,135,61,74
ACSSF,2009e5,wv,000,0033,0000940,080,54,001,08000US540019358899999965500,"Census Tract 9655 (part), Remainder of West district, West district, Barbour County, West Virginia",1073,778,615,163,65,98,295,272,23
ACSSF,2009e5,wv,000,0033,0000941,080,54,001,08000US540019358899999965600,"Census Tract 9656 (part), Remainder of West district, West district, Barbour County, West Virginia",106,106,90,16,0,16,0,0,0
ACSSF,2009e5,wv,000,0033,0000942,080,54,001,08000US540019358899999965700,"Census Tract 9657 (part), Remainder of West district, West district, Barbour County, West Virginia",0,0,0,0,0,0,0,0,0
ACSSF,2009e5,wv,000,0033,0000943,080,54,003,08000US540039000652060971300,"Census Tract 9713 (part), Martinsburg city (part), Adam Stephens district, Berkeley County, West Virginia",172,70,70,0,0,0,102,73,29
ACSSF,2009e5,wv,000,0033,0000944,080,54,003,08000US540039000652060971400,"Census Tract 9714 (part), Martinsburg city (part), Adam Stephens district, Berkeley County, West Virginia",187,101,44,57,0,57,86,51,35
ACSSF,2009e5,wv,000,0033,0000945,080,54,003,08000US540039000652060971500,"Census Tract 9715 (part), Martinsburg city (part), Adam Stephens district, Berkeley County, West Virginia",1332,628,419,209,105,104,704,696,8
ACSSF,2009e5,wv,000,0033,0000946,080,54,003,08000US540039000652060971600,"Census Tract 9716 (part), Martinsburg city (part), Adam Stephens district, Berkeley County, West Virginia",1847,1040,777,263,16,247,807,680,127
ACSSF,2009e5,wv,000,0033,0000947,080,54,003,08000US540039000652060971700,"Census Tract 9717 (part), Martinsburg city (part), Adam Stephens district, Berkeley County, West Virginia",2338,1203,622,581,136,445,1135,819,316
ACSSF,2009e5,wv,000,0033,0000948,080,54,003,08000US540039000652060972000,"Census Tract 9720 (part), Martinsburg city (part), Adam Stephens district, Berkeley County, West Virginia",59,49,30,19,0,19,10,0,10
ACSSF,2009e5,wv,000,0033,0000949,080,54,003,08000US540039000699999971300,"Census Tract 9713 (part), Remainder of Adam Stephens district, Adam Stephens district, Berkeley County, West Virginia",0,0,0,0,0,0,0,0,0
ACSSF,2009e5,wv,000,0033,0000950,080,54,003,08000US540039000699999971400,"Census Tract 9714 (part), Remainder of Adam Stephens district, Adam Stephens district, Berkeley County, West Virginia",0,0,0,0,0,0,0,0,0
ACSSF,2009e5,wv,000,0033,0000951,080,54,003,08000US540039000699999971500,"Census Tract 9715 (part), Remainder of Adam Stephens district, Adam Stephens district, Berkeley County, West Virginia",42,42,35,7,0,7,0,0,0
ACSSF,2009e5,wv,000,0033,0000952,080,54,003,08000US540039000699999971600,"Census Tract 9716 (part), Remainder of Adam Stephens district, Adam Stephens district, Berkeley County, West Virginia",68,48,27,21,0,21,20,20,0
ACSSF,2009e5,wv,000,0033,0000953,080,54,003,08000US540039000699999971700,"Census Tract 9717 (part), Remainder of Adam Stephens district, Adam Stephens district, Berkeley County, West Virginia",125,112,71,41,0,41,13,13,0
ACSSF,2009e5,wv,000,0033,0000954,080,54,003,08000US540039000699999971900,"Census Tract 9719 (part), Remainder of Adam Stephens district, Adam Stephens district, Berkeley County, West Virginia",108,99,70,29,21,8,9,9,0
ACSSF,2009e5,wv,000,0033,0000955,080,54,003,08000US540039232236220971200,"Census Tract 9712 (part), Hedgesville town (part), Norborne district, Berkeley County, West Virginia",135,80,65,15,3,12,55,20,35
ACSSF,2009e5,wv,000,0033,0000956,080,54,003,08000US540039232252060971300,"Census Tract 9713 (part), Martinsburg city (part), Norborne district, Berkeley County, West Virginia",427,325,183,142,0,142,102,67,35
ACSSF,2009e5,wv,000,0033,0000957,080,54,003,08000US540039232252060971600,"Census Tract 9716 (part), Martinsburg city (part), Norborne district, Berkeley County, West Virginia",0,0,0,0,0,0,0,0,0
ACSSF,2009e5,wv,000,0033,0000958,080,54,003,08000US540039232252060971900,"Census Tract 9719 (part), Martinsburg city (part), Norborne district, Berkeley County, West Virginia",183,129,82,47,27,20,54,36,18
ACSSF,2009e5,wv,000,0033,0000959,080,54,003,08000US540039232299999971200,"Census Tract 9712 (part), Remainder of Norborne district, Norborne district, Berkeley County, West Virginia",1996,1571,1276,295,151,144,425,328,97
ACSSF,2009e5,wv,000,0033,0000960,080,54,003,08000US540039232299999971300,"Census Tract 9713 (part), Remainder of Norborne district, Norborne district, Berkeley County, West Virginia",226,175,133,42,8,34,51,51,0
ACSSF,2009e5,wv,000,0033,0000961,080,54,003,08000US540039232299999971600,"Census Tract 9716 (part), Remainder of Norborne district, Norborne district, Berkeley County, West Virginia",0,0,0,0,0,0,0,0,0
ACSSF,2009e5,wv,000,0033,0000962,080,54,003,08000US540039232299999971800,"Census Tract 9718 (part), Remainder of Norborne district, Norborne district, Berkeley County, West Virginia",0,0,0,0,0,0,0,0,0
ACSSF,2009e5,wv,000,0033,0000963,080,54,003,08000US540039232299999971900,"Census Tract 9719 (part), Remainder of Norborne district, Norborne district, Berkeley County, West Virginia",323,283,249,34,0,34,40,40,0
ACSSF,2009e5,wv,000,0033,0000964,080,54,003,08000US540039252652060971300,"Census Tract 9713 (part), Martinsburg city (part), Potomac district, Berkeley County, West Virginia",224,58,36,22,0,22,166,166,0
ACSSF,2009e5,wv,000,0033,0000965,080,54,003,08000US540039252699999971100,"Census Tract 9711 (part), Remainder of Potomac district, Potomac district, Berkeley County, West Virginia",4867,3519,3069,450,178,272,1348,1060,288
ACSSF,2009e5,wv,000,0033,0000966,080,54,003,08000US540039252699999971300,"Census Tract 9713 (part), Remainder of Potomac district, Potomac district, Berkeley County, West Virginia",856,466,322,144,55,89,390,317,73
ACSSF,2009e5,wv,000,0033,0000967,080,54,003,08000US540039275440204972100,"Census Tract 9721 (part), Inwood CDP, Shenandoah district, Berkeley County, West Virginia",1089,804,627,177,74,103,285,217,68
ACSSF,2009e5,wv,000,0033,0000968,080,54,003,08000US540039275499999971900,"Census Tract 9719 (part), Remainder of Shenandoah district, Shenandoah district, Berkeley County, West Virginia",963,639,492,147,58,89,324,252,72
ACSSF,2009e5,wv,000,0033,0000969,080,54,003,08000US540039275499999972000,"Census Tract 9720 (part), Remainder of Shenandoah district, Shenandoah district, Berkeley County, West Virginia",1348,985,777,208,108,100,363,290,73
ACSSF,2009e5,wv,000,0033,0000970,080,54,003,08000US540039275499999972100,"Census Tract 9721 (part), Remainder of Shenandoah district, Shenandoah district, Berkeley County, West Virginia",3998,2780,2078,702,321,381,1218,1025,193
ACSSF,2009e5,wv,000,0033,0000971,080,54,003,08000US540039317152060971300,"Census Tract 9713 (part), Martinsburg city (part), Tuscarora district, Berkeley County, West Virginia",0,0,0,0,0,0,0,0,0
ACSSF,2009e5,wv,000,0033,0000972,080,54,003,08000US540039317152060971400,"Census Tract 9714 (part), Martinsburg city (part), Tuscarora district, Berkeley County, West Virginia",270,124,76,48,13,35,146,136,10
ACSSF,2009e5,wv,000,0033,0000973,080,54,003,08000US540039317152060971500,"Census Tract 9715 (part), Martinsburg city (part), Tuscarora district, Berkeley County, West Virginia",19,19,0,19,0,19,0,0,0
ACSSF,2009e5,wv,000,0033,0000974,080,54,003,08000US540039317152060971900,"Census Tract 9719 (part), Martinsburg city (part), Tuscarora district, Berkeley County, West Virginia",0,0,0,0,0,0,0,0,0
ACSSF,2009e5,wv,000,0033,0000975,080,54,003,08000US540039317152060972000,"Census Tract 9720 (part), Martinsburg city (part), Tuscarora district, Berkeley County, West Virginia",205,136,91,45,0,45,69,59,10
ACSSF,2009e5,wv,000,0033,0000976,080,54,003,08000US540039317199999971300,"Census Tract 9713 (part), Remainder of Tuscarora district, Tuscarora district, Berkeley County, West Virginia",1496,1072,770,302,81,221,424,304,120
ACSSF,2009e5,wv,000,0033,0000977,080,54,003,08000US540039317199999971400,"Census Tract 9714 (part), Remainder of Tuscarora district, Tuscarora district, Berkeley County, West Virginia",2659,2013,1672,341,124,217,646,539,107
ACSSF,2009e5,wv,000,0033,0000978,080,54,003,08000US540039317199999971500,"Census Tract 9715 (part), Remainder of Tuscarora district, Tuscarora district, Berkeley County, West Virginia",90,59,59,0,0,0,31,31,0
ACSSF,2009e5,wv,000,0033,0000979,080,54,003,08000US540039317199999971900,"Census Tract 9719 (part), Remainder of Tuscarora district, Tuscarora district, Berkeley County, West Virginia",67,67,60,7,0,7,0,0,0
ACSSF,2009e5,wv,000,0033,0000980,080,54,003,08000US540039317199999972000,"Census Tract 9720 (part), Remainder of Tuscarora district, Tuscarora district, Berkeley County, West Virginia",1988,1205,878,327,38,289,783,643,140
ACSSF,2009e5,wv,000,0033,0000981,080,54,003,08000US540039338836220971200,"Census Tract 9712 (part), Hedgesville town (part), Valley district, Berkeley County, West Virginia",0,0,0,0,0,0,0,0,0
ACSSF,2009e5,wv,000,0033,0000982,080,54,003,08000US540039338899999971100,"Census Tract 9711 (part), Remainder of Valley district, Valley district, Berkeley County, West Virginia",10,0,0,0,0,0,10,10,0
ACSSF,2009e5,wv,000,0033,0000983,080,54,003,08000US540039338899999971200,"Census Tract 9712 (part), Remainder of Valley district, Valley district, Berkeley County, West Virginia",3855,2722,2113,609,193,416,1133,959,174
ACSSF,2009e5,wv,000,0033,0000984,080,54,003,08000US540039338899999971800,"Census Tract 9718 (part), Remainder of Valley district, Valley district, Berkeley County, West Virginia",3166,2319,1716,603,260,343,847,699,148
ACSSF,2009e5,wv,000,0033,0000985,080,54,003,08000US540039338899999971900,"Census Tract 9719 (part), Remainder of Valley district, Valley district, Berkeley County, West Virginia",1419,929,802,127,39,88,490,417,73
ACSSF,2009e5,wv,000,0033,0000986,080,54,003,08000US540039338899999972100,"Census Tract 9721 (part), Remainder of Valley district, Valley district, Berkeley County, West Virginia",0,0,0,0,0,0,0,0,0
ACSSF,2009e5,wv,000,0033,0000987,080,54,005,08000US540059076278964958500,"Census Tract 9585 (part), Sylvester town, District 1, Boone County, West Virginia",75,50,41,9,6,3,25,22,3
ACSSF,2009e5,wv,000,0033,0000988,080,54,005,08000US540059076278964958600,"Census Tract 9586 (part), Sylvester town, District 1, Boone County, West Virginia",0,0,0,0,0,0,0,0,0
ACSSF,2009e5,wv,000,0033,0000989,080,54,005,08000US540059076286836958500,"Census Tract 9585 (part), Whitesville town, District 1, Boone County, West Virginia",173,89,82,7,0,7,84,75,9
ACSSF,2009e5,wv,000,0033,0000990,080,54,005,08000US540059076286836958600,"Census Tract 9586 (part), Whitesville town, District 1, Boone County, West Virginia",57,40,29,11,0,11,17,17,0
ACSSF,2009e5,wv,000,0033,0000991,080,54,005,08000US540059076299999958200,"Census Tract 9582 (part), District Remainder of 1, District 1, Boone County, West Virginia",1242,939,728,211,96,115,303,285,18
ACSSF,2009e5,wv,000,0033,0000992,080,54,005,08000US540059076299999958500,"Census Tract 9585 (part), District Remainder of 1, District 1, Boone County, West Virginia",1290,957,767,190,59,131,333,302,31
ACSSF,2009e5,wv,000,0033,0000993,080,54,005,08000US540059076299999958600,"Census Tract 9586 (part), District Remainder of 1, District 1, Boone County, West Virginia",935,663,517,146,65,81,272,233,39
ACSSF,2009e5,wv,000,0033,0000994,080,54,005,08000US540059079650524958500,"Census Tract 9585 (part), Madison city (part), District 2, Boone County, West Virginia",110,110,61,49,25,24,0,0,0
ACSSF,2009e5,wv,000,0033,0000995,080,54,005,08000US540059079650524958800,"Census Tract 9588 (part), Madison city (part), District 2, Boone County, West Virginia",75,50,50,0,0,0,25,25,0
ACSSF,2009e5,wv,000,0033,0000996,080,54,005,08000US540059079699999958300,"Census Tract 9583 (part), District Remainder of 2, District 2, Boone County, West Virginia",746,574,495,79,63,16,172,152,20
ACSSF,2009e5,wv,000,0033,0000997,080,54,005,08000US540059079699999958500,"Census Tract 9585 (part), District Remainder of 2, District 2, Boone County, West Virginia",305,249,209,40,24,16,56,56,0
ACSSF,2009e5,wv,000,0033,0000998,080,54,005,08000US540059079699999958700,"Census Tract 9587, District Remainder of 2, District 2, Boone County, West Virginia",758,556,485,71,19,52,202,191,11
ACSSF,2009e5,wv,000,0033,0000999,080,54,005,08000US540059079699999958800,"Census Tract 9588 (part), District Remainder of 2, District 2, Boone County, West Virginia",1018,631,516,115,35,80,387,334,53
ACSSF,2009e5,wv,000,0033,0001000,080,54,005,08000US540059083220212958200,"Census Tract 9582 (part), Danville town, District 3, Boone County, West Virginia",0,0,0,0,0,0,0,0,0
ACSSF,2009e5,wv,000,0033,0001001,080,54,005,08000US540059083220212958300,"Census Tract 9583 (part), Danville town, District 3, Boone County, West Virginia",151,6,6,0,0,0,145,145,0
ACSSF,2009e5,wv,000,0033,0001002,080,54,005,08000US540059083220212958400,"Census Tract 9584 (part), Danville town, District 3, Boone County, West Virginia",118,95,79,16,0,16,23,18,5
ACSSF,2009e5,wv,000,0033,0001003,080,54,005,08000US540059083220212958500,"Census Tract 9585 (part), Danville town, District 3, Boone County, West Virginia",157,128,89,39,5,34,29,29,0
ACSSF,2009e5,wv,000,0033,0001004,080,54,005,08000US540059083250524958400,"Census Tract 9584 (part), Madison city (part), District 3, Boone County, West Virginia",457,358,289,69,15,54,99,84,15
ACSSF,2009e5,wv,000,0033,0001005,080,54,005,08000US540059083250524958500,"Census Tract 9585 (part), Madison city (part), District 3, Boone County, West Virginia",509,217,167,50,0,50,292,268,24
ACSSF,2009e5,wv,000,0033,0001006,080,54,005,08000US540059083250524958800,"Census Tract 9588 (part), Madison city (part), District 3, Boone County, West Virginia",24,24,15,9,9,0,0,0,0
ACSSF,2009e5,wv,000,0033,0001007,080,54,005,08000US540059083299999958200,"Census Tract 9582 (part), District Remainder of 3, District 3, Boone County, West Virginia",490,338,239,99,25,74,152,152,0
ACSSF,2009e5,wv,000,0033,0001008,080,54,005,08000US540059083299999958300,"Census Tract 9583 (part), District Remainder of 3, District 3, Boone County, West Virginia",750,476,353,123,48,75,274,242,32
ACSSF,2009e5,wv,000,0033,0001009,080,54,005,08000US540059083299999958400,"Census Tract 9584 (part), District Remainder of 3, District 3, Boone County, West Virginia",387,236,191,45,0,45,151,96,55
ACSSF,2009e5,wv,000,0033,0001010,080,54,005,08000US540059083299999958500,"Census Tract 9585 (part), District Remainder of 3, District 3, Boone County, West Virginia",515,316,294,22,0,22,199,113,86
ACSSF,2009e5,wv,000,0033,0001011,080,54,005,08000US540059083299999958800,"Census Tract 9588 (part), District Remainder of 3, District 3, Boone County, West Virginia",223,196,196,0,0,0,27,27,0
ACSSF,2009e5,wv,000,0033,0001012,080,54,007,08000US540079096827868967900,"Census Tract 9679 (part), Flatwoods town (part), Eastern district, Braxton County, West Virginia",39,24,22,2,0,2,15,15,0
ACSSF,2009e5,wv,000,0033,0001013,080,54,007,08000US540079096878580968100,"Census Tract 9681 (part), Sutton town (part), Eastern district, Braxton County, West Virginia",455,295,169,126,20,106,160,152,8
ACSSF,2009e5,wv,000,0033,0001014,080,54,007,08000US540079096899999967900,"Census Tract 9679 (part), Remainder of Eastern district, Eastern district, Braxton County, West Virginia",431,221,196,25,0,25,210,175,35
ACSSF,2009e5,wv,000,0033,0001015,080,54,007,08000US540079096899999968100,"Census Tract 9681 (part), Remainder of Eastern district, Eastern district, Braxton County, West Virginia",426,280,264,16,16,0,146,71,75
ACSSF,2009e5,wv,000,0033,0001016,080,54,007,08000US540079234611716967900,"Census Tract 9679 (part), Burnsville town, Northern district, Braxton County, West Virginia",197,113,91,22,0,22,84,57,27
ACSSF,2009e5,wv,000,0033,0001017,080,54,007,08000US540079234627868967900,"Census Tract 9679 (part), Flatwoods town (part), Northern district, Braxton County, West Virginia",72,48,39,9,0,9,24,18,6
ACSSF,2009e5,wv,000,0033,0001018,080,54,007,08000US540079234699999967900,"Census Tract 9679 (part), Remainder of Northern district, Northern district, Braxton County, West Virginia",1100,720,566,154,35,119,380,329,51
ACSSF,2009e5,wv,000,0033,0001019,080,54,007,08000US540079234699999968000,"Census Tract 9680 (part), Remainder of Northern district, Northern district, Braxton County, West Virginia",23,0,0,0,0,0,23,23,0
ACSSF,2009e5,wv,000,0033,0001020,080,54,007,08000US540079292299999968000,"Census Tract 9680 (part), Southern district, Southern district, Braxton County, West Virginia",677,455,311,144,65,79,222,174,48
ACSSF,2009e5,wv,000,0033,0001021,080,54,007,08000US540079292299999968100,"Census Tract 9681 (part), Southern district, Southern district, Braxton County, West Virginia",1122,745,654,91,36,55,377,321,56
ACSSF,2009e5,wv,000,0033,0001022,080,54,007,08000US540079359730220968000,"Census Tract 9680 (part), Gassaway town, Western district, Braxton County, West Virginia",405,245,186,59,0,59,160,148,12
ACSSF,2009e5,wv,000,0033,0001023,080,54,007,08000US540079359778580968100,"Census Tract 9681 (part), Sutton town (part), Western district, Braxton County, West Virginia",83,52,31,21,16,5,31,24,7
ACSSF,2009e5,wv,000,0033,0001024,080,54,007,08000US540079359799999967900,"Census Tract 9679 (part), Remainder of Western district, Western district, Braxton County, West Virginia",26,12,12,0,0,0,14,14,0
ACSSF,2009e5,wv,000,0033,0001025,080,54,007,08000US540079359799999968000,"Census Tract 9680 (part), Remainder of Western district, Western district, Braxton County, West Virginia",927,695,562,133,11,122,232,216,16
ACSSF,2009e5,wv,000,0033,0001026,080,54,007,08000US540079359799999968100,"Census Tract 9681 (part), Remainder of Western district, Western district, Braxton County, West Virginia",155,60,37,23,12,11,95,95,0
ACSSF,2009e5,wv,000,0033,0001027,080,54,009,08000US540099110428204031100,"Census Tract 311 (part), Follansbee city (part), Follansbee district, Brooke County, West Virginia",725,537,439,98,29,69,188,174,14
ACSSF,2009e5,wv,000,0033,0001028,080,54,009,08000US540099110428204031200,"Census Tract 312 (part), Follansbee city (part), Follansbee district, Brooke County, West Virginia",544,312,203,109,44,65,232,201,31
ACSSF,2009e5,wv,000,0033,0001029,080,54,009,08000US540099110438476031100,"Census Tract 311 (part), Hooverson Heights CDP (part), Follansbee district, Brooke County, West Virginia",102,58,58,0,0,0,44,44,0
ACSSF,2009e5,wv,000,0033,0001030,080,54,009,08000US540099110438476031200,"Census Tract 312 (part), Hooverson Heights CDP (part), Follansbee district, Brooke County, West Virginia",858,658,545,113,19,94,200,200,0
ACSSF,2009e5,wv,000,0033,0001031,080,54,009,08000US540099110499999031100,"Census Tract 311 (part), Remainder of Follansbee district, Follansbee district, Brooke County, West Virginia",48,48,48,0,0,0,0,0,0
ACSSF,2009e5,wv,000,0033,0001032,080,54,009,08000US540099110499999031200,"Census Tract 312 (part), Remainder of Follansbee district, Follansbee district, Brooke County, West Virginia",0,0,0,0,0,0,0,0,0
ACSSF,2009e5,wv,000,0033,0001033,080,54,009,08000US540099110499999031300,"Census Tract 313 (part), Remainder of Follansbee district, Follansbee district, Brooke County, West Virginia",730,528,357,171,17,154,202,202,0
ACSSF,2009e5,wv,000,0033,0001034,080,54,009,08000US540099110499999031600,"Census Tract 316 (part), Remainder of Follansbee district, Follansbee district, Brooke County, West Virginia",729,558,469,89,1,88,171,154,17
ACSSF,2009e5,wv,000,0033,0001035,080,54,009,08000US540099110499999031700,"Census Tract 317 (part), Remainder of Follansbee district, Follansbee district, Brooke County, West Virginia",37,29,29,0,0,0,8,8,0
ACSSF,2009e5,wv,000,0033,0001036,080,54,009,08000US540099355228204031100,"Census Tract 311 (part), Follansbee city (part), Weirton district, Brooke County, West Virginia",0,0,0,0,0,0,0,0,0
ACSSF,2009e5,wv,000,0033,0001037,080,54,009,08000US540099355238476031100,"Census Tract 311 (part), Hooverson Heights CDP (part), Weirton district, Brooke County, West Virginia",372,164,144,20,20,0,208,139,69
ACSSF,2009e5,wv,000,0033,0001038,080,54,009,08000US540099355285156030200,"Census Tract 302, Weirton city (part), Weirton district, Brooke County, West Virginia",1130,700,448,252,14,238,430,404,26
ACSSF,2009e5,wv,000,0033,0001039,080,54,009,08000US540099355285156031100,"Census Tract 311 (part), Weirton city (part), Weirton district, Brooke County, West Virginia",582,380,186,194,74,120,202,151,51
ACSSF,2009e5,wv,000,0033,0001040,080,54,009,08000US540099355299999031100,"Census Tract 311 (part), Remainder of Weirton district, Weirton district, Brooke County, West Virginia",1098,835,780,55,40,15,263,205,58
ACSSF,2009e5,wv,000,0033,0001041,080,54,009,08000US540099355299999031300,"Census Tract 313 (part), Remainder of Weirton district, Weirton district, Brooke County, West Virginia",0,0,0,0,0,0,0,0,0
ACSSF,2009e5,wv,000,0033,0001042,080,54,009,08000US540099356405452031700,"Census Tract 317 (part), Beech Bottom village, Wellsburg district, Brooke County, West Virginia",197,116,72,44,8,36,81,68,13
ACSSF,2009e5,wv,000,0033,0001043,080,54,009,08000US540099356406844031600,"Census Tract 316 (part), Bethany town, Wellsburg district, Brooke County, West Virginia",142,85,66,19,9,10,57,50,7
ACSSF,2009e5,wv,000,0033,0001044,080,54,009,08000US540099356406844031700,"Census Tract 317 (part), Bethany town, Wellsburg district, Brooke County, West Virginia",0,0,0,0,0,0,0,0,0
ACSSF,2009e5,wv,000,0033,0001045,080,54,009,08000US540099356485324031400,"Census Tract 314 (part), Wellsburg city, Wellsburg district, Brooke County, West Virginia",1313,754,496,258,78,180,559,475,84
ACSSF,2009e5,wv,000,0033,0001046,080,54,009,08000US540099356487892031700,"Census Tract 317 (part), Windsor Heights village, Wellsburg district, Brooke County, West Virginia",176,121,94,27,9,18,55,47,8
ACSSF,2009e5,wv,000,0033,0001047,080,54,009,08000US540099356499999031300,"Census Tract 313 (part), Remainder of Wellsburg district, Wellsburg district, Brooke County, West Virginia",374,327,306,21,13,8,47,37,10
ACSSF,2009e5,wv,000,0033,0001048,080,54,009,08000US540099356499999031400,"Census Tract 314 (part), Remainder of Wellsburg district, Wellsburg district, Brooke County, West Virginia",0,0,0,0,0,0,0,0,0
ACSSF,2009e5,wv,000,0033,0001049,080,54,009,08000US540099356499999031600,"Census Tract 316 (part), Remainder of Wellsburg district, Wellsburg district, Brooke County, West Virginia",309,222,195,27,9,18,87,87,0
ACSSF,2009e5,wv,000,0033,0001050,080,54,009,08000US540099356499999031700,"Census Tract 317 (part), Remainder of Wellsburg district, Wellsburg district, Brooke County, West Virginia",540,365,266,99,34,65,175,175,0
ACSSF,2009e5,wv,000,0033,0001051,080,54,011,08000US540119076439460000900,"Census Tract 9 (part), Huntington city (part), District 1, Cabell County, West Virginia",711,299,207,92,10,82,412,328,84
ACSSF,2009e5,wv,000,0033,0001052,080,54,011,08000US540119076439460001000,"Census Tract 10, Huntington city (part), District 1, Cabell County, West Virginia",1059,590,293,297,131,166,469,423,46
ACSSF,2009e5,wv,000,0033,0001053,080,54,011,08000US540119076439460001100,"Census Tract 11, Huntington city (part), District 1, Cabell County, West Virginia",869,550,450,100,29,71,319,295,24
ACSSF,2009e5,wv,000,0033,0001054,080,54,011,08000US540119076439460001200,"Census Tract 12 (part), Huntington city (part), District 1, Cabell County, West Virginia",746,487,216,271,28,243,259,185,74
ACSSF,2009e5,wv,000,0033,0001055,080,54,011,08000US540119076439460001500,"Census Tract 15 (part), Huntington city (part), District 1, Cabell County, West Virginia",597,322,263,59,20,39,275,187,88
ACSSF,2009e5,wv,000,0033,0001056,080,54,011,08000US540119076439460002000,"Census Tract 20 (part), Huntington city (part), District 1, Cabell County, West Virginia",1115,759,628,131,0,131,356,338,18
ACSSF,2009e5,wv,000,0033,0001057,080,54,011,08000US540119076439460002100,"Census Tract 21 (part), Huntington city (part), District 1, Cabell County, West Virginia",934,554,444,110,31,79,380,371,9
ACSSF,2009e5,wv,000,0033,0001058,080,54,011,08000US540119076439460010102,"Census Tract 101.02 (part), Huntington city (part), District 1, Cabell County, West Virginia",49,49,32,17,0,17,0,0,0
ACSSF,2009e5,wv,000,0033,0001059,080,54,011,08000US540119076499999002000,"Census Tract 20 (part), District Remainder of 1, District 1, Cabell County, West Virginia",8,8,8,0,0,0,0,0,0
ACSSF,2009e5,wv,000,0033,0001060,080,54,011,08000US540119076499999002100,"Census Tract 21 (part), District Remainder of 1, District 1, Cabell County, West Virginia",59,38,38,0,0,0,21,9,12
ACSSF,2009e5,wv,000,0033,0001061,080,54,011,08000US540119076499999010102,"Census Tract 101.02 (part), District Remainder of 1, District 1, Cabell County, West Virginia",1903,1346,1081,265,141,124,557,543,14
ACSSF,2009e5,wv,000,0033,0001062,080,54,011,08000US540119079839460000500,"Census Tract 5 (part), Huntington city (part), District 2, Cabell County, West Virginia",176,6,6,0,0,0,170,74,96
ACSSF,2009e5,wv,000,0033,0001063,080,54,011,08000US540119079839460000600,"Census Tract 6 (part), Huntington city (part), District 2, Cabell County, West Virginia",826,43,29,14,14,0,783,518,265
ACSSF,2009e5,wv,000,0033,0001064,080,54,011,08000US540119079839460000700,"Census Tract 7, Huntington city (part), District 2, Cabell County, West Virginia",533,37,29,8,8,0,496,471,25
ACSSF,2009e5,wv,000,0033,0001065,080,54,011,08000US540119079839460000800,"Census Tract 8, Huntington city (part), District 2, Cabell County, West Virginia",582,192,102,90,23,67,390,350,40
ACSSF,2009e5,wv,000,0033,0001066,080,54,011,08000US540119079839460000900,"Census Tract 9 (part), Huntington city (part), District 2, Cabell County, West Virginia",0,0,0,0,0,0,0,0,0
ACSSF,2009e5,wv,000,0033,0001067,080,54,011,08000US540119079839460001200,"Census Tract 12 (part), Huntington city (part), District 2, Cabell County, West Virginia",630,343,283,60,14,46,287,274,13
ACSSF,2009e5,wv,000,0033,0001068,080,54,011,08000US540119079839460001300,"Census Tract 13, Huntington city (part), District 2, Cabell County, West Virginia",1556,629,386,243,57,186,927,683,244
ACSSF,2009e5,wv,000,0033,0001069,080,54,011,08000US540119079839460001400,"Census Tract 14, Huntington city (part), District 2, Cabell County, West Virginia",1032,567,316,251,38,213,465,396,69
ACSSF,2009e5,wv,000,0033,0001070,080,54,011,08000US540119079839460001500,"Census Tract 15 (part), Huntington city (part), District 2, Cabell County, West Virginia",414,217,94,123,14,109,197,190,7
ACSSF,2009e5,wv,000,0033,0001071,080,54,011,08000US540119079839460001600,"Census Tract 16, Huntington city (part), District 2, Cabell County, West Virginia",478,265,164,101,0,101,213,144,69
ACSSF,2009e5,wv,000,0033,0001072,080,54,011,08000US540119079839460001800,"Census Tract 18 (part), Huntington city (part), District 2, Cabell County, West Virginia",793,436,255,181,77,104,357,306,51
ACSSF,2009e5,wv,000,0033,0001073,080,54,011,08000US540119079839460002000,"Census Tract 20 (part), Huntington city (part), District 2, Cabell County, West Virginia",0,0,0,0,0,0,0,0,0
ACSSF,2009e5,wv,000,0033,0001074,080,54,011,08000US540119079839460002100,"Census Tract 21 (part), Huntington city (part), District 2, Cabell County, West Virginia",465,358,308,50,0,50,107,64,43
ACSSF,2009e5,wv,000,0033,0001075,080,54,011,08000US540119079839460010102,"Census Tract 101.02 (part), Huntington city (part), District 2, Cabell County, West Virginia",0,0,0,0,0,0,0,0,0
ACSSF,2009e5,wv,000,0033,0001076,080,54,011,08000US540119083404276010300,"Census Tract 103 (part), Barboursville village (part), District 3, Cabell County, West Virginia",0,0,0,0,0,0,0,0,0
ACSSF,2009e5,wv,000,0033,0001077,080,54,011,08000US540119083404276010400,"Census Tract 104 (part), Barboursville village (part), District 3, Cabell County, West Virginia",0,0,0,0,0,0,0,0,0
ACSSF,2009e5,wv,000,0033,0001078,080,54,011,08000US540119083439460000101,"Census Tract 1.01 (part), Huntington city (part), District 3, Cabell County, West Virginia",495,404,284,120,19,101,91,68,23
ACSSF,2009e5,wv,000,0033,0001079,080,54,011,08000US540119083439460000102,"Census Tract 1.02 (part), Huntington city (part), District 3, Cabell County, West Virginia",229,181,157,24,0,24,48,40,8
ACSSF,2009e5,wv,000,0033,0001080,080,54,011,08000US540119083439460000200,"Census Tract 2 (part), Huntington city (part), District 3, Cabell County, West Virginia",1024,633,428,205,80,125,391,309,82
ACSSF,2009e5,wv,000,0033,0001081,080,54,011,08000US540119083439460000300,"Census Tract 3, Huntington city (part), District 3, Cabell County, West Virginia",1119,596,407,189,48,141,523,427,96
ACSSF,2009e5,wv,000,0033,0001082,080,54,011,08000US540119083439460000400,"Census Tract 4, Huntington city (part), District 3, Cabell County, West Virginia",1186,435,232,203,63,140,751,359,392
ACSSF,2009e5,wv,000,0033,0001083,080,54,011,08000US540119083439460000500,"Census Tract 5 (part), Huntington city (part), District 3, Cabell County, West Virginia",381,61,21,40,14,26,320,77,243
ACSSF,2009e5,wv,000,0033,0001084,080,54,011,08000US540119083439460000600,"Census Tract 6 (part), Huntington city (part), District 3, Cabell County, West Virginia",0,0,0,0,0,0,0,0,0
ACSSF,2009e5,wv,000,0033,0001085,080,54,011,08000US540119083439460001800,"Census Tract 18 (part), Huntington city (part), District 3, Cabell County, West Virginia",876,481,243,238,40,198,395,314,81
ACSSF,2009e5,wv,000,0033,0001086,080,54,011,08000US540119083439460001900,"Census Tract 19, Huntington city (part), District 3, Cabell County, West Virginia",966,552,485,67,28,39,414,383,31
ACSSF,2009e5,wv,000,0033,0001087,080,54,011,08000US540119083439460002000,"Census Tract 20 (part), Huntington city (part), District 3, Cabell County, West Virginia",270,198,173,25,0,25,72,72,0
ACSSF,2009e5,wv,000,0033,0001088,080,54,011,08000US540119083439460010102,"Census Tract 101.02 (part), Huntington city (part), District 3, Cabell County, West Virginia",0,0,0,0,0,0,0,0,0
ACSSF,2009e5,wv,000,0033,0001089,080,54,011,08000US540119083499999000101,"Census Tract 1.01 (part), District Remainder of 3, District 3, Cabell County, West Virginia",136,68,20,48,11,37,68,59,9
ACSSF,2009e5,wv,000,0033,0001090,080,54,011,08000US540119083499999000200,"Census Tract 2 (part), District Remainder of 3, District 3, Cabell County, West Virginia",328,243,136,107,57,50,85,62,23
ACSSF,2009e5,wv,000,0033,0001091,080,54,011,08000US540119083499999010300,"Census Tract 103 (part), District Remainder of 3, District 3, Cabell County, West Virginia",381,246,213,33,7,26,135,124,11
ACSSF,2009e5,wv,000,0033,0001092,080,54,011,08000US540119083499999010400,"Census Tract 104 (part), District Remainder of 3, District 3, Cabell County, West Virginia",0,0,0,0,0,0,0,0,0
ACSSF,2009e5,wv,000,0033,0001093,080,54,011,08000US540119087004276000102,"Census Tract 1.02 (part), Barboursville village (part), District 4, Cabell County, West Virginia",0,0,0,0,0,0,0,0,0
ACSSF,2009e5,wv,000,0033,0001094,080,54,011,08000US540119087004276010102,"Census Tract 101.02 (part), Barboursville village (part), District 4, Cabell County, West Virginia",0,0,0,0,0,0,0,0,0
ACSSF,2009e5,wv,000,0033,0001095,080,54,011,08000US540119087004276010201,"Census Tract 102.01 (part), Barboursville village (part), District 4, Cabell County, West Virginia",101,17,17,0,0,0,84,71,13
ACSSF,2009e5,wv,000,0033,0001096,080,54,011,08000US540119087004276010202,"Census Tract 102.02 (part), Barboursville village (part), District 4, Cabell County, West Virginia",135,31,13,18,0,18,104,104,0
ACSSF,2009e5,wv,000,0033,0001097,080,54,011,08000US540119087004276010300,"Census Tract 103 (part), Barboursville village (part), District 4, Cabell County, West Virginia",0,0,0,0,0,0,0,0,0
ACSSF,2009e5,wv,000,0033,0001098,080,54,011,08000US540119087004276010400,"Census Tract 104 (part), Barboursville village (part), District 4, Cabell County, West Virginia",1330,963,789,174,31,143,367,328,39
ACSSF,2009e5,wv,000,0033,0001099,080,54,011,08000US540119087039460000102,"Census Tract 1.02 (part), Huntington city (part), District 4, Cabell County, West Virginia",12,12,12,0,0,0,0,0,0
ACSSF,2009e5,wv,000,0033,0001100,080,54,011,08000US540119087039460010102,"Census Tract 101.02 (part), Huntington city (part), District 4, Cabell County, West Virginia",0,0,0,0,0,0,0,0,0
ACSSF,2009e5,wv,000,0033,0001101,080,54,011,08000US540119087039460010202,"Census Tract 102.02 (part), Huntington city (part), District 4, Cabell County, West Virginia",86,34,21,13,0,13,52,42,10
ACSSF,2009e5,wv,000,0033,0001102,080,54,011,08000US540119087062488010201,"Census Tract 102.01 (part), Pea Ridge CDP, District 4, Cabell County, West Virginia",2176,1242,1135,107,9,98,934,633,301
ACSSF,2009e5,wv,000,0033,0001103,080,54,011,08000US540119087062488010202,"Census Tract 102.02 (part), Pea Ridge CDP, District 4, Cabell County, West Virginia",666,431,344,87,18,69,235,189,46
ACSSF,2009e5,wv,000,0033,0001104,080,54,011,08000US540119087099999000101,"Census Tract 1.01 (part), District Remainder of 4, District 4, Cabell County, West Virginia",0,0,0,0,0,0,0,0,0
ACSSF,2009e5,wv,000,0033,0001105,080,54,011,08000US540119087099999000102,"Census Tract 1.02 (part), District Remainder of 4, District 4, Cabell County, West Virginia",732,480,320,160,17,143,252,229,23
ACSSF,2009e5,wv,000,0033,0001106,080,54,011,08000US540119087099999010102,"Census Tract 101.02 (part), District Remainder of 4, District 4, Cabell County, West Virginia",644,423,372,51,12,39,221,208,13
ACSSF,2009e5,wv,000,0033,0001107,080,54,011,08000US540119087099999010201,"Census Tract 102.01 (part), District Remainder of 4, District 4, Cabell County, West Virginia",331,291,115,176,0,176,40,21,19
ACSSF,2009e5,wv,000,0033,0001108,080,54,011,08000US540119087099999010202,"Census Tract 102.02 (part), District Remainder of 4, District 4, Cabell County, West Virginia",1004,810,668,142,16,126,194,182,12
ACSSF,2009e5,wv,000,0033,0001109,080,54,011,08000US540119087099999010300,"Census Tract 103 (part), District Remainder of 4, District 4, Cabell County, West Virginia",34,34,34,0,0,0,0,0,0
ACSSF,2009e5,wv,000,0033,0001110,080,54,011,08000US540119087099999010400,"Census Tract 104 (part), District Remainder of 4, District 4, Cabell County, West Virginia",492,243,229,14,14,0,249,169,80
ACSSF,2009e5,wv,000,0033,0001111,080,54,011,08000US540119087099999010500,"Census Tract 105 (part), District Remainder of 4, District 4, Cabell County, West Virginia",1527,1323,1171,152,26,126,204,204,0
ACSSF,2009e5,wv,000,0033,0001112,080,54,011,08000US540119087099999010600,"Census Tract 106 (part), District Remainder of 4, District 4, Cabell County, West Virginia",650,454,372,82,39,43,196,172,24
ACSSF,2009e5,wv,000,0033,0001113,080,54,011,08000US540119088204276010300,"Census Tract 103 (part), Barboursville village (part), District 5, Cabell County, West Virginia",0,0,0,0,0,0,0,0,0
ACSSF,2009e5,wv,000,0033,0001114,080,54,011,08000US540119088204276010400,"Census Tract 104 (part), Barboursville village (part), District 5, Cabell County, West Virginia",0,0,0,0,0,0,0,0,0
ACSSF,2009e5,wv,000,0033,0001115,080,54,011,08000US540119088219516010600,"Census Tract 106 (part), Culloden CDP (part), District 5, Cabell County, West Virginia",178,114,80,34,17,17,64,53,11
ACSSF,2009e5,wv,000,0033,0001116,080,54,011,08000US540119088219516010800,"Census Tract 108 (part), Culloden CDP (part), District 5, Cabell County, West Virginia",828,561,420,141,75,66,267,201,66
ACSSF,2009e5,wv,000,0033,0001117,080,54,011,08000US540119088254484010700,"Census Tract 107 (part), Milton town, District 5, Cabell County, West Virginia",0,0,0,0,0,0,0,0,0
ACSSF,2009e5,wv,000,0033,0001118,080,54,011,08000US540119088254484010800,"Census Tract 108 (part), Milton town, District 5, Cabell County, West Virginia",1048,626,453,173,41,132,422,385,37
ACSSF,2009e5,wv,000,0033,0001119,080,54,011,08000US540119088299999010300,"Census Tract 103 (part), District Remainder of 5, District 5, Cabell County, West Virginia",687,500,364,136,18,118,187,168,19
ACSSF,2009e5,wv,000,0033,0001120,080,54,011,08000US540119088299999010400,"Census Tract 104 (part), District Remainder of 5, District 5, Cabell County, West Virginia",534,433,354,79,36,43,101,62,39
ACSSF,2009e5,wv,000,0033,0001121,080,54,011,08000US540119088299999010500,"Census Tract 105 (part), District Remainder of 5, District 5, Cabell County, West Virginia",465,334,308,26,0,26,131,131,0
ACSSF,2009e5,wv,000,0033,0001122,080,54,011,08000US540119088299999010600,"Census Tract 106 (part), District Remainder of 5, District 5, Cabell County, West Virginia",826,555,363,192,54,138,271,199,72
ACSSF,2009e5,wv,000,0033,0001123,080,54,011,08000US540119088299999010700,"Census Tract 107 (part), District Remainder of 5, District 5, Cabell County, West Virginia",2665,1915,1691,224,64,160,750,706,44
ACSSF,2009e5,wv,000,0033,0001124,080,54,011,08000US540119088299999010800,"Census Tract 108 (part), District Remainder of 5, District 5, Cabell County, West Virginia",594,435,387,48,6,42,159,93,66
ACSSF,2009e5,wv,000,0033,0001125,080,54,013,08000US540139076699999962600,"Census Tract 9626 (part), District 1, District 1, Calhoun County, West Virginia",576,389,312,77,44,33,187,187,0
ACSSF,2009e5,wv,000,0033,0001126,080,54,013,08000US540139080099999962600,"Census Tract 9626 (part), District 2, District 2, Calhoun County, West Virginia",305,169,119,50,18,32,136,136,0
ACSSF,2009e5,wv,000,0033,0001127,080,54,013,08000US540139080099999962700,"Census Tract 9627 (part), District 2, District 2, Calhoun County, West Virginia",286,169,122,47,34,13,117,69,48
ACSSF,2009e5,wv,000,0033,0001128,080,54,013,08000US540139083632884962600,"Census Tract 9626 (part), Grantsville town, District 3, Calhoun County, West Virginia",228,165,112,53,33,20,63,39,24
ACSSF,2009e5,wv,000,0033,0001129,080,54,013,08000US540139083699999962600,"Census Tract 9626 (part), District Remainder of 3, District 3, Calhoun County, West Virginia",264,179,133,46,14,32,85,85,0
ACSSF,2009e5,wv,000,0033,0001130,080,54,013,08000US540139083699999962700,"Census Tract 9627 (part), District Remainder of 3, District 3, Calhoun County, West Virginia",67,32,30,2,0,2,35,35,0
ACSSF,2009e5,wv,000,0033,0001131,080,54,013,08000US540139087399999962600,"Census Tract 9626 (part), District 4, District 4, Calhoun County, West Virginia",83,83,37,46,0,46,0,0,0
ACSSF,2009e5,wv,000,0033,0001132,080,54,013,08000US540139087399999962700,"Census Tract 9627 (part), District 4, District 4, Calhoun County, West Virginia",596,408,282,126,64,62,188,164,24
ACSSF,2009e5,wv,000,0033,0001133,080,54,013,08000US540139088599999962700,"Census Tract 9627 (part), District 5, District 5, Calhoun County, West Virginia",730,570,473,97,60,37,160,126,34
ACSSF,2009e5,wv,000,0033,0001134,080,54,015,08000US540159089199999957900,"Census Tract 9579 (part), District A, District A, Clay County, West Virginia",1171,812,580,232,78,154,359,304,55
ACSSF,2009e5,wv,000,0033,0001135,080,54,015,08000US540159089199999958000,"Census Tract 9580 (part), District A, District A, Clay County, West Virginia",233,116,59,57,57,0,117,117,0
ACSSF,2009e5,wv,000,0033,0001136,080,54,015,08000US540159089315676958000,"Census Tract 9580 (part), Clay town, District B, Clay County, West Virginia",238,96,83,13,0,13,142,119,23
ACSSF,2009e5,wv,000,0033,0001137,080,54,015,08000US540159089399999957900,"Census Tract 9579 (part), District Remainder of B, District B, Clay County, West Virginia",172,148,128,20,20,0,24,0,24
ACSSF,2009e5,wv,000,0033,0001138,080,54,015,08000US540159089399999958000,"Census Tract 9580 (part), District Remainder of B, District B, Clay County, West Virginia",521,388,256,132,47,85,133,133,0
ACSSF,2009e5,wv,000,0033,0001139,080,54,015,08000US540159089399999958100,"Census Tract 9581 (part), District Remainder of B, District B, Clay County, West Virginia",269,181,131,50,20,30,88,88,0
ACSSF,2009e5,wv,000,0033,0001140,080,54,015,08000US540159089599999957900,"Census Tract 9579 (part), District C, District C, Clay County, West Virginia",45,13,13,0,0,0,32,32,0
ACSSF,2009e5,wv,000,0033,0001141,080,54,015,08000US540159089599999958000,"Census Tract 9580 (part), District C, District C, Clay County, West Virginia",470,389,330,59,0,59,81,81,0
ACSSF,2009e5,wv,000,0033,0001142,080,54,015,08000US540159089599999958100,"Census Tract 9581 (part), District C, District C, Clay County, West Virginia",715,565,468,97,37,60,150,150,0
ACSSF,2009e5,wv,000,0033,0001143,080,54,017,08000US540179013899999965000,"Census Tract 9650 (part), Beech district, Beech district, Doddridge County, West Virginia",827,654,544,110,75,35,173,110,63
ACSSF,2009e5,wv,000,0033,0001144,080,54,017,08000US540179013899999965100,"Census Tract 9651 (part), Beech district, Beech district, Doddridge County, West Virginia",38,38,10,28,0,28,0,0,0
ACSSF,2009e5,wv,000,0033,0001145,080,54,017,08000US540179209486116965100,"Census Tract 9651 (part), West Union town (part), Maple district, Doddridge County, West Virginia",113,87,72,15,1,14,26,26,0
ACSSF,2009e5,wv,000,0033,0001146,080,54,017,08000US540179209499999965000,"Census Tract 9650 (part), Remainder of Maple district, Maple district, Doddridge County, West Virginia",111,66,30,36,0,36,45,45,0
ACSSF,2009e5,wv,000,0033,0001147,080,54,017,08000US540179209499999965100,"Census Tract 9651 (part), Remainder of Maple district, Maple district, Doddridge County, West Virginia",338,259,179,80,29,51,79,51,28
ACSSF,2009e5,wv,000,0033,0001148,080,54,017,08000US540179237499999965000,"Census Tract 9650 (part), Oak district, Oak district, Doddridge County, West Virginia",508,342,306,36,9,27,166,154,12
ACSSF,2009e5,wv,000,0033,0001149,080,54,017,08000US540179237499999965100,"Census Tract 9651 (part), Oak district, Oak district, Doddridge County, West Virginia",88,57,57,0,0,0,31,31,0
ACSSF,2009e5,wv,000,0033,0001150,080,54,017,08000US540179246686116965100,"Census Tract 9651 (part), West Union town (part), Pine district, Doddridge County, West Virginia",172,104,68,36,7,29,68,61,7
ACSSF,2009e5,wv,000,0033,0001151,080,54,017,08000US540179246699999965000,"Census Tract 9650 (part), Remainder of Pine district, Pine district, Doddridge County, West Virginia",0,0,0,0,0,0,0,0,0
ACSSF,2009e5,wv,000,0033,0001152,080,54,017,08000US540179246699999965100,"Census Tract 9651 (part), Remainder of Pine district, Pine district, Doddridge County, West Virginia",644,375,258,117,36,81,269,269,0
ACSSF,2009e5,wv,000,0033,0001153,080,54,019,08000US540199228001996020900,"Census Tract 209 (part), Ansted town, New Haven district, Fayette County, West Virginia",627,417,339,78,17,61,210,188,22
ACSSF,2009e5,wv,000,0033,0001154,080,54,019,08000US540199228027028020100,"Census Tract 201 (part), Fayetteville town, New Haven district, Fayette County, West Virginia",1063,717,517,200,81,119,346,281,65
ACSSF,2009e5,wv,000,0033,0001155,080,54,019,08000US540199228027028020200,"Census Tract 202 (part), Fayetteville town, New Haven district, Fayette County, West Virginia",15,0,0,0,0,0,15,15,0
ACSSF,2009e5,wv,000,0033,0001156,080,54,019,08000US540199228052780021100,"Census Tract 211 (part), Meadow Bridge town, New Haven district, Fayette County, West Virginia",127,88,59,29,0,29,39,39,0
ACSSF,2009e5,wv,000,0033,0001157,080,54,019,08000US540199228060028020200,"Census Tract 202 (part), Oak Hill city (part), New Haven district, Fayette County, West Virginia",23,15,15,0,0,0,8,8,0
ACSSF,2009e5,wv,000,0033,0001158,080,54,019,08000US540199228099999020100,"Census Tract 201 (part), Remainder of New Haven district, New Haven district, Fayette County, West Virginia",1179,834,651,183,26,157,345,297,48
ACSSF,2009e5,wv,000,0033,0001159,080,54,019,08000US540199228099999020200,"Census Tract 202 (part), Remainder of New Haven district, New Haven district, Fayette County, West Virginia",214,135,73,62,0,62,79,79,0
ACSSF,2009e5,wv,000,0033,0001160,080,54,019,08000US540199228099999020900,"Census Tract 209 (part), Remainder of New Haven district, New Haven district, Fayette County, West Virginia",1059,726,629,97,41,56,333,254,79
ACSSF,2009e5,wv,000,0033,0001161,080,54,019,08000US540199228099999021000,"Census Tract 210, Remainder of New Haven district, New Haven district, Fayette County, West Virginia",1014,795,653,142,22,120,219,184,35
ACSSF,2009e5,wv,000,0033,0001162,080,54,019,08000US540199228099999021100,"Census Tract 211 (part), Remainder of New Haven district, New Haven district, Fayette County, West Virginia",1025,718,518,200,54,146,307,245,62
ACSSF,2009e5,wv,000,0033,0001163,080,54,019,08000US540199247256404020500,"Census Tract 205 (part), Mount Hope city (part), Plateau district, Fayette County, West Virginia",699,456,279,177,41,136,243,205,38
ACSSF,2009e5,wv,000,0033,0001164,080,54,019,08000US540199247260028020200,"Census Tract 202 (part), Oak Hill city (part), Plateau district, Fayette County, West Virginia",1559,972,728,244,41,203,587,533,54
ACSSF,2009e5,wv,000,0033,0001165,080,54,019,08000US540199247260028020300,"Census Tract 203 (part), Oak Hill city (part), Plateau district, Fayette County, West Virginia",1583,804,643,161,92,69,779,779,0
ACSSF,2009e5,wv,000,0033,0001166,080,54,019,08000US540199247260028020400,"Census Tract 204 (part), Oak Hill city (part), Plateau district, Fayette County, West Virginia",424,322,217,105,28,77,102,69,33
ACSSF,2009e5,wv,000,0033,0001167,080,54,019,08000US540199247260028020600,"Census Tract 206 (part), Oak Hill city (part), Plateau district, Fayette County, West Virginia",0,0,0,0,0,0,0,0,0
ACSSF,2009e5,wv,000,0033,0001168,080,54,019,08000US540199247280284021100,"Census Tract 211 (part), Thurmond town, Plateau district, Fayette County, West Virginia",2,0,0,0,0,0,2,2,0
ACSSF,2009e5,wv,000,0033,0001169,080,54,019,08000US540199247299999020100,"Census Tract 201 (part), Remainder of Plateau district, Plateau district, Fayette County, West Virginia",19,0,0,0,0,0,19,19,0
ACSSF,2009e5,wv,000,0033,0001170,080,54,019,08000US540199247299999020200,"Census Tract 202 (part), Remainder of Plateau district, Plateau district, Fayette County, West Virginia",1697,1110,852,258,86,172,587,510,77
ACSSF,2009e5,wv,000,0033,0001171,080,54,019,08000US540199247299999020300,"Census Tract 203 (part), Remainder of Plateau district, Plateau district, Fayette County, West Virginia",22,22,22,0,0,0,0,0,0
ACSSF,2009e5,wv,000,0033,0001172,080,54,019,08000US540199247299999020400,"Census Tract 204 (part), Remainder of Plateau district, Plateau district, Fayette County, West Virginia",709,537,451,86,0,86,172,152,20
ACSSF,2009e5,wv,000,0033,0001173,080,54,019,08000US540199247299999020500,"Census Tract 205 (part), Remainder of Plateau district, Plateau district, Fayette County, West Virginia",278,212,175,37,11,26,66,66,0
ACSSF,2009e5,wv,000,0033,0001174,080,54,019,08000US540199247299999020600,"Census Tract 206 (part), Remainder of Plateau district, Plateau district, Fayette County, West Virginia",0,0,0,0,0,0,0,0,0
ACSSF,2009e5,wv,000,0033,0001175,080,54,019,08000US540199247299999021100,"Census Tract 211 (part), Remainder of Plateau district, Plateau district, Fayette County, West Virginia",0,0,0,0,0,0,0,0,0
ACSSF,2009e5,wv,000,0033,0001176,080,54,019,08000US540199339630364020800,"Census Tract 208 (part), Gauley Bridge town, Valley district, Fayette County, West Virginia",260,196,112,84,14,70,64,64,0
ACSSF,2009e5,wv,000,0033,0001177,080,54,019,08000US540199339630364020900,"Census Tract 209 (part), Gauley Bridge town, Valley district, Fayette County, West Virginia",3,0,0,0,0,0,3,0,3
ACSSF,2009e5,wv,000,0033,0001178,080,54,019,08000US540199339655468020700,"Census Tract 207 (part), Montgomery city (part), Valley district, Fayette County, West Virginia",406,187,95,92,3,89,219,196,23
ACSSF,2009e5,wv,000,0033,0001179,080,54,019,08000US540199339656404020400,"Census Tract 204 (part), Mount Hope city (part), Valley district, Fayette County, West Virginia",0,0,0,0,0,0,0,0,0
ACSSF,2009e5,wv,000,0033,0001180,080,54,019,08000US540199339656404020600,"Census Tract 206 (part), Mount Hope city (part), Valley district, Fayette County, West Virginia",0,0,0,0,0,0,0,0,0
ACSSF,2009e5,wv,000,0033,0001181,080,54,019,08000US540199339660028020200,"Census Tract 202 (part), Oak Hill city (part), Valley district, Fayette County, West Virginia",0,0,0,0,0,0,0,0,0
ACSSF,2009e5,wv,000,0033,0001182,080,54,019,08000US540199339660028020400,"Census Tract 204 (part), Oak Hill city (part), Valley district, Fayette County, West Virginia",0,0,0,0,0,0,0,0,0
ACSSF,2009e5,wv,000,0033,0001183,080,54,019,08000US540199339660028020600,"Census Tract 206 (part), Oak Hill city (part), Valley district, Fayette County, West Virginia",0,0,0,0,0,0,0,0,0
ACSSF,2009e5,wv,000,0033,0001184,080,54,019,08000US540199339662356020600,"Census Tract 206 (part), Pax town, Valley district, Fayette County, West Virginia",61,42,34,8,0,8,19,19,0
ACSSF,2009e5,wv,000,0033,0001185,080,54,019,08000US540199339665284020700,"Census Tract 207 (part), Powellton CDP, Valley district, Fayette County, West Virginia",748,543,417,126,53,73,205,148,57
ACSSF,2009e5,wv,000,0033,0001186,080,54,019,08000US540199339674740020800,"Census Tract 208 (part), Smithers city (part), Valley district, Fayette County, West Virginia",402,214,84,130,41,89,188,173,15
ACSSF,2009e5,wv,000,0033,0001187,080,54,019,08000US540199339699999020100,"Census Tract 201 (part), Remainder of Valley district, Valley district, Fayette County, West Virginia",136,110,110,0,0,0,26,26,0
ACSSF,2009e5,wv,000,0033,0001188,080,54,019,08000US540199339699999020200,"Census Tract 202 (part), Remainder of Valley district, Valley district, Fayette County, West Virginia",39,16,16,0,0,0,23,23,0
ACSSF,2009e5,wv,000,0033,0001189,080,54,019,08000US540199339699999020400,"Census Tract 204 (part), Remainder of Valley district, Valley district, Fayette County, West Virginia",709,578,379,199,31,168,131,131,0
ACSSF,2009e5,wv,000,0033,0001190,080,54,019,08000US540199339699999020600,"Census Tract 206 (part), Remainder of Valley district, Valley district, Fayette County, West Virginia",750,506,431,75,0,75,244,205,39
ACSSF,2009e5,wv,000,0033,0001191,080,54,019,08000US540199339699999020700,"Census Tract 207 (part), Remainder of Valley district, Valley district, Fayette County, West Virginia",692,533,374,159,71,88,159,159,0
ACSSF,2009e5,wv,000,0033,0001192,080,54,019,08000US540199339699999020800,"Census Tract 208 (part), Remainder of Valley district, Valley district, Fayette County, West Virginia",1110,876,680,196,105,91,234,211,23
ACSSF,2009e5,wv,000,0033,0001193,080,54,019,08000US540199339699999020900,"Census Tract 209 (part), Remainder of Valley district, Valley district, Fayette County, West Virginia",233,126,87,39,0,39,107,92,15
ACSSF,2009e5,wv,000,0033,0001194,080,54,021,08000US540219040899999967700,"Census Tract 9677 (part), Center district, Center district, Gilmer County, West Virginia",606,456,340,116,29,87,150,127,23
ACSSF,2009e5,wv,000,0033,0001195,080,54,021,08000US540219040899999967800,"Census Tract 9678 (part), Center district, Center district, Gilmer County, West Virginia",18,10,0,10,0,10,8,8,0
ACSSF,2009e5,wv,000,0033,0001196,080,54,021,08000US540219053432044967800,"Census Tract 9678 (part), Glenville town, City district, Gilmer County, West Virginia",521,211,113,98,30,68,310,216,94
ACSSF,2009e5,wv,000,0033,0001197,080,54,021,08000US540219053499999967700,"Census Tract 9677 (part), Remainder of City district, City district, Gilmer County, West Virginia",11,11,11,0,0,0,0,0,0
ACSSF,2009e5,wv,000,0033,0001198,080,54,021,08000US540219053499999967800,"Census Tract 9678 (part), Remainder of City district, City district, Gilmer County, West Virginia",11,11,11,0,0,0,0,0,0
ACSSF,2009e5,wv,000,0033,0001199,080,54,021,08000US540219075899999967700,"Census Tract 9677 (part), De Kalb-Troy district, De Kalb-Troy district, Gilmer County, West Virginia",553,340,324,16,0,16,213,136,77
ACSSF,2009e5,wv,000,0033,0001200,080,54,021,08000US540219075899999967800,"Census Tract 9678 (part), De Kalb-Troy district, De Kalb-Troy district, Gilmer County, West Virginia",55,50,39,11,0,11,5,5,0
ACSSF,2009e5,wv,000,0033,0001201,080,54,021,08000US540219123671620967700,"Census Tract 9677 (part), Sand Fork town, Glenville district, Gilmer County, West Virginia",78,55,21,34,0,34,23,8,15
ACSSF,2009e5,wv,000,0033,0001202,080,54,021,08000US540219123699999967700,"Census Tract 9677 (part), Remainder of Glenville district, Glenville district, Gilmer County, West Virginia",205,108,73,35,14,21,97,88,9
ACSSF,2009e5,wv,000,0033,0001203,080,54,021,08000US540219123699999967800,"Census Tract 9678 (part), Remainder of Glenville district, Glenville district, Gilmer County, West Virginia",149,113,113,0,0,0,36,36,0
ACSSF,2009e5,wv,000,0033,0001204,080,54,023,08000US540239129662956969600,"Census Tract 9696 (part), Petersburg city (part), Grant district, Grant County, West Virginia",0,0,0,0,0,0,0,0,0
ACSSF,2009e5,wv,000,0033,0001205,080,54,023,08000US540239129699999969400,"Census Tract 9694 (part), Remainder of Grant district, Grant district, Grant County, West Virginia",347,278,272,6,0,6,69,59,10
ACSSF,2009e5,wv,000,0033,0001206,080,54,023,08000US540239129699999969500,"Census Tract 9695 (part), Remainder of Grant district, Grant district, Grant County, West Virginia",822,737,637,100,9,91,85,85,0
ACSSF,2009e5,wv,000,0033,0001207,080,54,023,08000US540239129699999969600,"Census Tract 9696 (part), Remainder of Grant district, Grant district, Grant County, West Virginia",423,213,170,43,0,43,210,150,60
ACSSF,2009e5,wv,000,0033,0001208,080,54,023,08000US540239220862956969500,"Census Tract 9695 (part), Petersburg city (part), Milroy district, Grant County, West Virginia",0,0,0,0,0,0,0,0,0
ACSSF,2009e5,wv,000,0033,0001209,080,54,023,08000US540239220862956969600,"Census Tract 9696 (part), Petersburg city (part), Milroy district, Grant County, West Virginia",1292,716,535,181,68,113,576,478,98
ACSSF,2009e5,wv,000,0033,0001210,080,54,023,08000US540239220899999969500,"Census Tract 9695 (part), Remainder of Milroy district, Milroy district, Grant County, West Virginia",188,97,64,33,25,8,91,82,9
ACSSF,2009e5,wv,000,0033,0001211,080,54,023,08000US540239220899999969600,"Census Tract 9696 (part), Remainder of Milroy district, Milroy district, Grant County, West Virginia",584,413,279,134,77,57,171,157,14
ACSSF,2009e5,wv,000,0033,0001212,080,54,023,08000US540239321604924969400,"Census Tract 9694 (part), Bayard town, Union district, Grant County, West Virginia",159,107,86,21,9,12,52,29,23
ACSSF,2009e5,wv,000,0033,0001213,080,54,023,08000US540239321699999969400,"Census Tract 9694 (part), Remainder of Union district, Union district, Grant County, West Virginia",901,658,596,62,15,47,243,227,16
ACSSF,2009e5,wv,000,0033,0001214,080,54,023,08000US540239321699999969500,"Census Tract 9695 (part), Remainder of Union district, Union district, Grant County, West Virginia",493,399,333,66,32,34,94,94,0
ACSSF,2009e5,wv,000,0033,0001215,080,54,025,08000US540259044926428950600,"Census Tract 9506 (part), Fairlea CDP, Central district, Greenbrier County, West Virginia",357,204,161,43,12,31,153,118,35
ACSSF,2009e5,wv,000,0033,0001216,080,54,025,08000US540259044926428950700,"Census Tract 9507 (part), Fairlea CDP, Central district, Greenbrier County, West Virginia",401,295,174,121,44,77,106,106,0
ACSSF,2009e5,wv,000,0033,0001217,080,54,025,08000US540259044946636950400,"Census Tract 9504 (part), Lewisburg city, Central district, Greenbrier County, West Virginia",202,144,129,15,0,15,58,18,40
ACSSF,2009e5,wv,000,0033,0001218,080,54,025,08000US540259044946636950600,"Census Tract 9506 (part), Lewisburg city, Central district, Greenbrier County, West Virginia",1565,738,649,89,40,49,827,742,85
ACSSF,2009e5,wv,000,0033,0001219,080,54,025,08000US540259044970156950700,"Census Tract 9507 (part), Ronceverte city (part), Central district, Greenbrier County, West Virginia",321,198,143,55,6,49,123,100,23
ACSSF,2009e5,wv,000,0033,0001220,080,54,025,08000US540259044999999950100,"Census Tract 9501 (part), Remainder of Central district, Central district, Greenbrier County, West Virginia",0,0,0,0,0,0,0,0,0
ACSSF,2009e5,wv,000,0033,0001221,080,54,025,08000US540259044999999950400,"Census Tract 9504 (part), Remainder of Central district, Central district, Greenbrier County, West Virginia",1859,1328,1015,313,79,234,531,376,155
ACSSF,2009e5,wv,000,0033,0001222,080,54,025,08000US540259044999999950500,"Census Tract 9505 (part), Remainder of Central district, Central district, Greenbrier County, West Virginia",236,186,111,75,12,63,50,50,0
ACSSF,2009e5,wv,000,0033,0001223,080,54,025,08000US540259044999999950600,"Census Tract 9506 (part), Remainder of Central district, Central district, Greenbrier County, West Virginia",190,149,149,0,0,0,41,41,0
ACSSF,2009e5,wv,000,0033,0001224,080,54,025,08000US540259044999999950700,"Census Tract 9507 (part), Remainder of Central district, Central district, Greenbrier County, West Virginia",275,232,125,107,20,87,43,43,0
ACSSF,2009e5,wv,000,0033,0001225,080,54,025,08000US540259097200772950500,"Census Tract 9505 (part), Alderson town (part), Eastern district, Greenbrier County, West Virginia",479,280,196,84,3,81,199,131,68
ACSSF,2009e5,wv,000,0033,0001226,080,54,025,08000US540259097200772950700,"Census Tract 9507 (part), Alderson town (part), Eastern district, Greenbrier County, West Virginia",4,0,0,0,0,0,4,4,0
ACSSF,2009e5,wv,000,0033,0001227,080,54,025,08000US540259097226692950100,"Census Tract 9501 (part), Falling Spring town, Eastern district, Greenbrier County, West Virginia",7,7,7,0,0,0,0,0,0
ACSSF,2009e5,wv,000,0033,0001228,080,54,025,08000US540259097226692950200,"Census Tract 9502 (part), Falling Spring town, Eastern district, Greenbrier County, West Virginia",70,48,39,9,3,6,22,15,7
ACSSF,2009e5,wv,000,0033,0001229,080,54,025,08000US540259097226692950400,"Census Tract 9504 (part), Falling Spring town, Eastern district, Greenbrier County, West Virginia",1,1,1,0,0,0,0,0,0
ACSSF,2009e5,wv,000,0033,0001230,080,54,025,08000US540259097270156950700,"Census Tract 9507 (part), Ronceverte city (part), Eastern district, Greenbrier County, West Virginia",473,270,194,76,19,57,203,177,26
ACSSF,2009e5,wv,000,0033,0001231,080,54,025,08000US540259097286812950100,"Census Tract 9501 (part), White Sulphur Springs city, Eastern district, Greenbrier County, West Virginia",1155,778,477,301,114,187,377,336,41
ACSSF,2009e5,wv,000,0033,0001232,080,54,025,08000US540259097286812950700,"Census Tract 9507 (part), White Sulphur Springs city, Eastern district, Greenbrier County, West Virginia",0,0,0,0,0,0,0,0,0
ACSSF,2009e5,wv,000,0033,0001233,080,54,025,08000US540259097299999950100,"Census Tract 9501 (part), Remainder of Eastern district, Eastern district, Greenbrier County, West Virginia",1182,762,588,174,8,166,420,396,24
ACSSF,2009e5,wv,000,0033,0001234,080,54,025,08000US540259097299999950200,"Census Tract 9502 (part), Remainder of Eastern district, Eastern district, Greenbrier County, West Virginia",146,96,81,15,15,0,50,50,0
ACSSF,2009e5,wv,000,0033,0001235,080,54,025,08000US540259097299999950400,"Census Tract 9504 (part), Remainder of Eastern district, Eastern district, Greenbrier County, West Virginia",0,0,0,0,0,0,0,0,0
ACSSF,2009e5,wv,000,0033,0001236,080,54,025,08000US540259097299999950500,"Census Tract 9505 (part), Remainder of Eastern district, Eastern district, Greenbrier County, West Virginia",249,181,170,11,0,11,68,52,16
ACSSF,2009e5,wv,000,0033,0001237,080,54,025,08000US540259097299999950700,"Census Tract 9507 (part), Remainder of Eastern district, Eastern district, Greenbrier County, West Virginia",1443,1020,730,290,109,181,423,277,146
ACSSF,2009e5,wv,000,0033,0001238,080,54,025,08000US540259360166412950200,"Census Tract 9502 (part), Quinwood town, Western district, Greenbrier County, West Virginia",153,106,77,29,10,19,47,39,8
ACSSF,2009e5,wv,000,0033,0001239,080,54,025,08000US540259360166412950300,"Census Tract 9503 (part), Quinwood town, Western district, Greenbrier County, West Virginia",17,11,11,0,0,0,6,6,0
ACSSF,2009e5,wv,000,0033,0001240,080,54,025,08000US540259360166652950300,"Census Tract 9503 (part), Rainelle town, Western district, Greenbrier County, West Virginia",847,543,371,172,26,146,304,274,30
ACSSF,2009e5,wv,000,0033,0001241,080,54,025,08000US540259360170828950200,"Census Tract 9502 (part), Rupert town, Western district, Greenbrier County, West Virginia",444,270,156,114,20,94,174,137,37
ACSSF,2009e5,wv,000,0033,0001242,080,54,025,08000US540259360199999950200,"Census Tract 9502 (part), Remainder of Western district, Western district, Greenbrier County, West Virginia",880,625,534,91,0,91,255,232,23
ACSSF,2009e5,wv,000,0033,0001243,080,54,025,08000US540259360199999950300,"Census Tract 9503 (part), Remainder of Western district, Western district, Greenbrier County, West Virginia",1230,800,619,181,69,112,430,320,110
ACSSF,2009e5,wv,000,0033,0001244,080,54,025,08000US540259360199999950400,"Census Tract 9504 (part), Remainder of Western district, Western district, Greenbrier County, West Virginia",696,439,228,211,95,116,257,257,0
ACSSF,2009e5,wv,000,0033,0001245,080,54,025,08000US540259360199999950500,"Census Tract 9505 (part), Remainder of Western district, Western district, Greenbrier County, West Virginia",621,377,348,29,0,29,244,217,27
ACSSF,2009e5,wv,000,0033,0001246,080,54,027,08000US540279020413108968200,"Census Tract 9682 (part), Capon Bridge town (part), Bloomery district, Hampshire County, West Virginia",3,3,0,3,0,3,0,0,0
ACSSF,2009e5,wv,000,0033,0001247,080,54,027,08000US540279020413108968600,"Census Tract 9686 (part), Capon Bridge town (part), Bloomery district, Hampshire County, West Virginia",21,7,3,4,4,0,14,11,3
ACSSF,2009e5,wv,000,0033,0001248,080,54,027,08000US540279020499999968200,"Census Tract 9682 (part), Remainder of Bloomery district, Bloomery district, Hampshire County, West Virginia",984,735,599,136,83,53,249,237,12
ACSSF,2009e5,wv,000,0033,0001249,080,54,027,08000US540279020499999968600,"Census Tract 9686 (part), Remainder of Bloomery district, Bloomery district, Hampshire County, West Virginia",34,34,22,12,12,0,0,0,0
ACSSF,2009e5,wv,000,0033,0001250,080,54,027,08000US540279036013108968600,"Census Tract 9686 (part), Capon Bridge town (part), Capon district, Hampshire County, West Virginia",99,67,43,24,4,20,32,32,0
ACSSF,2009e5,wv,000,0033,0001251,080,54,027,08000US540279036099999968600,"Census Tract 9686 (part), Remainder of Capon district, Capon district, Hampshire County, West Virginia",833,485,423,62,11,51,348,310,38
ACSSF,2009e5,wv,000,0033,0001252,080,54,027,08000US540279124899999968200,"Census Tract 9682 (part), Gore district, Gore district, Hampshire County, West Virginia",944,645,571,74,11,63,299,272,27
ACSSF,2009e5,wv,000,0033,0001253,080,54,027,08000US540279124899999968300,"Census Tract 9683 (part), Gore district, Gore district, Hampshire County, West Virginia",897,645,450,195,42,153,252,211,41
ACSSF,2009e5,wv,000,0033,0001254,080,54,027,08000US540279218499999968400,"Census Tract 9684 (part), Mill Creek district, Mill Creek district, Hampshire County, West Virginia",523,398,296,102,18,84,125,111,14
ACSSF,2009e5,wv,000,0033,0001255,080,54,027,08000US540279267670084968400,"Census Tract 9684 (part), Romney city, Romney district, Hampshire County, West Virginia",684,284,215,69,11,58,400,371,29
ACSSF,2009e5,wv,000,0033,0001256,080,54,027,08000US540279267670084968500,"Census Tract 9685 (part), Romney city, Romney district, Hampshire County, West Virginia",234,93,68,25,0,25,141,114,27
ACSSF,2009e5,wv,000,0033,0001257,080,54,027,08000US540279267699999968300,"Census Tract 9683 (part), Remainder of Romney district, Romney district, Hampshire County, West Virginia",23,13,13,0,0,0,10,10,0
ACSSF,2009e5,wv,000,0033,0001258,080,54,027,08000US540279267699999968400,"Census Tract 9684 (part), Remainder of Romney district, Romney district, Hampshire County, West Virginia",407,299,172,127,12,115,108,108,0
ACSSF,2009e5,wv,000,0033,0001259,080,54,027,08000US540279267699999968500,"Census Tract 9685 (part), Remainder of Romney district, Romney district, Hampshire County, West Virginia",279,167,105,62,0,62,112,96,16
ACSSF,2009e5,wv,000,0033,0001260,080,54,027,08000US540279282099999968500,"Census Tract 9685 (part), Sherman district, Sherman district, Hampshire County, West Virginia",939,676,590,86,13,73,263,253,10
ACSSF,2009e5,wv,000,0033,0001261,080,54,027,08000US540279282099999968600,"Census Tract 9686 (part), Sherman district, Sherman district, Hampshire County, West Virginia",838,424,300,124,71,53,414,319,95
ACSSF,2009e5,wv,000,0033,0001262,080,54,027,08000US540279298899999968200,"Census Tract 9682 (part), Springfield district, Springfield district, Hampshire County, West Virginia",0,0,0,0,0,0,0,0,0
ACSSF,2009e5,wv,000,0033,0001263,080,54,027,08000US540279298899999968300,"Census Tract 9683 (part), Springfield district, Springfield district, Hampshire County, West Virginia",805,572,419,153,22,131,233,188,45
ACSSF,2009e5,wv,000,0033,0001264,080,54,027,08000US540279298899999968400,"Census Tract 9684 (part), Springfield district, Springfield district, Hampshire County, West Virginia",304,233,206,27,0,27,71,71,0
ACSSF,2009e5,wv,000,0033,0001265,080,54,029,08000US540299031285156020600,"Census Tract 206, Weirton city (part), Butler district, Hancock County, West Virginia",1935,1304,1112,192,44,148,631,565,66
ACSSF,2009e5,wv,000,0033,0001266,080,54,029,08000US540299031285156020700,"Census Tract 207, Weirton city (part), Butler district, Hancock County, West Virginia",1228,748,519,229,63,166,480,467,13
ACSSF,2009e5,wv,000,0033,0001267,080,54,029,08000US540299031285156020800,"Census Tract 208, Weirton city (part), Butler district, Hancock County, West Virginia",823,466,350,116,79,37,357,310,47
ACSSF,2009e5,wv,000,0033,0001268,080,54,029,08000US540299031285156021300,"Census Tract 213 (part), Weirton city (part), Butler district, Hancock County, West Virginia",44,28,0,28,0,28,16,16,0
ACSSF,2009e5,wv,000,0033,0001269,080,54,029,08000US540299031285156021400,"Census Tract 214 (part), Weirton city (part), Butler district, Hancock County, West Virginia",520,394,309,85,0,85,126,126,0
ACSSF,2009e5,wv,000,0033,0001270,080,54,029,08000US540299054058372020900,"Census Tract 209 (part), New Cumberland city, Clay district, Hancock County, West Virginia",0,0,0,0,0,0,0,0,0
ACSSF,2009e5,wv,000,0033,0001271,080,54,029,08000US540299054058372021200,"Census Tract 212 (part), New Cumberland city, Clay district, Hancock County, West Virginia",497,300,207,93,37,56,197,183,14
ACSSF,2009e5,wv,000,0033,0001272,080,54,029,08000US540299054085156021300,"Census Tract 213 (part), Weirton city (part), Clay district, Hancock County, West Virginia",1527,910,482,428,101,327,617,428,189
ACSSF,2009e5,wv,000,0033,0001273,080,54,029,08000US540299054085156021400,"Census Tract 214 (part), Weirton city (part), Clay district, Hancock County, West Virginia",1007,624,418,206,75,131,383,340,43
ACSSF,2009e5,wv,000,0033,0001274,080,54,029,08000US540299054099999021100,"Census Tract 211 (part), Remainder of Clay district, Clay district, Hancock County, West Virginia",1455,1253,1079,174,71,103,202,202,0
ACSSF,2009e5,wv,000,0033,0001275,080,54,029,08000US540299054099999021300,"Census Tract 213 (part), Remainder of Clay district, Clay district, Hancock County, West Virginia",0,0,0,0,0,0,0,0,0
ACSSF,2009e5,wv,000,0033,0001276,080,54,029,08000US540299130815076020900,"Census Tract 209 (part), Chester city, Grant district, Hancock County, West Virginia",0,0,0,0,0,0,0,0,0
ACSSF,2009e5,wv,000,0033,0001277,080,54,029,08000US540299130815076021000,"Census Tract 210 (part), Chester city, Grant district, Hancock County, West Virginia",1192,617,468,149,12,137,575,521,54
ACSSF,2009e5,wv,000,0033,0001278,080,54,029,08000US540299130858420020900,"Census Tract 209 (part), Newell CDP, Grant district, Hancock County, West Virginia",592,407,252,155,55,100,185,185,0
ACSSF,2009e5,wv,000,0033,0001279,080,54,029,08000US540299130899999020900,"Census Tract 209 (part), Remainder of Grant district, Grant district, Hancock County, West Virginia",1715,1313,1062,251,15,236,402,320,82
ACSSF,2009e5,wv,000,0033,0001280,080,54,029,08000US540299130899999021000,"Census Tract 210 (part), Remainder of Grant district, Grant district, Hancock County, West Virginia",0,0,0,0,0,0,0,0,0
ACSSF,2009e5,wv,000,0033,0001281,080,54,029,08000US540299130899999021100,"Census Tract 211 (part), Remainder of Grant district, Grant district, Hancock County, West Virginia",550,474,430,44,17,27,76,76,0
ACSSF,2009e5,wv,000,0033,0001282,080,54,029,08000US540299130899999021200,"Census Tract 212 (part), Remainder of Grant district, Grant district, Hancock County, West Virginia",344,207,161,46,31,15,137,79,58
ACSSF,2009e5,wv,000,0033,0001283,080,54,031,08000US540319037284580970100,"Census Tract 9701 (part), Wardensville town, Capon district, Hardy County, West Virginia",135,86,66,20,9,11,49,40,9
ACSSF,2009e5,wv,000,0033,0001284,080,54,031,08000US540319037299999970100,"Census Tract 9701 (part), Remainder of Capon district, Capon district, Hardy County, West Virginia",832,541,467,74,15,59,291,253,38
ACSSF,2009e5,wv,000,0033,0001285,080,54,031,08000US540319037299999970200,"Census Tract 9702 (part), Remainder of Capon district, Capon district, Hardy County, West Virginia",0,0,0,0,0,0,0,0,0
ACSSF,2009e5,wv,000,0033,0001286,080,54,031,08000US540319196899999970100,"Census Tract 9701 (part), Lost River district, Lost River district, Hardy County, West Virginia",39,21,21,0,0,0,18,18,0
ACSSF,2009e5,wv,000,0033,0001287,080,54,031,08000US540319196899999970200,"Census Tract 9702 (part), Lost River district, Lost River district, Hardy County, West Virginia",638,406,330,76,53,23,232,193,39
ACSSF,2009e5,wv,000,0033,0001288,080,54,031,08000US540319196899999970300,"Census Tract 9703 (part), Lost River district, Lost River district, Hardy County, West Virginia",350,252,174,78,12,66,98,83,15
ACSSF,2009e5,wv,000,0033,0001289,080,54,031,08000US540319223255588970200,"Census Tract 9702 (part), Moorefield town (part), Moorefield district, Hardy County, West Virginia",613,330,239,91,17,74,283,247,36
ACSSF,2009e5,wv,000,0033,0001290,080,54,031,08000US540319223255588970300,"Census Tract 9703 (part), Moorefield town (part), Moorefield district, Hardy County, West Virginia",165,155,93,62,5,57,10,10,0
ACSSF,2009e5,wv,000,0033,0001291,080,54,031,08000US540319223299999970200,"Census Tract 9702 (part), Remainder of Moorefield district, Moorefield district, Hardy County, West Virginia",163,70,44,26,0,26,93,93,0
ACSSF,2009e5,wv,000,0033,0001292,080,54,031,08000US540319223299999970300,"Census Tract 9703 (part), Remainder of Moorefield district, Moorefield district, Hardy County, West Virginia",49,49,18,31,31,0,0,0,0
ACSSF,2009e5,wv,000,0033,0001293,080,54,031,08000US540319238255588970200,"Census Tract 9702 (part), Moorefield town (part), Old Fields district, Hardy County, West Virginia",367,196,108,88,6,82,171,143,28
ACSSF,2009e5,wv,000,0033,0001294,080,54,031,08000US540319238299999970100,"Census Tract 9701 (part), Remainder of Old Fields district, Old Fields district, Hardy County, West Virginia",420,303,272,31,15,16,117,117,0
ACSSF,2009e5,wv,000,0033,0001295,080,54,031,08000US540319238299999970200,"Census Tract 9702 (part), Remainder of Old Fields district, Old Fields district, Hardy County, West Virginia",150,141,133,8,8,0,9,9,0
ACSSF,2009e5,wv,000,0033,0001296,080,54,031,08000US540319238299999970300,"Census Tract 9703 (part), Remainder of Old Fields district, Old Fields district, Hardy County, West Virginia",0,0,0,0,0,0,0,0,0
ACSSF,2009e5,wv,000,0033,0001297,080,54,031,08000US540319292855588970300,"Census Tract 9703 (part), Moorefield town (part), South Fork district, Hardy County, West Virginia",0,0,0,0,0,0,0,0,0
ACSSF,2009e5,wv,000,0033,0001298,080,54,031,08000US540319292899999970100,"Census Tract 9701 (part), Remainder of South Fork district, South Fork district, Hardy County, West Virginia",0,0,0,0,0,0,0,0,0
ACSSF,2009e5,wv,000,0033,0001299,080,54,031,08000US540319292899999970200,"Census Tract 9702 (part), Remainder of South Fork district, South Fork district, Hardy County, West Virginia",19,19,19,0,0,0,0,0,0
ACSSF,2009e5,wv,000,0033,0001300,080,54,031,08000US540319292899999970300,"Census Tract 9703 (part), Remainder of South Fork district, South Fork district, Hardy County, West Virginia",855,539,477,62,39,23,316,282,34
ACSSF,2009e5,wv,000,0033,0001301,080,54,033,08000US540339097501900031100,"Census Tract 311 (part), Anmoore town (part), Eastern district, Harrison County, West Virginia",38,22,6,16,0,16,16,9,7
ACSSF,2009e5,wv,000,0033,0001302,080,54,033,08000US540339097510180030800,"Census Tract 308 (part), Bridgeport city (part), Eastern district, Harrison County, West Virginia",0,0,0,0,0,0,0,0,0
ACSSF,2009e5,wv,000,0033,0001303,080,54,033,08000US540339097510180031100,"Census Tract 311 (part), Bridgeport city (part), Eastern district, Harrison County, West Virginia",45,35,15,20,0,20,10,10,0
ACSSF,2009e5,wv,000,0033,0001304,080,54,033,08000US540339097510180032000,"Census Tract 320 (part), Bridgeport city (part), Eastern district, Harrison County, West Virginia",8,0,0,0,0,0,8,0,8
ACSSF,2009e5,wv,000,0033,0001305,080,54,033,08000US540339097510180032100,"Census Tract 321 (part), Bridgeport city (part), Eastern district, Harrison County, West Virginia",2969,2170,1805,365,148,217,799,736,63
ACSSF,2009e5,wv,000,0033,0001306,080,54,033,08000US540339097515628030300,"Census Tract 303 (part), Clarksburg city (part), Eastern district, Harrison County, West Virginia",0,0,0,0,0,0,0,0,0
ACSSF,2009e5,wv,000,0033,0001307,080,54,033,08000US540339097515628030400,"Census Tract 304 (part), Clarksburg city (part), Eastern district, Harrison County, West Virginia",0,0,0,0,0,0,0,0,0
ACSSF,2009e5,wv,000,0033,0001308,080,54,033,08000US540339097515628030800,"Census Tract 308 (part), Clarksburg city (part), Eastern district, Harrison County, West Virginia",17,17,0,17,17,0,0,0,0
ACSSF,2009e5,wv,000,0033,0001309,080,54,033,08000US540339097515628031000,"Census Tract 310 (part), Clarksburg city (part), Eastern district, Harrison County, West Virginia",0,0,0,0,0,0,0,0,0
ACSSF,2009e5,wv,000,0033,0001310,080,54,033,08000US540339097515628031100,"Census Tract 311 (part), Clarksburg city (part), Eastern district, Harrison County, West Virginia",0,0,0,0,0,0,0,0,0
ACSSF,2009e5,wv,000,0033,0001311,080,54,033,08000US540339097515628032000,"Census Tract 320 (part), Clarksburg city (part), Eastern district, Harrison County, West Virginia",0,0,0,0,0,0,0,0,0
ACSSF,2009e5,wv,000,0033,0001312,080,54,033,08000US540339097521316030300,"Census Tract 303 (part), Despard CDP (part), Eastern district, Harrison County, West Virginia",288,247,154,93,0,93,41,41,0
ACSSF,2009e5,wv,000,0033,0001313,080,54,033,08000US540339097599999030300,"Census Tract 303 (part), Remainder of Eastern district, Eastern district, Harrison County, West Virginia",0,0,0,0,0,0,0,0,0
ACSSF,2009e5,wv,000,0033,0001314,080,54,033,08000US540339097599999030800,"Census Tract 308 (part), Remainder of Eastern district, Eastern district, Harrison County, West Virginia",661,498,359,139,28,111,163,163,0
ACSSF,2009e5,wv,000,0033,0001315,080,54,033,08000US540339097599999031000,"Census Tract 310 (part), Remainder of Eastern district, Eastern district, Harrison County, West Virginia",0,0,0,0,0,0,0,0,0
ACSSF,2009e5,wv,000,0033,0001316,080,54,033,08000US540339097599999031100,"Census Tract 311 (part), Remainder of Eastern district, Eastern district, Harrison County, West Virginia",43,23,0,23,10,13,20,20,0
ACSSF,2009e5,wv,000,0033,0001317,080,54,033,08000US540339097599999032000,"Census Tract 320 (part), Remainder of Eastern district, Eastern district, Harrison County, West Virginia",96,63,63,0,0,0,33,24,9
ACSSF,2009e5,wv,000,0033,0001318,080,54,033,08000US540339097599999032100,"Census Tract 321 (part), Remainder of Eastern district, Eastern district, Harrison County, West Virginia",749,606,483,123,0,123,143,121,22
ACSSF,2009e5,wv,000,0033,0001319,080,54,033,08000US540339235210180032000,"Census Tract 320 (part), Bridgeport city (part), Northern district, Harrison County, West Virginia",0,0,0,0,0,0,0,0,0
ACSSF,2009e5,wv,000,0033,0001320,080,54,033,08000US540339235225516031800,"Census Tract 318 (part), Enterprise CDP, Northern district, Harrison County, West Virginia",420,389,306,83,23,60,31,25,6
ACSSF,2009e5,wv,000,0033,0001321,080,54,033,08000US540339235225516031900,"Census Tract 319 (part), Enterprise CDP, Northern district, Harrison County, West Virginia",0,0,0,0,0,0,0,0,0
ACSSF,2009e5,wv,000,0033,0001322,080,54,033,08000US540339235249252030800,"Census Tract 308 (part), Lumberport town (part), Northern district, Harrison County, West Virginia",386,310,227,83,14,69,76,63,13
ACSSF,2009e5,wv,000,0033,0001323,080,54,033,08000US540339235273636031900,"Census Tract 319 (part), Shinnston city, Northern district, Harrison County, West Virginia",1016,710,597,113,9,104,306,283,23
ACSSF,2009e5,wv,000,0033,0001324,080,54,033,08000US540339235273636032000,"Census Tract 320 (part), Shinnston city, Northern district, Harrison County, West Virginia",0,0,0,0,0,0,0,0,0
ACSSF,2009e5,wv,000,0033,0001325,080,54,033,08000US540339235299999030800,"Census Tract 308 (part), Remainder of Northern district, Northern district, Harrison County, West Virginia",419,316,261,55,32,23,103,103,0
ACSSF,2009e5,wv,000,0033,0001326,080,54,033,08000US540339235299999031500,"Census Tract 315 (part), Remainder of Northern district, Northern district, Harrison County, West Virginia",0,0,0,0,0,0,0,0,0
ACSSF,2009e5,wv,000,0033,0001327,080,54,033,08000US540339235299999031700,"Census Tract 317 (part), Remainder of Northern district, Northern district, Harrison County, West Virginia",560,456,405,51,12,39,104,51,53
ACSSF,2009e5,wv,000,0033,0001328,080,54,033,08000US540339235299999031800,"Census Tract 318 (part), Remainder of Northern district, Northern district, Harrison County, West Virginia",520,438,358,80,64,16,82,65,17
ACSSF,2009e5,wv,000,0033,0001329,080,54,033,08000US540339235299999031900,"Census Tract 319 (part), Remainder of Northern district, Northern district, Harrison County, West Virginia",0,0,0,0,0,0,0,0,0
ACSSF,2009e5,wv,000,0033,0001330,080,54,033,08000US540339235299999032000,"Census Tract 320 (part), Remainder of Northern district, Northern district, Harrison County, West Virginia",881,650,508,142,33,109,231,222,9
ACSSF,2009e5,wv,000,0033,0001331,080,54,033,08000US540339235299999032100,"Census Tract 321 (part), Remainder of Northern district, Northern district, Harrison County, West Virginia",64,64,64,0,0,0,0,0,0
ACSSF,2009e5,wv,000,0033,0001332,080,54,033,08000US540339236815628030100,"Census Tract 301 (part), Clarksburg city (part), North Urban district, Harrison County, West Virginia",825,388,208,180,16,164,437,370,67
ACSSF,2009e5,wv,000,0033,0001333,080,54,033,08000US540339236815628030200,"Census Tract 302 (part), Clarksburg city (part), North Urban district, Harrison County, West Virginia",1227,743,470,273,36,237,484,421,63
ACSSF,2009e5,wv,000,0033,0001334,080,54,033,08000US540339236815628030300,"Census Tract 303 (part), Clarksburg city (part), North Urban district, Harrison County, West Virginia",556,283,198,85,0,85,273,267,6
ACSSF,2009e5,wv,000,0033,0001335,080,54,033,08000US540339236815628030400,"Census Tract 304 (part), Clarksburg city (part), North Urban district, Harrison County, West Virginia",162,79,63,16,8,8,83,59,24
ACSSF,2009e5,wv,000,0033,0001336,080,54,033,08000US540339236815628030600,"Census Tract 306 (part), Clarksburg city (part), North Urban district, Harrison County, West Virginia",630,399,269,130,46,84,231,221,10
ACSSF,2009e5,wv,000,0033,0001337,080,54,033,08000US540339236815628030800,"Census Tract 308 (part), Clarksburg city (part), North Urban district, Harrison County, West Virginia",0,0,0,0,0,0,0,0,0
ACSSF,2009e5,wv,000,0033,0001338,080,54,033,08000US540339236815628031000,"Census Tract 310 (part), Clarksburg city (part), North Urban district, Harrison County, West Virginia",0,0,0,0,0,0,0,0,0
ACSSF,2009e5,wv,000,0033,0001339,080,54,033,08000US540339236821316030300,"Census Tract 303 (part), Despard CDP (part), North Urban district, Harrison County, West Virginia",93,24,18,6,0,6,69,53,16
ACSSF,2009e5,wv,000,0033,0001340,080,54,033,08000US540339236849252030800,"Census Tract 308 (part), Lumberport town (part), North Urban district, Harrison County, West Virginia",79,66,14,52,10,42,13,7,6
ACSSF,2009e5,wv,000,0033,0001341,080,54,033,08000US540339236899999030200,"Census Tract 302 (part), Remainder of North Urban district, North Urban district, Harrison County, West Virginia",100,45,45,0,0,0,55,55,0
ACSSF,2009e5,wv,000,0033,0001342,080,54,033,08000US540339236899999030300,"Census Tract 303 (part), Remainder of North Urban district, North Urban district, Harrison County, West Virginia",44,31,0,31,0,31,13,13,0
ACSSF,2009e5,wv,000,0033,0001343,080,54,033,08000US540339236899999030600,"Census Tract 306 (part), Remainder of North Urban district, North Urban district, Harrison County, West Virginia",371,205,127,78,43,35,166,153,13
ACSSF,2009e5,wv,000,0033,0001344,080,54,033,08000US540339236899999030700,"Census Tract 307 (part), Remainder of North Urban district, North Urban district, Harrison County, West Virginia",220,141,115,26,14,12,79,69,10
ACSSF,2009e5,wv,000,0033,0001345,080,54,033,08000US540339236899999030800,"Census Tract 308 (part), Remainder of North Urban district, North Urban district, Harrison County, West Virginia",405,334,237,97,14,83,71,71,0
ACSSF,2009e5,wv,000,0033,0001346,080,54,033,08000US540339236899999031000,"Census Tract 310 (part), Remainder of North Urban district, North Urban district, Harrison County, West Virginia",0,0,0,0,0,0,0,0,0
ACSSF,2009e5,wv,000,0033,0001347,080,54,033,08000US540339236899999031500,"Census Tract 315 (part), Remainder of North Urban district, North Urban district, Harrison County, West Virginia",0,0,0,0,0,0,0,0,0
ACSSF,2009e5,wv,000,0033,0001348,080,54,033,08000US540339236899999031700,"Census Tract 317 (part), Remainder of North Urban district, North Urban district, Harrison County, West Virginia",155,118,97,21,0,21,37,16,21
ACSSF,2009e5,wv,000,0033,0001349,080,54,033,08000US540339292301900031000,"Census Tract 310 (part), Anmoore town (part), Southern district, Harrison County, West Virginia",0,0,0,0,0,0,0,0,0
ACSSF,2009e5,wv,000,0033,0001350,080,54,033,08000US540339292301900031100,"Census Tract 311 (part), Anmoore town (part), Southern district, Harrison County, West Virginia",308,208,122,86,15,71,100,100,0
ACSSF,2009e5,wv,000,0033,0001351,080,54,033,08000US540339292310180031100,"Census Tract 311 (part), Bridgeport city (part), Southern district, Harrison County, West Virginia",11,0,0,0,0,0,11,11,0
ACSSF,2009e5,wv,000,0033,0001352,080,54,033,08000US540339292310180032100,"Census Tract 321 (part), Bridgeport city (part), Southern district, Harrison County, West Virginia",106,80,58,22,0,22,26,17,9
ACSSF,2009e5,wv,000,0033,0001353,080,54,033,08000US540339292315628030400,"Census Tract 304 (part), Clarksburg city (part), Southern district, Harrison County, West Virginia",0,0,0,0,0,0,0,0,0
ACSSF,2009e5,wv,000,0033,0001354,080,54,033,08000US540339292315628030500,"Census Tract 305 (part), Clarksburg city (part), Southern district, Harrison County, West Virginia",113,113,113,0,0,0,0,0,0
ACSSF,2009e5,wv,000,0033,0001355,080,54,033,08000US540339292315628031000,"Census Tract 310 (part), Clarksburg city (part), Southern district, Harrison County, West Virginia",348,307,118,189,68,121,41,41,0
ACSSF,2009e5,wv,000,0033,0001356,080,54,033,08000US540339292315628031100,"Census Tract 311 (part), Clarksburg city (part), Southern district, Harrison County, West Virginia",0,0,0,0,0,0,0,0,0
ACSSF,2009e5,wv,000,0033,0001357,080,54,033,08000US540339292348748031300,"Census Tract 313 (part), Lost Creek town, Southern district, Harrison County, West Virginia",154,118,65,53,3,50,36,30,6
ACSSF,2009e5,wv,000,0033,0001358,080,54,033,08000US540339292359836030400,"Census Tract 304 (part), Nutter Fort town, Southern district, Harrison County, West Virginia",8,0,0,0,0,0,8,8,0
ACSSF,2009e5,wv,000,0033,0001359,080,54,033,08000US540339292359836030500,"Census Tract 305 (part), Nutter Fort town, Southern district, Harrison County, West Virginia",795,460,348,112,24,88,335,242,93
ACSSF,2009e5,wv,000,0033,0001360,080,54,033,08000US540339292377188031000,"Census Tract 310 (part), Stonewood city, Southern district, Harrison County, West Virginia",922,543,374,169,12,157,379,337,42
ACSSF,2009e5,wv,000,0033,0001361,080,54,033,08000US540339292377188031100,"Census Tract 311 (part), Stonewood city, Southern district, Harrison County, West Virginia",49,17,17,0,0,0,32,24,8
ACSSF,2009e5,wv,000,0033,0001362,080,54,033,08000US540339292399999030500,"Census Tract 305 (part), Remainder of Southern district, Southern district, Harrison County, West Virginia",349,293,293,0,0,0,56,37,19
ACSSF,2009e5,wv,000,0033,0001363,080,54,033,08000US540339292399999031000,"Census Tract 310 (part), Remainder of Southern district, Southern district, Harrison County, West Virginia",331,197,131,66,0,66,134,134,0
ACSSF,2009e5,wv,000,0033,0001364,080,54,033,08000US540339292399999031100,"Census Tract 311 (part), Remainder of Southern district, Southern district, Harrison County, West Virginia",338,215,197,18,0,18,123,112,11
ACSSF,2009e5,wv,000,0033,0001365,080,54,033,08000US540339292399999031200,"Census Tract 312, Remainder of Southern district, Southern district, Harrison County, West Virginia",840,747,713,34,23,11,93,93,0
ACSSF,2009e5,wv,000,0033,0001366,080,54,033,08000US540339292399999031300,"Census Tract 313 (part), Remainder of Southern district, Southern district, Harrison County, West Virginia",287,245,209,36,23,13,42,42,0
ACSSF,2009e5,wv,000,0033,0001367,080,54,033,08000US540339292399999032100,"Census Tract 321 (part), Remainder of Southern district, Southern district, Harrison County, West Virginia",37,37,23,14,0,14,0,0,0
ACSSF,2009e5,wv,000,0033,0001368,080,54,033,08000US540339293215628030100,"Census Tract 301 (part), Clarksburg city (part), South Urban district, Harrison County, West Virginia",832,443,371,72,19,53,389,328,61
ACSSF,2009e5,wv,000,0033,0001369,080,54,033,08000US540339293215628030400,"Census Tract 304 (part), Clarksburg city (part), South Urban district, Harrison County, West Virginia",1090,639,457,182,41,141,451,352,99
ACSSF,2009e5,wv,000,0033,0001370,080,54,033,08000US540339293215628030500,"Census Tract 305 (part), Clarksburg city (part), South Urban district, Harrison County, West Virginia",110,60,60,0,0,0,50,50,0
ACSSF,2009e5,wv,000,0033,0001371,080,54,033,08000US540339293215628030600,"Census Tract 306 (part), Clarksburg city (part), South Urban district, Harrison County, West Virginia",1424,892,698,194,57,137,532,475,57
ACSSF,2009e5,wv,000,0033,0001372,080,54,033,08000US540339293215628031000,"Census Tract 310 (part), Clarksburg city (part), South Urban district, Harrison County, West Virginia",0,0,0,0,0,0,0,0,0
ACSSF,2009e5,wv,000,0033,0001373,080,54,033,08000US540339293299999030100,"Census Tract 301 (part), Remainder of South Urban district, South Urban district, Harrison County, West Virginia",0,0,0,0,0,0,0,0,0
ACSSF,2009e5,wv,000,0033,0001374,080,54,033,08000US540339293299999030400,"Census Tract 304 (part), Remainder of South Urban district, South Urban district, Harrison County, West Virginia",58,58,25,33,0,33,0,0,0
ACSSF,2009e5,wv,000,0033,0001375,080,54,033,08000US540339293299999030500,"Census Tract 305 (part), Remainder of South Urban district, South Urban district, Harrison County, West Virginia",355,208,167,41,18,23,147,147,0
ACSSF,2009e5,wv,000,0033,0001376,080,54,033,08000US540339293299999030600,"Census Tract 306 (part), Remainder of South Urban district, South Urban district, Harrison County, West Virginia",967,563,457,106,0,106,404,404,0
ACSSF,2009e5,wv,000,0033,0001377,080,54,033,08000US540339293299999030700,"Census Tract 307 (part), Remainder of South Urban district, South Urban district, Harrison County, West Virginia",175,120,103,17,8,9,55,55,0
ACSSF,2009e5,wv,000,0033,0001378,080,54,033,08000US540339295271380031600,"Census Tract 316 (part), Salem city, Southwest district, Harrison County, West Virginia",727,370,253,117,24,93,357,291,66
ACSSF,2009e5,wv,000,0033,0001379,080,54,033,08000US540339295285924031400,"Census Tract 314 (part), West Milford town, Southwest district, Harrison County, West Virginia",312,262,195,67,13,54,50,47,3
ACSSF,2009e5,wv,000,0033,0001380,080,54,033,08000US540339295299999030500,"Census Tract 305 (part), Remainder of Southwest district, Southwest district, Harrison County, West Virginia",423,385,298,87,0,87,38,38,0
ACSSF,2009e5,wv,000,0033,0001381,080,54,033,08000US540339295299999030600,"Census Tract 306 (part), Remainder of Southwest district, Southwest district, Harrison County, West Virginia",97,28,28,0,0,0,69,69,0
ACSSF,2009e5,wv,000,0033,0001382,080,54,033,08000US540339295299999030700,"Census Tract 307 (part), Remainder of Southwest district, Southwest district, Harrison County, West Virginia",557,424,350,74,14,60,133,122,11
ACSSF,2009e5,wv,000,0033,0001383,080,54,033,08000US540339295299999031300,"Census Tract 313 (part), Remainder of Southwest district, Southwest district, Harrison County, West Virginia",494,400,313,87,49,38,94,82,12
ACSSF,2009e5,wv,000,0033,0001384,080,54,033,08000US540339295299999031400,"Census Tract 314 (part), Remainder of Southwest district, Southwest district, Harrison County, West Virginia",715,476,405,71,21,50,239,160,79
ACSSF,2009e5,wv,000,0033,0001385,080,54,033,08000US540339295299999031500,"Census Tract 315 (part), Remainder of Southwest district, Southwest district, Harrison County, West Virginia",494,340,340,0,0,0,154,87,67
ACSSF,2009e5,wv,000,0033,0001386,080,54,033,08000US540339295299999031600,"Census Tract 316 (part), Remainder of Southwest district, Southwest district, Harrison County, West Virginia",337,260,184,76,0,76,77,77,0
ACSSF,2009e5,wv,000,0033,0001387,080,54,035,08000US540359097668596963500,"Census Tract 9635 (part), Ripley city (part), Eastern district, Jackson County, West Virginia",0,0,0,0,0,0,0,0,0
ACSSF,2009e5,wv,000,0033,0001388,080,54,035,08000US540359097668596963600,"Census Tract 9636 (part), Ripley city (part), Eastern district, Jackson County, West Virginia",1108,682,579,103,51,52,426,299,127
ACSSF,2009e5,wv,000,0033,0001389,080,54,035,08000US540359097699999963600,"Census Tract 9636 (part), Remainder of Eastern district, Eastern district, Jackson County, West Virginia",108,82,70,12,0,12,26,26,0
ACSSF,2009e5,wv,000,0033,0001390,080,54,035,08000US540359097699999963700,"Census Tract 9637 (part), Remainder of Eastern district, Eastern district, Jackson County, West Virginia",2469,1891,1530,361,149,212,578,400,178
ACSSF,2009e5,wv,000,0033,0001391,080,54,035,08000US540359235367108963300,"Census Tract 9633 (part), Ravenswood city, Northern district, Jackson County, West Virginia",1755,1090,821,269,36,233,665,540,125
ACSSF,2009e5,wv,000,0033,0001392,080,54,035,08000US540359235367108963400,"Census Tract 9634 (part), Ravenswood city, Northern district, Jackson County, West Virginia",0,0,0,0,0,0,0,0,0
ACSSF,2009e5,wv,000,0033,0001393,080,54,035,08000US540359235399999963200,"Census Tract 9632 (part), Remainder of Northern district, Northern district, Jackson County, West Virginia",1480,1182,1011,171,70,101,298,241,57
ACSSF,2009e5,wv,000,0033,0001394,080,54,035,08000US540359235399999963300,"Census Tract 9633 (part), Remainder of Northern district, Northern district, Jackson County, West Virginia",357,261,187,74,32,42,96,61,35
ACSSF,2009e5,wv,000,0033,0001395,080,54,035,08000US540359235399999963400,"Census Tract 9634 (part), Remainder of Northern district, Northern district, Jackson County, West Virginia",0,0,0,0,0,0,0,0,0
ACSSF,2009e5,wv,000,0033,0001396,080,54,035,08000US540359360568596963500,"Census Tract 9635 (part), Ripley city (part), Western district, Jackson County, West Virginia",20,20,20,0,0,0,0,0,0
ACSSF,2009e5,wv,000,0033,0001397,080,54,035,08000US540359360568596963600,"Census Tract 9636 (part), Ripley city (part), Western district, Jackson County, West Virginia",0,0,0,0,0,0,0,0,0
ACSSF,2009e5,wv,000,0033,0001398,080,54,035,08000US540359360599999963200,"Census Tract 9632 (part), Remainder of Western district, Western district, Jackson County, West Virginia",219,146,119,27,0,27,73,52,21
ACSSF,2009e5,wv,000,0033,0001399,080,54,035,08000US540359360599999963400,"Census Tract 9634 (part), Remainder of Western district, Western district, Jackson County, West Virginia",1624,1112,941,171,43,128,512,470,42
ACSSF,2009e5,wv,000,0033,0001400,080,54,035,08000US540359360599999963500,"Census Tract 9635 (part), Remainder of Western district, Western district, Jackson County, West Virginia",1120,855,636,219,82,137,265,238,27
ACSSF,2009e5,wv,000,0033,0001401,080,54,035,08000US540359360599999963600,"Census Tract 9636 (part), Remainder of Western district, Western district, Jackson County, West Virginia",340,317,265,52,0,52,23,23,0
ACSSF,2009e5,wv,000,0033,0001402,080,54,035,08000US540359360599999963700,"Census Tract 9637 (part), Remainder of Western district, Western district, Jackson County, West Virginia",651,580,527,53,36,17,71,54,17
ACSSF,2009e5,wv,000,0033,0001403,080,54,037,08000US540379050414610972400,"Census Tract 9724 (part), Charles Town city (part), Charles Town district, Jefferson County, West Virginia",23,15,0,15,0,15,8,8,0
ACSSF,2009e5,wv,000,0033,0001404,080,54,037,08000US540379050414610972500,"Census Tract 9725 (part), Charles Town city (part), Charles Town district, Jefferson County, West Virginia",1825,1023,866,157,55,102,802,619,183
ACSSF,2009e5,wv,000,0033,0001405,080,54,037,08000US540379050414610972800,"Census Tract 9728 (part), Charles Town city (part), Charles Town district, Jefferson County, West Virginia",0,0,0,0,0,0,0,0,0
ACSSF,2009e5,wv,000,0033,0001406,080,54,037,08000US540379050466988972300,"Census Tract 9723 (part), Ranson corporation, Charles Town district, Jefferson County, West Virginia",0,0,0,0,0,0,0,0,0
ACSSF,2009e5,wv,000,0033,0001407,080,54,037,08000US540379050466988972400,"Census Tract 9724 (part), Ranson corporation, Charles Town district, Jefferson County, West Virginia",1727,1209,677,532,100,432,518,419,99
ACSSF,2009e5,wv,000,0033,0001408,080,54,037,08000US540379050466988972500,"Census Tract 9725 (part), Ranson corporation, Charles Town district, Jefferson County, West Virginia",132,77,77,0,0,0,55,36,19
ACSSF,2009e5,wv,000,0033,0001409,080,54,037,08000US540379050499999972400,"Census Tract 9724 (part), Remainder of Charles Town district, Charles Town district, Jefferson County, West Virginia",0,0,0,0,0,0,0,0,0
ACSSF,2009e5,wv,000,0033,0001410,080,54,037,08000US540379050499999972500,"Census Tract 9725 (part), Remainder of Charles Town district, Charles Town district, Jefferson County, West Virginia",1239,740,570,170,86,84,499,365,134
ACSSF,2009e5,wv,000,0033,0001411,080,54,037,08000US540379154808932972600,"Census Tract 9726 (part), Bolivar town, Harpers Ferry district, Jefferson County, West Virginia",414,211,167,44,5,39,203,171,32
ACSSF,2009e5,wv,000,0033,0001412,080,54,037,08000US540379154814610972500,"Census Tract 9725 (part), Charles Town city (part), Harpers Ferry district, Jefferson County, West Virginia",38,27,13,14,0,14,11,11,0
ACSSF,2009e5,wv,000,0033,0001413,080,54,037,08000US540379154835284972600,"Census Tract 9726 (part), Harpers Ferry town (part), Harpers Ferry district, Jefferson County, West Virginia",116,50,50,0,0,0,66,55,11
ACSSF,2009e5,wv,000,0033,0001414,080,54,037,08000US540379154835284972700,"Census Tract 9727 (part), Harpers Ferry town (part), Harpers Ferry district, Jefferson County, West Virginia",0,0,0,0,0,0,0,0,0
ACSSF,2009e5,wv,000,0033,0001415,080,54,037,08000US540379154899999972200,"Census Tract 9722 (part), Remainder of Harpers Ferry district, Harpers Ferry district, Jefferson County, West Virginia",186,148,89,59,19,40,38,15,23
ACSSF,2009e5,wv,000,0033,0001416,080,54,037,08000US540379154899999972400,"Census Tract 9724 (part), Remainder of Harpers Ferry district, Harpers Ferry district, Jefferson County, West Virginia",74,69,69,0,0,0,5,5,0
ACSSF,2009e5,wv,000,0033,0001417,080,54,037,08000US540379154899999972500,"Census Tract 9725 (part), Remainder of Harpers Ferry district, Harpers Ferry district, Jefferson County, West Virginia",213,160,151,9,0,9,53,53,0
ACSSF,2009e5,wv,000,0033,0001418,080,54,037,08000US540379154899999972600,"Census Tract 9726 (part), Remainder of Harpers Ferry district, Harpers Ferry district, Jefferson County, West Virginia",1098,817,764,53,0,53,281,185,96
ACSSF,2009e5,wv,000,0033,0001419,080,54,037,08000US540379154899999972700,"Census Tract 9727 (part), Remainder of Harpers Ferry district, Harpers Ferry district, Jefferson County, West Virginia",1279,903,757,146,95,51,376,229,147
ACSSF,2009e5,wv,000,0033,0001420,080,54,037,08000US540379174014610972500,"Census Tract 9725 (part), Charles Town city (part), Kabletown district, Jefferson County, West Virginia",0,0,0,0,0,0,0,0,0
ACSSF,2009e5,wv,000,0033,0001421,080,54,037,08000US540379174099999972500,"Census Tract 9725 (part), Remainder of Kabletown district, Kabletown district, Jefferson County, West Virginia",1877,1497,1081,416,180,236,380,374,6
ACSSF,2009e5,wv,000,0033,0001422,080,54,037,08000US540379174099999972700,"Census Tract 9727 (part), Remainder of Kabletown district, Kabletown district, Jefferson County, West Virginia",1244,909,832,77,9,68,335,284,51
ACSSF,2009e5,wv,000,0033,0001423,080,54,037,08000US540379174099999972800,"Census Tract 9728 (part), Remainder of Kabletown district, Kabletown district, Jefferson County, West Virginia",1169,946,823,123,39,84,223,163,60
ACSSF,2009e5,wv,000,0033,0001424,080,54,037,08000US540379216014610972500,"Census Tract 9725 (part), Charles Town city (part), Middleway district, Jefferson County, West Virginia",0,0,0,0,0,0,0,0,0
ACSSF,2009e5,wv,000,0033,0001425,080,54,037,08000US540379216099999972200,"Census Tract 9722 (part), Remainder of Middleway district, Middleway district, Jefferson County, West Virginia",20,0,0,0,0,0,20,20,0
ACSSF,2009e5,wv,000,0033,0001426,080,54,037,08000US540379216099999972300,"Census Tract 9723 (part), Remainder of Middleway district, Middleway district, Jefferson County, West Virginia",1747,1304,988,316,147,169,443,315,128
ACSSF,2009e5,wv,000,0033,0001427,080,54,037,08000US540379216099999972400,"Census Tract 9724 (part), Remainder of Middleway district, Middleway district, Jefferson County, West Virginia",832,549,340,209,44,165,283,248,35
ACSSF,2009e5,wv,000,0033,0001428,080,54,037,08000US540379216099999972500,"Census Tract 9725 (part), Remainder of Middleway district, Middleway district, Jefferson County, West Virginia",0,0,0,0,0,0,0,0,0
ACSSF,2009e5,wv,000,0033,0001429,080,54,037,08000US540379216099999972800,"Census Tract 9728 (part), Remainder of Middleway district, Middleway district, Jefferson County, West Virginia",894,704,607,97,47,50,190,158,32
ACSSF,2009e5,wv,000,0033,0001430,080,54,037,08000US540379276035284972600,"Census Tract 9726 (part), Harpers Ferry town (part), Shepherdstown district, Jefferson County, West Virginia",0,0,0,0,0,0,0,0,0
ACSSF,2009e5,wv,000,0033,0001431,080,54,037,08000US540379276073468972200,"Census Tract 9722 (part), Shepherdstown town, Shepherdstown district, Jefferson County, West Virginia",321,153,99,54,13,41,168,120,48
ACSSF,2009e5,wv,000,0033,0001432,080,54,037,08000US540379276099999972200,"Census Tract 9722 (part), Remainder of Shepherdstown district, Shepherdstown district, Jefferson County, West Virginia",2581,1817,1613,204,114,90,764,456,308
ACSSF,2009e5,wv,000,0033,0001433,080,54,037,08000US540379276099999972600,"Census Tract 9726 (part), Remainder of Shepherdstown district, Shepherdstown district, Jefferson County, West Virginia",442,367,353,14,0,14,75,67,8
ACSSF,2009e5,wv,000,0033,0001434,080,54,039,08000US540399076805836011402,"Census Tract 114.02 (part), Belle town, District 1, Kanawha County, West Virginia",51,13,13,0,0,0,38,38,0
ACSSF,2009e5,wv,000,0033,0001435,080,54,039,08000US540399076805836011500,"Census Tract 115 (part), Belle town, District 1, Kanawha County, West Virginia",522,322,218,104,22,82,200,189,11
ACSSF,2009e5,wv,000,0033,0001436,080,54,039,08000US540399076813924011800,"Census Tract 118 (part), Cedar Grove town, District 1, Kanawha County, West Virginia",358,253,139,114,30,84,105,76,29
ACSSF,2009e5,wv,000,0033,0001437,080,54,039,08000US540399076814600000900,"Census Tract 9, Charleston city (part), District 1, Kanawha County, West Virginia",819,122,71,51,8,43,697,673,24
ACSSF,2009e5,wv,000,0033,0001438,080,54,039,08000US540399076814600001100,"Census Tract 11 (part), Charleston city (part), District 1, Kanawha County, West Virginia",2189,1282,822,460,75,385,907,714,193
ACSSF,2009e5,wv,000,0033,0001439,080,54,039,08000US540399076814600001200,"Census Tract 12, Charleston city (part), District 1, Kanawha County, West Virginia",767,235,81,154,25,129,532,437,95
ACSSF,2009e5,wv,000,0033,0001440,080,54,039,08000US540399076814600001300,"Census Tract 13, Charleston city (part), District 1, Kanawha County, West Virginia",1833,470,370,100,31,69,1363,1182,181
ACSSF,2009e5,wv,000,0033,0001441,080,54,039,08000US540399076814600001500,"Census Tract 15 (part), Charleston city (part), District 1, Kanawha County, West Virginia",1377,762,679,83,0,83,615,548,67
ACSSF,2009e5,wv,000,0033,0001442,080,54,039,08000US540399076814600001700,"Census Tract 17 (part), Charleston city (part), District 1, Kanawha County, West Virginia",954,504,400,104,11,93,450,420,30
ACSSF,2009e5,wv,000,0033,0001443,080,54,039,08000US540399076814600001800,"Census Tract 18 (part), Charleston city (part), District 1, Kanawha County, West Virginia",401,301,252,49,10,39,100,54,46
ACSSF,2009e5,wv,000,0033,0001444,080,54,039,08000US540399076814600011301,"Census Tract 113.01 (part), Charleston city (part), District 1, Kanawha County, West Virginia",0,0,0,0,0,0,0,0,0
ACSSF,2009e5,wv,000,0033,0001445,080,54,039,08000US540399076814600011401,"Census Tract 114.01 (part), Charleston city (part), District 1, Kanawha County, West Virginia",0,0,0,0,0,0,0,0,0
ACSSF,2009e5,wv,000,0033,0001446,080,54,039,08000US540399076814600011500,"Census Tract 115 (part), Charleston city (part), District 1, Kanawha County, West Virginia",0,0,0,0,0,0,0,0,0
ACSSF,2009e5,wv,000,0033,0001447,080,54,039,08000US540399076815028012200,"Census Tract 122 (part), Chesapeake town, District 1, Kanawha County, West Virginia",682,421,294,127,37,90,261,215,46
ACSSF,2009e5,wv,000,0033,0001448,080,54,039,08000US540399076816612011401,"Census Tract 114.01 (part), Coal Fork CDP (part), District 1, Kanawha County, West Virginia",425,323,295,28,0,28,102,102,0
ACSSF,2009e5,wv,000,0033,0001449,080,54,039,08000US540399076816612011402,"Census Tract 114.02 (part), Coal Fork CDP (part), District 1, Kanawha County, West Virginia",164,127,88,39,0,39,37,32,5
ACSSF,2009e5,wv,000,0033,0001450,080,54,039,08000US540399076823092012100,"Census Tract 121 (part), East Bank town, District 1, Kanawha County, West Virginia",306,235,123,112,31,81,71,63,8
ACSSF,2009e5,wv,000,0033,0001451,080,54,039,08000US540399076831324011800,"Census Tract 118 (part), Glasgow town, District 1, Kanawha County, West Virginia",301,197,185,12,0,12,104,96,8
ACSSF,2009e5,wv,000,0033,0001452,080,54,039,08000US540399076834756012100,"Census Tract 121 (part), Handley town, District 1, Kanawha County, West Virginia",170,64,36,28,12,16,106,97,9
ACSSF,2009e5,wv,000,0033,0001453,080,54,039,08000US540399076851724011500,"Census Tract 115 (part), Marmet city, District 1, Kanawha County, West Virginia",0,0,0,0,0,0,0,0,0
ACSSF,2009e5,wv,000,0033,0001454,080,54,039,08000US540399076851724012200,"Census Tract 122 (part), Marmet city, District 1, Kanawha County, West Virginia",0,0,0,0,0,0,0,0,0
ACSSF,2009e5,wv,000,0033,0001455,080,54,039,08000US540399076851724012300,"Census Tract 123 (part), Marmet city, District 1, Kanawha County, West Virginia",751,518,379,139,41,98,233,208,25
ACSSF,2009e5,wv,000,0033,0001456,080,54,039,08000US540399076855468011800,"Census Tract 118 (part), Montgomery city (part), District 1, Kanawha County, West Virginia",0,0,0,0,0,0,0,0,0
ACSSF,2009e5,wv,000,0033,0001457,080,54,039,08000US540399076855468012100,"Census Tract 121 (part), Montgomery city (part), District 1, Kanawha County, West Virginia",305,213,131,82,13,69,92,86,6
ACSSF,2009e5,wv,000,0033,0001458,080,54,039,08000US540399076865356012100,"Census Tract 121 (part), Pratt town, District 1, Kanawha County, West Virginia",181,161,127,34,11,23,20,16,4
ACSSF,2009e5,wv,000,0033,0001459,080,54,039,08000US540399076874740011800,"Census Tract 118 (part), Smithers city (part), District 1, Kanawha County, West Virginia",0,0,0,0,0,0,0,0,0
ACSSF,2009e5,wv,000,0033,0001460,080,54,039,08000US540399076899999001100,"Census Tract 11 (part), District Remainder of 1, District 1, Kanawha County, West Virginia",67,51,51,0,0,0,16,16,0
ACSSF,2009e5,wv,000,0033,0001461,080,54,039,08000US540399076899999001700,"Census Tract 17 (part), District Remainder of 1, District 1, Kanawha County, West Virginia",0,0,0,0,0,0,0,0,0
ACSSF,2009e5,wv,000,0033,0001462,080,54,039,08000US540399076899999001800,"Census Tract 18 (part), District Remainder of 1, District 1, Kanawha County, West Virginia",0,0,0,0,0,0,0,0,0
ACSSF,2009e5,wv,000,0033,0001463,080,54,039,08000US540399076899999011301,"Census Tract 113.01 (part), District Remainder of 1, District 1, Kanawha County, West Virginia",278,195,171,24,15,9,83,75,8
ACSSF,2009e5,wv,000,0033,0001464,080,54,039,08000US540399076899999011401,"Census Tract 114.01 (part), District Remainder of 1, District 1, Kanawha County, West Virginia",321,237,218,19,0,19,84,61,23
ACSSF,2009e5,wv,000,0033,0001465,080,54,039,08000US540399076899999011402,"Census Tract 114.02 (part), District Remainder of 1, District 1, Kanawha County, West Virginia",1367,1006,878,128,26,102,361,299,62
ACSSF,2009e5,wv,000,0033,0001466,080,54,039,08000US540399076899999011500,"Census Tract 115 (part), District Remainder of 1, District 1, Kanawha County, West Virginia",1363,829,467,362,110,252,534,446,88
ACSSF,2009e5,wv,000,0033,0001467,080,54,039,08000US540399076899999011800,"Census Tract 118 (part), District Remainder of 1, District 1, Kanawha County, West Virginia",1547,1168,933,235,14,221,379,345,34
ACSSF,2009e5,wv,000,0033,0001468,080,54,039,08000US540399076899999012100,"Census Tract 121 (part), District Remainder of 1, District 1, Kanawha County, West Virginia",878,697,466,231,80,151,181,181,0
ACSSF,2009e5,wv,000,0033,0001469,080,54,039,08000US540399076899999012200,"Census Tract 122 (part), District Remainder of 1, District 1, Kanawha County, West Virginia",1362,763,604,159,27,132,599,503,96
ACSSF,2009e5,wv,000,0033,0001470,080,54,039,08000US540399076899999012300,"Census Tract 123 (part), District Remainder of 1, District 1, Kanawha County, West Virginia",177,64,59,5,0,5,113,85,28
ACSSF,2009e5,wv,000,0033,0001471,080,54,039,08000US540399080414600000100,"Census Tract 1 (part), Charleston city (part), District 2, Kanawha County, West Virginia",526,266,125,141,79,62,260,231,29
ACSSF,2009e5,wv,000,0033,0001472,080,54,039,08000US540399080414600000200,"Census Tract 2 (part), Charleston city (part), District 2, Kanawha County, West Virginia",557,417,256,161,30,131,140,97,43
ACSSF,2009e5,wv,000,0033,0001473,080,54,039,08000US540399080414600001500,"Census Tract 15 (part), Charleston city (part), District 2, Kanawha County, West Virginia",700,341,288,53,17,36,359,345,14
ACSSF,2009e5,wv,000,0033,0001474,080,54,039,08000US540399080414600001800,"Census Tract 18 (part), Charleston city (part), District 2, Kanawha County, West Virginia",485,281,233,48,0,48,204,171,33
ACSSF,2009e5,wv,000,0033,0001475,080,54,039,08000US540399080414600001901,"Census Tract 19.01 (part), Charleston city (part), District 2, Kanawha County, West Virginia",1336,962,760,202,33,169,374,329,45
ACSSF,2009e5,wv,000,0033,0001476,080,54,039,08000US540399080414600001902,"Census Tract 19.02 (part), Charleston city (part), District 2, Kanawha County, West Virginia",1495,1026,984,42,20,22,469,458,11
ACSSF,2009e5,wv,000,0033,0001477,080,54,039,08000US540399080414600002000,"Census Tract 20, Charleston city (part), District 2, Kanawha County, West Virginia",1298,770,632,138,64,74,528,441,87
ACSSF,2009e5,wv,000,0033,0001478,080,54,039,08000US540399080414600002100,"Census Tract 21 (part), Charleston city (part), District 2, Kanawha County, West Virginia",1771,1013,753,260,22,238,758,640,118
ACSSF,2009e5,wv,000,0033,0001479,080,54,039,08000US540399080414600012300,"Census Tract 123 (part), Charleston city (part), District 2, Kanawha County, West Virginia",99,92,85,7,0,7,7,0,7
ACSSF,2009e5,wv,000,0033,0001480,080,54,039,08000US540399080414600012800,"Census Tract 128 (part), Charleston city (part), District 2, Kanawha County, West Virginia",114,63,42,21,0,21,51,51,0
ACSSF,2009e5,wv,000,0033,0001481,080,54,039,08000US540399080414600013000,"Census Tract 130 (part), Charleston city (part), District 2, Kanawha County, West Virginia",13,13,13,0,0,0,0,0,0
ACSSF,2009e5,wv,000,0033,0001482,080,54,039,08000US540399080422564000100,"Census Tract 1 (part), Dunbar city (part), District 2, Kanawha County, West Virginia",0,0,0,0,0,0,0,0,0
ACSSF,2009e5,wv,000,0033,0001483,080,54,039,08000US540399080422564010100,"Census Tract 101 (part), Dunbar city (part), District 2, Kanawha County, West Virginia",1432,801,631,170,27,143,631,541,90
ACSSF,2009e5,wv,000,0033,0001484,080,54,039,08000US540399080422564010200,"Census Tract 102, Dunbar city (part), District 2, Kanawha County, West Virginia",1065,526,341,185,47,138,539,465,74
ACSSF,2009e5,wv,000,0033,0001485,080,54,039,08000US540399080422564010300,"Census Tract 103 (part), Dunbar city (part), District 2, Kanawha County, West Virginia",977,589,373,216,18,198,388,339,49
ACSSF,2009e5,wv,000,0033,0001486,080,54,039,08000US540399080422564010400,"Census Tract 104 (part), Dunbar city (part), District 2, Kanawha County, West Virginia",30,30,11,19,0,19,0,0,0
ACSSF,2009e5,wv,000,0033,0001487,080,54,039,08000US540399080471212013200,"Census Tract 132 (part), St. Albans city (part), District 2, Kanawha County, West Virginia",0,0,0,0,0,0,0,0,0
ACSSF,2009e5,wv,000,0033,0001488,080,54,039,08000US540399080471212013400,"Census Tract 134 (part), St. Albans city (part), District 2, Kanawha County, West Virginia",0,0,0,0,0,0,0,0,0
ACSSF,2009e5,wv,000,0033,0001489,080,54,039,08000US540399080475292002100,"Census Tract 21 (part), South Charleston city, District 2, Kanawha County, West Virginia",384,280,248,32,10,22,104,78,26
ACSSF,2009e5,wv,000,0033,0001490,080,54,039,08000US540399080475292010100,"Census Tract 101 (part), South Charleston city, District 2, Kanawha County, West Virginia",0,0,0,0,0,0,0,0,0
ACSSF,2009e5,wv,000,0033,0001491,080,54,039,08000US540399080475292012300,"Census Tract 123 (part), South Charleston city, District 2, Kanawha County, West Virginia",17,17,17,0,0,0,0,0,0
ACSSF,2009e5,wv,000,0033,0001492,080,54,039,08000US540399080475292012800,"Census Tract 128 (part), South Charleston city, District 2, Kanawha County, West Virginia",1561,963,812,151,35,116,598,545,53
ACSSF,2009e5,wv,000,0033,0001493,080,54,039,08000US540399080475292012900,"Census Tract 129, South Charleston city, District 2, Kanawha County, West Virginia",583,348,273,75,9,66,235,224,11
ACSSF,2009e5,wv,000,0033,0001494,080,54,039,08000US540399080475292013000,"Census Tract 130 (part), South Charleston city, District 2, Kanawha County, West Virginia",1610,933,537,396,64,332,677,635,42
ACSSF,2009e5,wv,000,0033,0001495,080,54,039,08000US540399080475292013100,"Census Tract 131 (part), South Charleston city, District 2, Kanawha County, West Virginia",1541,964,514,450,44,406,577,561,16
ACSSF,2009e5,wv,000,0033,0001496,080,54,039,08000US540399080475292013200,"Census Tract 132 (part), South Charleston city, District 2, Kanawha County, West Virginia",0,0,0,0,0,0,0,0,0
ACSSF,2009e5,wv,000,0033,0001497,080,54,039,08000US540399080499999000200,"Census Tract 2 (part), District Remainder of 2, District 2, Kanawha County, West Virginia",0,0,0,0,0,0,0,0,0
ACSSF,2009e5,wv,000,0033,0001498,080,54,039,08000US540399080499999001800,"Census Tract 18 (part), District Remainder of 2, District 2, Kanawha County, West Virginia",53,53,43,10,0,10,0,0,0
ACSSF,2009e5,wv,000,0033,0001499,080,54,039,08000US540399080499999001901,"Census Tract 19.01 (part), District Remainder of 2, District 2, Kanawha County, West Virginia",160,98,85,13,0,13,62,62,0
ACSSF,2009e5,wv,000,0033,0001500,080,54,039,08000US540399080499999001902,"Census Tract 19.02 (part), District Remainder of 2, District 2, Kanawha County, West Virginia",243,103,103,0,0,0,140,99,41
ACSSF,2009e5,wv,000,0033,0001501,080,54,039,08000US540399080499999002100,"Census Tract 21 (part), District Remainder of 2, District 2, Kanawha County, West Virginia",13,0,0,0,0,0,13,13,0
ACSSF,2009e5,wv,000,0033,0001502,080,54,039,08000US540399080499999010100,"Census Tract 101 (part), District Remainder of 2, District 2, Kanawha County, West Virginia",81,71,40,31,31,0,10,10,0
ACSSF,2009e5,wv,000,0033,0001503,080,54,039,08000US540399080499999010400,"Census Tract 104 (part), District Remainder of 2, District 2, Kanawha County, West Virginia",0,0,0,0,0,0,0,0,0
ACSSF,2009e5,wv,000,0033,0001504,080,54,039,08000US540399080499999012300,"Census Tract 123 (part), District Remainder of 2, District 2, Kanawha County, West Virginia",1318,875,809,66,45,21,443,338,105
ACSSF,2009e5,wv,000,0033,0001505,080,54,039,08000US540399080499999012800,"Census Tract 128 (part), District Remainder of 2, District 2, Kanawha County, West Virginia",7,7,7,0,0,0,0,0,0
ACSSF,2009e5,wv,000,0033,0001506,080,54,039,08000US540399080499999013000,"Census Tract 130 (part), District Remainder of 2, District 2, Kanawha County, West Virginia",602,303,262,41,0,41,299,299,0
ACSSF,2009e5,wv,000,0033,0001507,080,54,039,08000US540399080499999013100,"Census Tract 131 (part), District Remainder of 2, District 2, Kanawha County, West Virginia",137,119,87,32,0,32,18,18,0
ACSSF,2009e5,wv,000,0033,0001508,080,54,039,08000US540399080499999013200,"Census Tract 132 (part), District Remainder of 2, District 2, Kanawha County, West Virginia",1028,635,474,161,116,45,393,305,88
ACSSF,2009e5,wv,000,0033,0001509,080,54,039,08000US540399080499999013300,"Census Tract 133 (part), District Remainder of 2, District 2, Kanawha County, West Virginia",33,33,0,33,0,33,0,0,0
ACSSF,2009e5,wv,000,0033,0001510,080,54,039,08000US540399080499999013400,"Census Tract 134 (part), District Remainder of 2, District 2, Kanawha County, West Virginia",178,90,54,36,0,36,88,80,8
ACSSF,2009e5,wv,000,0033,0001511,080,54,039,08000US540399084019108010500,"Census Tract 105 (part), Cross Lanes CDP, District 3, Kanawha County, West Virginia",1765,998,763,235,21,214,767,714,53
ACSSF,2009e5,wv,000,0033,0001512,080,54,039,08000US540399084019108010701,"Census Tract 107.01 (part), Cross Lanes CDP, District 3, Kanawha County, West Virginia",1917,1074,867,207,46,161,843,671,172
ACSSF,2009e5,wv,000,0033,0001513,080,54,039,08000US540399084019108010702,"Census Tract 107.02 (part), Cross Lanes CDP, District 3, Kanawha County, West Virginia",846,565,461,104,14,90,281,252,29
ACSSF,2009e5,wv,000,0033,0001514,080,54,039,08000US540399084022564000200,"Census Tract 2 (part), Dunbar city (part), District 3, Kanawha County, West Virginia",0,0,0,0,0,0,0,0,0
ACSSF,2009e5,wv,000,0033,0001515,080,54,039,08000US540399084022564010100,"Census Tract 101 (part), Dunbar city (part), District 3, Kanawha County, West Virginia",0,0,0,0,0,0,0,0,0
ACSSF,2009e5,wv,000,0033,0001516,080,54,039,08000US540399084022564010300,"Census Tract 103 (part), Dunbar city (part), District 3, Kanawha County, West Virginia",0,0,0,0,0,0,0,0,0
ACSSF,2009e5,wv,000,0033,0001517,080,54,039,08000US540399084022564010400,"Census Tract 104 (part), Dunbar city (part), District 3, Kanawha County, West Virginia",0,0,0,0,0,0,0,0,0
ACSSF,2009e5,wv,000,0033,0001518,080,54,039,08000US540399084022564010500,"Census Tract 105 (part), Dunbar city (part), District 3, Kanawha County, West Virginia",0,0,0,0,0,0,0,0,0
ACSSF,2009e5,wv,000,0033,0001519,080,54,039,08000US540399084059068010600,"Census Tract 106 (part), Nitro city (part), District 3, Kanawha County, West Virginia",2002,1280,776,504,135,369,722,630,92
ACSSF,2009e5,wv,000,0033,0001520,080,54,039,08000US540399084059068010701,"Census Tract 107.01 (part), Nitro city (part), District 3, Kanawha County, West Virginia",302,224,165,59,12,47,78,78,0
ACSSF,2009e5,wv,000,0033,0001521,080,54,039,08000US540399084071212013200,"Census Tract 132 (part), St. Albans city (part), District 3, Kanawha County, West Virginia",20,20,20,0,0,0,0,0,0
ACSSF,2009e5,wv,000,0033,0001522,080,54,039,08000US540399084071212013300,"Census Tract 133 (part), St. Albans city (part), District 3, Kanawha County, West Virginia",964,693,539,154,17,137,271,243,28
ACSSF,2009e5,wv,000,0033,0001523,080,54,039,08000US540399084071212013400,"Census Tract 134 (part), St. Albans city (part), District 3, Kanawha County, West Virginia",776,453,343,110,33,77,323,269,54
ACSSF,2009e5,wv,000,0033,0001524,080,54,039,08000US540399084071212013500,"Census Tract 135 (part), St. Albans city (part), District 3, Kanawha County, West Virginia",1301,733,558,175,27,148,568,503,65
ACSSF,2009e5,wv,000,0033,0001525,080,54,039,08000US540399084071212013600,"Census Tract 136 (part), St. Albans city (part), District 3, Kanawha County, West Virginia",1545,864,526,338,113,225,681,612,69
ACSSF,2009e5,wv,000,0033,0001526,080,54,039,08000US540399084071212013700,"Census Tract 137 (part), St. Albans city (part), District 3, Kanawha County, West Virginia",383,281,256,25,0,25,102,102,0
ACSSF,2009e5,wv,000,0033,0001527,080,54,039,08000US540399084074356010801,"Census Tract 108.01 (part), Sissonville CDP (part), District 3, Kanawha County, West Virginia",0,0,0,0,0,0,0,0,0
ACSSF,2009e5,wv,000,0033,0001528,080,54,039,08000US540399084074356010802,"Census Tract 108.02 (part), Sissonville CDP (part), District 3, Kanawha County, West Virginia",240,185,185,0,0,0,55,55,0
ACSSF,2009e5,wv,000,0033,0001529,080,54,039,08000US540399084080764013700,"Census Tract 137 (part), Tornado CDP, District 3, Kanawha County, West Virginia",561,487,406,81,21,60,74,74,0
ACSSF,2009e5,wv,000,0033,0001530,080,54,039,08000US540399084099999000200,"Census Tract 2 (part), District Remainder of 3, District 3, Kanawha County, West Virginia",217,188,188,0,0,0,29,0,29
ACSSF,2009e5,wv,000,0033,0001531,080,54,039,08000US540399084099999010100,"Census Tract 101 (part), District Remainder of 3, District 3, Kanawha County, West Virginia",203,175,137,38,8,30,28,28,0
ACSSF,2009e5,wv,000,0033,0001532,080,54,039,08000US540399084099999010300,"Census Tract 103 (part), District Remainder of 3, District 3, Kanawha County, West Virginia",84,55,20,35,0,35,29,17,12
ACSSF,2009e5,wv,000,0033,0001533,080,54,039,08000US540399084099999010400,"Census Tract 104 (part), District Remainder of 3, District 3, Kanawha County, West Virginia",388,245,179,66,9,57,143,116,27
ACSSF,2009e5,wv,000,0033,0001534,080,54,039,08000US540399084099999010500,"Census Tract 105 (part), District Remainder of 3, District 3, Kanawha County, West Virginia",627,488,311,177,74,103,139,120,19
ACSSF,2009e5,wv,000,0033,0001535,080,54,039,08000US540399084099999010600,"Census Tract 106 (part), District Remainder of 3, District 3, Kanawha County, West Virginia",157,138,138,0,0,0,19,19,0
ACSSF,2009e5,wv,000,0033,0001536,080,54,039,08000US540399084099999010701,"Census Tract 107.01 (part), District Remainder of 3, District 3, Kanawha County, West Virginia",71,40,40,0,0,0,31,31,0
ACSSF,2009e5,wv,000,0033,0001537,080,54,039,08000US540399084099999010702,"Census Tract 107.02 (part), District Remainder of 3, District 3, Kanawha County, West Virginia",958,657,564,93,62,31,301,255,46
ACSSF,2009e5,wv,000,0033,0001538,080,54,039,08000US540399084099999010801,"Census Tract 108.01 (part), District Remainder of 3, District 3, Kanawha County, West Virginia",849,701,622,79,30,49,148,138,10
ACSSF,2009e5,wv,000,0033,0001539,080,54,039,08000US540399084099999010802,"Census Tract 108.02 (part), District Remainder of 3, District 3, Kanawha County, West Virginia",127,119,55,64,41,23,8,0,8
ACSSF,2009e5,wv,000,0033,0001540,080,54,039,08000US540399084099999013100,"Census Tract 131 (part), District Remainder of 3, District 3, Kanawha County, West Virginia",11,11,11,0,0,0,0,0,0
ACSSF,2009e5,wv,000,0033,0001541,080,54,039,08000US540399084099999013200,"Census Tract 132 (part), District Remainder of 3, District 3, Kanawha County, West Virginia",499,317,216,101,44,57,182,156,26
ACSSF,2009e5,wv,000,0033,0001542,080,54,039,08000US540399084099999013300,"Census Tract 133 (part), District Remainder of 3, District 3, Kanawha County, West Virginia",111,100,27,73,35,38,11,11,0
ACSSF,2009e5,wv,000,0033,0001543,080,54,039,08000US540399084099999013400,"Census Tract 134 (part), District Remainder of 3, District 3, Kanawha County, West Virginia",0,0,0,0,0,0,0,0,0
ACSSF,2009e5,wv,000,0033,0001544,080,54,039,08000US540399084099999013500,"Census Tract 135 (part), District Remainder of 3, District 3, Kanawha County, West Virginia",0,0,0,0,0,0,0,0,0
ACSSF,2009e5,wv,000,0033,0001545,080,54,039,08000US540399084099999013600,"Census Tract 136 (part), District Remainder of 3, District 3, Kanawha County, West Virginia",672,481,333,148,36,112,191,191,0
ACSSF,2009e5,wv,000,0033,0001546,080,54,039,08000US540399084099999013700,"Census Tract 137 (part), District Remainder of 3, District 3, Kanawha County, West Virginia",2315,1623,1365,258,8,250,692,542,150
ACSSF,2009e5,wv,000,0033,0001547,080,54,039,08000US540399084099999013800,"Census Tract 138, District Remainder of 3, District 3, Kanawha County, West Virginia",1174,844,511,333,71,262,330,323,7
ACSSF,2009e5,wv,000,0033,0001548,080,54,039,08000US540399087614600000100,"Census Tract 1 (part), Charleston city (part), District 4, Kanawha County, West Virginia",144,52,21,31,0,31,92,92,0
ACSSF,2009e5,wv,000,0033,0001549,080,54,039,08000US540399087614600000200,"Census Tract 2 (part), Charleston city (part), District 4, Kanawha County, West Virginia",120,85,20,65,0,65,35,35,0
ACSSF,2009e5,wv,000,0033,0001550,080,54,039,08000US540399087614600000300,"Census Tract 3 (part), Charleston city (part), District 4, Kanawha County, West Virginia",1265,820,536,284,154,130,445,372,73
ACSSF,2009e5,wv,000,0033,0001551,080,54,039,08000US540399087614600000500,"Census Tract 5, Charleston city (part), District 4, Kanawha County, West Virginia",1080,530,416,114,26,88,550,468,82
ACSSF,2009e5,wv,000,0033,0001552,080,54,039,08000US540399087614600000600,"Census Tract 6, Charleston city (part), District 4, Kanawha County, West Virginia",1859,999,657,342,9,333,860,672,188
ACSSF,2009e5,wv,000,0033,0001553,080,54,039,08000US540399087614600000700,"Census Tract 7, Charleston city (part), District 4, Kanawha County, West Virginia",1186,615,207,408,16,392,571,457,114
ACSSF,2009e5,wv,000,0033,0001554,080,54,039,08000US540399087614600000800,"Census Tract 8, Charleston city (part), District 4, Kanawha County, West Virginia",1184,436,169,267,58,209,748,659,89
ACSSF,2009e5,wv,000,0033,0001555,080,54,039,08000US540399087614600002100,"Census Tract 21 (part), Charleston city (part), District 4, Kanawha County, West Virginia",0,0,0,0,0,0,0,0,0
ACSSF,2009e5,wv,000,0033,0001556,080,54,039,08000US540399087614600011000,"Census Tract 110 (part), Charleston city (part), District 4, Kanawha County, West Virginia",121,33,33,0,0,0,88,88,0
ACSSF,2009e5,wv,000,0033,0001557,080,54,039,08000US540399087614600011301,"Census Tract 113.01 (part), Charleston city (part), District 4, Kanawha County, West Virginia",8,8,8,0,0,0,0,0,0
ACSSF,2009e5,wv,000,0033,0001558,080,54,039,08000US540399087614600011401,"Census Tract 114.01 (part), Charleston city (part), District 4, Kanawha County, West Virginia",0,0,0,0,0,0,0,0,0
ACSSF,2009e5,wv,000,0033,0001559,080,54,039,08000US540399087616012011200,"Census Tract 112 (part), Clendenin town, District 4, Kanawha County, West Virginia",497,377,248,129,9,120,120,108,12
ACSSF,2009e5,wv,000,0033,0001560,080,54,039,08000US540399087616612011401,"Census Tract 114.01 (part), Coal Fork CDP (part), District 4, Kanawha County, West Virginia",0,0,0,0,0,0,0,0,0
ACSSF,2009e5,wv,000,0033,0001561,080,54,039,08000US540399087624748011100,"Census Tract 111 (part), Elkview CDP, District 4, Kanawha County, West Virginia",228,151,99,52,0,52,77,77,0
ACSSF,2009e5,wv,000,0033,0001562,080,54,039,08000US540399087624748011302,"Census Tract 113.02 (part), Elkview CDP, District 4, Kanawha County, West Virginia",353,266,252,14,14,0,87,87,0
ACSSF,2009e5,wv,000,0033,0001563,080,54,039,08000US540399087663772011100,"Census Tract 111 (part), Pinch CDP, District 4, Kanawha County, West Virginia",0,0,0,0,0,0,0,0,0
ACSSF,2009e5,wv,000,0033,0001564,080,54,039,08000US540399087663772011301,"Census Tract 113.01 (part), Pinch CDP, District 4, Kanawha County, West Virginia",0,0,0,0,0,0,0,0,0
ACSSF,2009e5,wv,000,0033,0001565,080,54,039,08000US540399087663772011302,"Census Tract 113.02 (part), Pinch CDP, District 4, Kanawha County, West Virginia",1107,899,784,115,0,115,208,191,17
ACSSF,2009e5,wv,000,0033,0001566,080,54,039,08000US540399087674356010801,"Census Tract 108.01 (part), Sissonville CDP (part), District 4, Kanawha County, West Virginia",1346,883,742,141,19,122,463,384,79
ACSSF,2009e5,wv,000,0033,0001567,080,54,039,08000US540399087674356010802,"Census Tract 108.02 (part), Sissonville CDP (part), District 4, Kanawha County, West Virginia",329,275,169,106,8,98,54,54,0
ACSSF,2009e5,wv,000,0033,0001568,080,54,039,08000US540399087699999000200,"Census Tract 2 (part), District Remainder of 4, District 4, Kanawha County, West Virginia",51,51,33,18,0,18,0,0,0
ACSSF,2009e5,wv,000,0033,0001569,080,54,039,08000US540399087699999000300,"Census Tract 3 (part), District Remainder of 4, District 4, Kanawha County, West Virginia",82,7,0,7,7,0,75,75,0
ACSSF,2009e5,wv,000,0033,0001570,080,54,039,08000US540399087699999001100,"Census Tract 11 (part), District Remainder of 4, District 4, Kanawha County, West Virginia",25,25,25,0,0,0,0,0,0
ACSSF,2009e5,wv,000,0033,0001571,080,54,039,08000US540399087699999010702,"Census Tract 107.02 (part), District Remainder of 4, District 4, Kanawha County, West Virginia",190,120,120,0,0,0,70,70,0
ACSSF,2009e5,wv,000,0033,0001572,080,54,039,08000US540399087699999010801,"Census Tract 108.01 (part), District Remainder of 4, District 4, Kanawha County, West Virginia",602,499,366,133,64,69,103,103,0
ACSSF,2009e5,wv,000,0033,0001573,080,54,039,08000US540399087699999010802,"Census Tract 108.02 (part), District Remainder of 4, District 4, Kanawha County, West Virginia",748,585,490,95,7,88,163,141,22
ACSSF,2009e5,wv,000,0033,0001574,080,54,039,08000US540399087699999010900,"Census Tract 109, District Remainder of 4, District 4, Kanawha County, West Virginia",1085,730,511,219,60,159,355,313,42
ACSSF,2009e5,wv,000,0033,0001575,080,54,039,08000US540399087699999011000,"Census Tract 110 (part), District Remainder of 4, District 4, Kanawha County, West Virginia",2124,1383,1135,248,11,237,741,551,190
ACSSF,2009e5,wv,000,0033,0001576,080,54,039,08000US540399087699999011100,"Census Tract 111 (part), District Remainder of 4, District 4, Kanawha County, West Virginia",1915,1284,988,296,68,228,631,562,69
ACSSF,2009e5,wv,000,0033,0001577,080,54,039,08000US540399087699999011200,"Census Tract 112 (part), District Remainder of 4, District 4, Kanawha County, West Virginia",1408,965,832,133,41,92,443,407,36
ACSSF,2009e5,wv,000,0033,0001578,080,54,039,08000US540399087699999011301,"Census Tract 113.01 (part), District Remainder of 4, District 4, Kanawha County, West Virginia",1068,738,507,231,61,170,330,298,32
ACSSF,2009e5,wv,000,0033,0001579,080,54,039,08000US540399087699999011302,"Census Tract 113.02 (part), District Remainder of 4, District 4, Kanawha County, West Virginia",583,336,305,31,17,14,247,220,27
ACSSF,2009e5,wv,000,0033,0001580,080,54,039,08000US540399087699999011401,"Census Tract 114.01 (part), District Remainder of 4, District 4, Kanawha County, West Virginia",415,269,205,64,0,64,146,146,0
ACSSF,2009e5,wv,000,0033,0001581,080,54,039,08000US540399087699999011800,"Census Tract 118 (part), District Remainder of 4, District 4, Kanawha County, West Virginia",19,0,0,0,0,0,19,19,0
ACSSF,2009e5,wv,000,0033,0001582,080,54,041,08000US540419067685972967400,"Census Tract 9674 (part), Weston city (part), Courthouse-Collins Settlement district, Lewis County, West Virginia",496,291,240,51,24,27,205,205,0
ACSSF,2009e5,wv,000,0033,0001583,080,54,041,08000US540419067685972967500,"Census Tract 9675 (part), Weston city (part), Courthouse-Collins Settlement district, Lewis County, West Virginia",345,259,217,42,0,42,86,86,0
ACSSF,2009e5,wv,000,0033,0001584,080,54,041,08000US540419067699999967200,"Census Tract 9672 (part), Remainder of Courthouse-Collins Settlement district, Courthouse-Collins Settlement district, Lewis County, West Virginia",104,104,84,20,0,20,0,0,0
ACSSF,2009e5,wv,000,0033,0001585,080,54,041,08000US540419067699999967400,"Census Tract 9674 (part), Remainder of Courthouse-Collins Settlement district, Courthouse-Collins Settlement district, Lewis County, West Virginia",141,92,65,27,0,27,49,49,0
ACSSF,2009e5,wv,000,0033,0001586,080,54,041,08000US540419067699999967500,"Census Tract 9675 (part), Remainder of Courthouse-Collins Settlement district, Courthouse-Collins Settlement district, Lewis County, West Virginia",8,8,8,0,0,0,0,0,0
ACSSF,2009e5,wv,000,0033,0001587,080,54,041,08000US540419067699999967600,"Census Tract 9676 (part), Remainder of Courthouse-Collins Settlement district, Courthouse-Collins Settlement district, Lewis County, West Virginia",1039,754,576,178,74,104,285,225,60
ACSSF,2009e5,wv,000,0033,0001588,080,54,041,08000US540419117685972967200,"Census Tract 9672 (part), Weston city (part), Freemans Creek district, Lewis County, West Virginia",153,63,48,15,0,15,90,90,0
ACSSF,2009e5,wv,000,0033,0001589,080,54,041,08000US540419117685972967500,"Census Tract 9675 (part), Weston city (part), Freemans Creek district, Lewis County, West Virginia",456,254,161,93,22,71,202,174,28
ACSSF,2009e5,wv,000,0033,0001590,080,54,041,08000US540419117699999967200,"Census Tract 9672 (part), Remainder of Freemans Creek district, Freemans Creek district, Lewis County, West Virginia",1160,829,750,79,39,40,331,259,72
ACSSF,2009e5,wv,000,0033,0001591,080,54,041,08000US540419117699999967500,"Census Tract 9675 (part), Remainder of Freemans Creek district, Freemans Creek district, Lewis County, West Virginia",338,143,143,0,0,0,195,168,27
ACSSF,2009e5,wv,000,0033,0001592,080,54,041,08000US540419117699999967600,"Census Tract 9676 (part), Remainder of Freemans Creek district, Freemans Creek district, Lewis County, West Virginia",82,51,51,0,0,0,31,31,0
ACSSF,2009e5,wv,000,0033,0001593,080,54,041,08000US540419148040828967300,"Census Tract 9673 (part), Jane Lew town, Hackers Creek-Skin Creek district, Lewis County, West Virginia",205,85,62,23,0,23,120,111,9
ACSSF,2009e5,wv,000,0033,0001594,080,54,041,08000US540419148085972967300,"Census Tract 9673 (part), Weston city (part), Hackers Creek-Skin Creek district, Lewis County, West Virginia",15,15,0,15,0,15,0,0,0
ACSSF,2009e5,wv,000,0033,0001595,080,54,041,08000US540419148085972967400,"Census Tract 9674 (part), Weston city (part), Hackers Creek-Skin Creek district, Lewis County, West Virginia",330,220,100,120,0,120,110,110,0
ACSSF,2009e5,wv,000,0033,0001596,080,54,041,08000US540419148085972967600,"Census Tract 9676 (part), Weston city (part), Hackers Creek-Skin Creek district, Lewis County, West Virginia",0,0,0,0,0,0,0,0,0
ACSSF,2009e5,wv,000,0033,0001597,080,54,041,08000US540419148099999967300,"Census Tract 9673 (part), Remainder of Hackers Creek-Skin Creek district, Hackers Creek-Skin Creek district, Lewis County, West Virginia",1314,926,826,100,37,63,388,263,125
ACSSF,2009e5,wv,000,0033,0001598,080,54,041,08000US540419148099999967400,"Census Tract 9674 (part), Remainder of Hackers Creek-Skin Creek district, Hackers Creek-Skin Creek district, Lewis County, West Virginia",458,177,144,33,33,0,281,218,63
ACSSF,2009e5,wv,000,0033,0001599,080,54,041,08000US540419148099999967600,"Census Tract 9676 (part), Remainder of Hackers Creek-Skin Creek district, Hackers Creek-Skin Creek district, Lewis County, West Virginia",176,112,89,23,23,0,64,50,14
ACSSF,2009e5,wv,000,0033,0001600,080,54,043,08000US540439038434516955500,"Census Tract 9555 (part), Hamlin town, Carroll district, Lincoln County, West Virginia",556,320,170,150,45,105,236,208,28
ACSSF,2009e5,wv,000,0033,0001601,080,54,043,08000US540439038499999955500,"Census Tract 9555 (part), Remainder of Carroll district, Carroll district, Lincoln County, West Virginia",980,773,578,195,92,103,207,193,14
ACSSF,2009e5,wv,000,0033,0001602,080,54,043,08000US540439038499999955800,"Census Tract 9558 (part), Remainder of Carroll district, Carroll district, Lincoln County, West Virginia",0,0,0,0,0,0,0,0,0
ACSSF,2009e5,wv,000,0033,0001603,080,54,043,08000US540439096001396955400,"Census Tract 9554 (part), Alum Creek CDP (part), Duval district, Lincoln County, West Virginia",0,0,0,0,0,0,0,0,0
ACSSF,2009e5,wv,000,0033,0001604,080,54,043,08000US540439096099999955400,"Census Tract 9554 (part), Remainder of Duval district, Duval district, Lincoln County, West Virginia",1232,1078,939,139,46,93,154,137,17
ACSSF,2009e5,wv,000,0033,0001605,080,54,043,08000US540439157235596955700,"Census Tract 9557 (part), Harts CDP (part), Harts Creek district, Lincoln County, West Virginia",937,773,512,261,54,207,164,132,32
ACSSF,2009e5,wv,000,0033,0001606,080,54,043,08000US540439157235596955800,"Census Tract 9558 (part), Harts CDP (part), Harts Creek district, Lincoln County, West Virginia",0,0,0,0,0,0,0,0,0
ACSSF,2009e5,wv,000,0033,0001607,080,54,043,08000US540439157299999955700,"Census Tract 9557 (part), Remainder of Harts Creek district, Harts Creek district, Lincoln County, West Virginia",364,270,210,60,40,20,94,94,0
ACSSF,2009e5,wv,000,0033,0001608,080,54,043,08000US540439157299999955800,"Census Tract 9558 (part), Remainder of Harts Creek district, Harts Creek district, Lincoln County, West Virginia",214,146,98,48,0,48,68,43,25
ACSSF,2009e5,wv,000,0033,0001609,080,54,043,08000US540439170499999955800,"Census Tract 9558 (part), Jefferson district, Jefferson district, Lincoln County, West Virginia",501,433,353,80,33,47,68,65,3
ACSSF,2009e5,wv,000,0033,0001610,080,54,043,08000US540439181235596955700,"Census Tract 9557 (part), Harts CDP (part), Laurel Hill district, Lincoln County, West Virginia",3,3,3,0,0,0,0,0,0
ACSSF,2009e5,wv,000,0033,0001611,080,54,043,08000US540439181299999955600,"Census Tract 9556 (part), Remainder of Laurel Hill district, Laurel Hill district, Lincoln County, West Virginia",550,434,314,120,8,112,116,116,0
ACSSF,2009e5,wv,000,0033,0001612,080,54,043,08000US540439181299999955700,"Census Tract 9557 (part), Remainder of Laurel Hill district, Laurel Hill district, Lincoln County, West Virginia",80,80,60,20,20,0,0,0,0
ACSSF,2009e5,wv,000,0033,0001613,080,54,043,08000US540439181299999955800,"Census Tract 9558 (part), Remainder of Laurel Hill district, Laurel Hill district, Lincoln County, West Virginia",212,181,131,50,17,33,31,31,0
ACSSF,2009e5,wv,000,0033,0001614,080,54,043,08000US540439278485804955600,"Census Tract 9556 (part), West Hamlin town, Sheridan district, Lincoln County, West Virginia",322,186,109,77,14,63,136,136,0
ACSSF,2009e5,wv,000,0033,0001615,080,54,043,08000US540439278499999955600,"Census Tract 9556 (part), Remainder of Sheridan district, Sheridan district, Lincoln County, West Virginia",1171,916,663,253,84,169,255,229,26
ACSSF,2009e5,wv,000,0033,0001616,080,54,043,08000US540439278499999955800,"Census Tract 9558 (part), Remainder of Sheridan district, Sheridan district, Lincoln County, West Virginia",284,203,104,99,31,68,81,73,8
ACSSF,2009e5,wv,000,0033,0001617,080,54,043,08000US540439324099999955800,"Census Tract 9558 (part), Union district, Union district, Lincoln County, West Virginia",138,37,37,0,0,0,101,101,0
ACSSF,2009e5,wv,000,0033,0001618,080,54,043,08000US540439351601396955400,"Census Tract 9554 (part), Alum Creek CDP (part), Washington district, Lincoln County, West Virginia",673,507,395,112,0,112,166,148,18
ACSSF,2009e5,wv,000,0033,0001619,080,54,043,08000US540439351699999955400,"Census Tract 9554 (part), Remainder of Washington district, Washington district, Lincoln County, West Virginia",590,268,211,57,0,57,322,305,17
ACSSF,2009e5,wv,000,0033,0001620,080,54,045,08000US540459045337948956200,"Census Tract 9562 (part), Holden CDP (part), Central district, Logan County, West Virginia",50,43,0,43,0,43,7,7,0
ACSSF,2009e5,wv,000,0033,0001621,080,54,045,08000US540459045337948956700,"Census Tract 9567 (part), Holden CDP (part), Central district, Logan County, West Virginia",138,138,126,12,0,12,0,0,0
ACSSF,2009e5,wv,000,0033,0001622,080,54,045,08000US540459045348148956200,"Census Tract 9562 (part), Logan city, Central district, Logan County, West Virginia",0,0,0,0,0,0,0,0,0
ACSSF,2009e5,wv,000,0033,0001623,080,54,045,08000US540459045348148956300,"Census Tract 9563 (part), Logan city, Central district, Logan County, West Virginia",748,421,233,188,31,157,327,312,15
ACSSF,2009e5,wv,000,0033,0001624,080,54,045,08000US540459045348148956600,"Census Tract 9566 (part), Logan city, Central district, Logan County, West Virginia",81,65,52,13,5,8,16,16,0
ACSSF,2009e5,wv,000,0033,0001625,080,54,045,08000US540459045354892956101,"Census Tract 9561.01 (part), Mitchell Heights town, Central district, Logan County, West Virginia",175,125,106,19,0,19,50,50,0
ACSSF,2009e5,wv,000,0033,0001626,080,54,045,08000US540459045356342956101,"Census Tract 9561.01 (part), Mount Gay-Shamrock CDP (part), Central district, Logan County, West Virginia",0,0,0,0,0,0,0,0,0
ACSSF,2009e5,wv,000,0033,0001627,080,54,045,08000US540459045356342956200,"Census Tract 9562 (part), Mount Gay-Shamrock CDP (part), Central district, Logan County, West Virginia",552,384,301,83,37,46,168,141,27
ACSSF,2009e5,wv,000,0033,0001628,080,54,045,08000US540459045356342956600,"Census Tract 9566 (part), Mount Gay-Shamrock CDP (part), Central district, Logan County, West Virginia",19,19,0,19,0,19,0,0,0
ACSSF,2009e5,wv,000,0033,0001629,080,54,045,08000US540459045356342956700,"Census Tract 9567 (part), Mount Gay-Shamrock CDP (part), Central district, Logan County, West Virginia",81,68,26,42,9,33,13,13,0
ACSSF,2009e5,wv,000,0033,0001630,080,54,045,08000US540459045385900956200,"Census Tract 9562 (part), West Logan town, Central district, Logan County, West Virginia",231,140,99,41,6,35,91,80,11
ACSSF,2009e5,wv,000,0033,0001631,080,54,045,08000US540459045399999956000,"Census Tract 9560 (part), Remainder of Central district, Central district, Logan County, West Virginia",1024,748,487,261,66,195,276,217,59
ACSSF,2009e5,wv,000,0033,0001632,080,54,045,08000US540459045399999956101,"Census Tract 9561.01 (part), Remainder of Central district, Central district, Logan County, West Virginia",617,373,303,70,0,70,244,181,63
ACSSF,2009e5,wv,000,0033,0001633,080,54,045,08000US540459045399999956200,"Census Tract 9562 (part), Remainder of Central district, Central district, Logan County, West Virginia",71,0,0,0,0,0,71,71,0
ACSSF,2009e5,wv,000,0033,0001634,080,54,045,08000US540459045399999956300,"Census Tract 9563 (part), Remainder of Central district, Central district, Logan County, West Virginia",198,170,122,48,16,32,28,28,0
ACSSF,2009e5,wv,000,0033,0001635,080,54,045,08000US540459045399999956400,"Census Tract 9564 (part), Remainder of Central district, Central district, Logan County, West Virginia",415,306,236,70,14,56,109,95,14
ACSSF,2009e5,wv,000,0033,0001636,080,54,045,08000US540459045399999956600,"Census Tract 9566 (part), Remainder of Central district, Central district, Logan County, West Virginia",201,184,116,68,45,23,17,17,0
ACSSF,2009e5,wv,000,0033,0001637,080,54,045,08000US540459045399999956700,"Census Tract 9567 (part), Remainder of Central district, Central district, Logan County, West Virginia",268,198,198,0,0,0,70,55,15
ACSSF,2009e5,wv,000,0033,0001638,080,54,045,08000US540459097901672956000,"Census Tract 9560 (part), Amherstdale-Robinette CDP, Eastern district, Logan County, West Virginia",0,0,0,0,0,0,0,0,0
ACSSF,2009e5,wv,000,0033,0001639,080,54,045,08000US540459097901672956400,"Census Tract 9564 (part), Amherstdale-Robinette CDP, Eastern district, Logan County, West Virginia",477,318,232,86,51,35,159,137,22
ACSSF,2009e5,wv,000,0033,0001640,080,54,045,08000US540459097901672956500,"Census Tract 9565 (part), Amherstdale-Robinette CDP, Eastern district, Logan County, West Virginia",323,281,167,114,100,14,42,42,0
ACSSF,2009e5,wv,000,0033,0001641,080,54,045,08000US540459097914524956102,"Census Tract 9561.02 (part), Chapmanville town (part), Eastern district, Logan County, West Virginia",654,389,299,90,10,80,265,256,9
ACSSF,2009e5,wv,000,0033,0001642,080,54,045,08000US540459097950860956500,"Census Tract 9565 (part), Mallory CDP (part), Eastern district, Logan County, West Virginia",322,219,162,57,11,46,103,103,0
ACSSF,2009e5,wv,000,0033,0001643,080,54,045,08000US540459097950860956600,"Census Tract 9566 (part), Mallory CDP (part), Eastern district, Logan County, West Virginia",61,61,61,0,0,0,0,0,0
ACSSF,2009e5,wv,000,0033,0001644,080,54,045,08000US540459097950932956400,"Census Tract 9564 (part), Man town (part), Eastern district, Logan County, West Virginia",151,122,104,18,8,10,29,24,5
ACSSF,2009e5,wv,000,0033,0001645,080,54,045,08000US540459097950932956500,"Census Tract 9565 (part), Man town (part), Eastern district, Logan County, West Virginia",0,0,0,0,0,0,0,0,0
ACSSF,2009e5,wv,000,0033,0001646,080,54,045,08000US540459097950932956600,"Census Tract 9566 (part), Man town (part), Eastern district, Logan County, West Virginia",249,198,159,39,9,30,51,40,11
ACSSF,2009e5,wv,000,0033,0001647,080,54,045,08000US540459097999999956000,"Census Tract 9560 (part), Remainder of Eastern district, Eastern district, Logan County, West Virginia",1318,1059,823,236,138,98,259,210,49
ACSSF,2009e5,wv,000,0033,0001648,080,54,045,08000US540459097999999956101,"Census Tract 9561.01 (part), Remainder of Eastern district, Eastern district, Logan County, West Virginia",95,74,36,38,0,38,21,21,0
ACSSF,2009e5,wv,000,0033,0001649,080,54,045,08000US540459097999999956102,"Census Tract 9561.02 (part), Remainder of Eastern district, Eastern district, Logan County, West Virginia",698,504,398,106,3,103,194,150,44
ACSSF,2009e5,wv,000,0033,0001650,080,54,045,08000US540459097999999956400,"Census Tract 9564 (part), Remainder of Eastern district, Eastern district, Logan County, West Virginia",312,237,171,66,0,66,75,75,0
ACSSF,2009e5,wv,000,0033,0001651,080,54,045,08000US540459097999999956500,"Census Tract 9565 (part), Remainder of Eastern district, Eastern district, Logan County, West Virginia",428,345,276,69,31,38,83,83,0
ACSSF,2009e5,wv,000,0033,0001652,080,54,045,08000US540459097999999956600,"Census Tract 9566 (part), Remainder of Eastern district, Eastern district, Logan County, West Virginia",632,558,451,107,31,76,74,74,0
ACSSF,2009e5,wv,000,0033,0001653,080,54,045,08000US540459360814524956101,"Census Tract 9561.01 (part), Chapmanville town (part), Western district, Logan County, West Virginia",0,0,0,0,0,0,0,0,0
ACSSF,2009e5,wv,000,0033,0001654,080,54,045,08000US540459360837948956200,"Census Tract 9562 (part), Holden CDP (part), Western district, Logan County, West Virginia",282,223,165,58,0,58,59,59,0
ACSSF,2009e5,wv,000,0033,0001655,080,54,045,08000US540459360837948956700,"Census Tract 9567 (part), Holden CDP (part), Western district, Logan County, West Virginia",110,38,38,0,0,0,72,72,0
ACSSF,2009e5,wv,000,0033,0001656,080,54,045,08000US540459360850860956500,"Census Tract 9565 (part), Mallory CDP (part), Western district, Logan County, West Virginia",0,0,0,0,0,0,0,0,0
ACSSF,2009e5,wv,000,0033,0001657,080,54,045,08000US540459360850932956400,"Census Tract 9564 (part), Man town (part), Western district, Logan County, West Virginia",0,0,0,0,0,0,0,0,0
ACSSF,2009e5,wv,000,0033,0001658,080,54,045,08000US540459360850932956500,"Census Tract 9565 (part), Man town (part), Western district, Logan County, West Virginia",0,0,0,0,0,0,0,0,0
ACSSF,2009e5,wv,000,0033,0001659,080,54,045,08000US540459360850932956600,"Census Tract 9566 (part), Man town (part), Western district, Logan County, West Virginia",0,0,0,0,0,0,0,0,0
ACSSF,2009e5,wv,000,0033,0001660,080,54,045,08000US540459360856342956200,"Census Tract 9562 (part), Mount Gay-Shamrock CDP (part), Western district, Logan County, West Virginia",119,75,75,0,0,0,44,44,0
ACSSF,2009e5,wv,000,0033,0001661,080,54,045,08000US540459360878796956600,"Census Tract 9566 (part), Switzer CDP, Western district, Logan County, West Virginia",253,172,113,59,0,59,81,59,22
ACSSF,2009e5,wv,000,0033,0001662,080,54,045,08000US540459360878796956700,"Census Tract 9567 (part), Switzer CDP, Western district, Logan County, West Virginia",309,204,186,18,0,18,105,92,13
ACSSF,2009e5,wv,000,0033,0001663,080,54,045,08000US540459360899999956101,"Census Tract 9561.01 (part), Remainder of Western district, Western district, Logan County, West Virginia",1892,1410,1079,331,62,269,482,367,115
ACSSF,2009e5,wv,000,0033,0001664,080,54,045,08000US540459360899999956200,"Census Tract 9562 (part), Remainder of Western district, Western district, Logan County, West Virginia",12,12,12,0,0,0,0,0,0
ACSSF,2009e5,wv,000,0033,0001665,080,54,045,08000US540459360899999956400,"Census Tract 9564 (part), Remainder of Western district, Western district, Logan County, West Virginia",91,78,59,19,17,2,13,13,0
ACSSF,2009e5,wv,000,0033,0001666,080,54,045,08000US540459360899999956500,"Census Tract 9565 (part), Remainder of Western district, Western district, Logan County, West Virginia",0,0,0,0,0,0,0,0,0
ACSSF,2009e5,wv,000,0033,0001667,080,54,045,08000US540459360899999956600,"Census Tract 9566 (part), Remainder of Western district, Western district, Logan County, West Virginia",709,570,328,242,0,242,139,89,50
ACSSF,2009e5,wv,000,0033,0001668,080,54,045,08000US540459360899999956700,"Census Tract 9567 (part), Remainder of Western district, Western district, Logan County, West Virginia",895,713,409,304,64,240,182,168,14
ACSSF,2009e5,wv,000,0033,0001669,080,54,047,08000US540479016884484954100,"Census Tract 9541 (part), War city, Big Creek district, McDowell County, West Virginia",188,112,86,26,10,16,76,62,14
ACSSF,2009e5,wv,000,0033,0001670,080,54,047,08000US540479016884484954200,"Census Tract 9542 (part), War city, Big Creek district, McDowell County, West Virginia",122,79,38,41,11,30,43,38,5
ACSSF,2009e5,wv,000,0033,0001671,080,54,047,08000US540479016899999953800,"Census Tract 9538 (part), Remainder of Big Creek district, Big Creek district, McDowell County, West Virginia",40,27,27,0,0,0,13,13,0
ACSSF,2009e5,wv,000,0033,0001672,080,54,047,08000US540479016899999953900,"Census Tract 9539 (part), Remainder of Big Creek district, Big Creek district, McDowell County, West Virginia",99,66,66,0,0,0,33,33,0
ACSSF,2009e5,wv,000,0033,0001673,080,54,047,08000US540479016899999954000,"Census Tract 9540 (part), Remainder of Big Creek district, Big Creek district, McDowell County, West Virginia",0,0,0,0,0,0,0,0,0
ACSSF,2009e5,wv,000,0033,0001674,080,54,047,08000US540479016899999954100,"Census Tract 9541 (part), Remainder of Big Creek district, Big Creek district, McDowell County, West Virginia",1428,982,742,240,45,195,446,400,46
ACSSF,2009e5,wv,000,0033,0001675,080,54,047,08000US540479016899999954200,"Census Tract 9542 (part), Remainder of Big Creek district, Big Creek district, McDowell County, West Virginia",701,384,232,152,41,111,317,282,35
ACSSF,2009e5,wv,000,0033,0001676,080,54,047,08000US540479016899999954300,"Census Tract 9543 (part), Remainder of Big Creek district, Big Creek district, McDowell County, West Virginia",0,0,0,0,0,0,0,0,0
ACSSF,2009e5,wv,000,0033,0001677,080,54,047,08000US540479024020500953800,"Census Tract 9538 (part), Davy town, Browns Creek district, McDowell County, West Virginia",117,94,77,17,0,17,23,20,3
ACSSF,2009e5,wv,000,0033,0001678,080,54,047,08000US540479024043780953700,"Census Tract 9537 (part), Kimball town, Browns Creek district, McDowell County, West Virginia",132,100,63,37,3,34,32,29,3
ACSSF,2009e5,wv,000,0033,0001679,080,54,047,08000US540479024085228953700,"Census Tract 9537 (part), Welch city, Browns Creek district, McDowell County, West Virginia",610,368,270,98,18,80,242,238,4
ACSSF,2009e5,wv,000,0033,0001680,080,54,047,08000US540479024085228953800,"Census Tract 9538 (part), Welch city, Browns Creek district, McDowell County, West Virginia",280,142,101,41,15,26,138,112,26
ACSSF,2009e5,wv,000,0033,0001681,080,54,047,08000US540479024085228954100,"Census Tract 9541 (part), Welch city, Browns Creek district, McDowell County, West Virginia",0,0,0,0,0,0,0,0,0
ACSSF,2009e5,wv,000,0033,0001682,080,54,047,08000US540479024099999953700,"Census Tract 9537 (part), Remainder of Browns Creek district, Browns Creek district, McDowell County, West Virginia",427,239,215,24,0,24,188,139,49
ACSSF,2009e5,wv,000,0033,0001683,080,54,047,08000US540479024099999953800,"Census Tract 9538 (part), Remainder of Browns Creek district, Browns Creek district, McDowell County, West Virginia",531,374,281,93,31,62,157,142,15
ACSSF,2009e5,wv,000,0033,0001684,080,54,047,08000US540479024099999954100,"Census Tract 9541 (part), Remainder of Browns Creek district, Browns Creek district, McDowell County, West Virginia",65,47,22,25,25,0,18,18,0
ACSSF,2009e5,wv,000,0033,0001685,080,54,047,08000US540479234501780954300,"Census Tract 9543 (part), Anawalt town, North Elkin district, McDowell County, West Virginia",84,57,37,20,5,15,27,24,3
ACSSF,2009e5,wv,000,0033,0001686,080,54,047,08000US540479234530196953700,"Census Tract 9537 (part), Gary city, North Elkin district, McDowell County, West Virginia",61,36,19,17,0,17,25,25,0
ACSSF,2009e5,wv,000,0033,0001687,080,54,047,08000US540479234530196954100,"Census Tract 9541 (part), Gary city, North Elkin district, McDowell County, West Virginia",6,6,6,0,0,0,0,0,0
ACSSF,2009e5,wv,000,0033,0001688,080,54,047,08000US540479234530196954200,"Census Tract 9542 (part), Gary city, North Elkin district, McDowell County, West Virginia",3,0,0,0,0,0,3,3,0
ACSSF,2009e5,wv,000,0033,0001689,080,54,047,08000US540479234530196954300,"Census Tract 9543 (part), Gary city, North Elkin district, McDowell County, West Virginia",100,74,54,20,5,15,26,23,3
ACSSF,2009e5,wv,000,0033,0001690,080,54,047,08000US540479234530196954400,"Census Tract 9544 (part), Gary city, North Elkin district, McDowell County, West Virginia",252,125,77,48,0,48,127,113,14
ACSSF,2009e5,wv,000,0033,0001691,080,54,047,08000US540479234543516953700,"Census Tract 9537 (part), Keystone city, North Elkin district, McDowell County, West Virginia",49,14,4,10,0,10,35,35,0
ACSSF,2009e5,wv,000,0033,0001692,080,54,047,08000US540479234543516954300,"Census Tract 9543 (part), Keystone city, North Elkin district, McDowell County, West Virginia",97,57,37,20,11,9,40,40,0
ACSSF,2009e5,wv,000,0033,0001693,080,54,047,08000US540479234559428953600,"Census Tract 9536 (part), Northfork town, North Elkin district, McDowell County, West Virginia",223,131,52,79,6,73,92,85,7
ACSSF,2009e5,wv,000,0033,0001694,080,54,047,08000US540479234559428954300,"Census Tract 9543 (part), Northfork town, North Elkin district, McDowell County, West Virginia",65,41,5,36,0,36,24,12,12
ACSSF,2009e5,wv,000,0033,0001695,080,54,047,08000US540479234599999953600,"Census Tract 9536 (part), Remainder of North Elkin district, North Elkin district, McDowell County, West Virginia",548,430,317,113,16,97,118,107,11
ACSSF,2009e5,wv,000,0033,0001696,080,54,047,08000US540479234599999953700,"Census Tract 9537 (part), Remainder of North Elkin district, North Elkin district, McDowell County, West Virginia",191,122,101,21,0,21,69,69,0
ACSSF,2009e5,wv,000,0033,0001697,080,54,047,08000US540479234599999954100,"Census Tract 9541 (part), Remainder of North Elkin district, North Elkin district, McDowell County, West Virginia",124,84,59,25,0,25,40,40,0
ACSSF,2009e5,wv,000,0033,0001698,080,54,047,08000US540479234599999954200,"Census Tract 9542 (part), Remainder of North Elkin district, North Elkin district, McDowell County, West Virginia",14,14,0,14,14,0,0,0,0
ACSSF,2009e5,wv,000,0033,0001699,080,54,047,08000US540479234599999954300,"Census Tract 9543 (part), Remainder of North Elkin district, North Elkin district, McDowell County, West Virginia",502,395,220,175,21,154,107,107,0
ACSSF,2009e5,wv,000,0033,0001700,080,54,047,08000US540479234599999954400,"Census Tract 9544 (part), Remainder of North Elkin district, North Elkin district, McDowell County, West Virginia",0,0,0,0,0,0,0,0,0
ACSSF,2009e5,wv,000,0033,0001701,080,54,047,08000US540479271209700954000,"Census Tract 9540 (part), Bradshaw town, Sandy River district, McDowell County, West Virginia",59,40,24,16,8,8,19,19,0
ACSSF,2009e5,wv,000,0033,0001702,080,54,047,08000US540479271209700954100,"Census Tract 9541 (part), Bradshaw town, Sandy River district, McDowell County, West Virginia",68,46,36,10,7,3,22,22,0
ACSSF,2009e5,wv,000,0033,0001703,080,54,047,08000US540479271239652953800,"Census Tract 9538 (part), Iaeger town, Sandy River district, McDowell County, West Virginia",43,27,24,3,0,3,16,16,0
ACSSF,2009e5,wv,000,0033,0001704,080,54,047,08000US540479271239652953900,"Census Tract 9539 (part), Iaeger town, Sandy River district, McDowell County, West Virginia",24,17,17,0,0,0,7,7,0
ACSSF,2009e5,wv,000,0033,0001705,080,54,047,08000US540479271239652954100,"Census Tract 9541 (part), Iaeger town, Sandy River district, McDowell County, West Virginia",80,61,57,4,0,4,19,16,3
ACSSF,2009e5,wv,000,0033,0001706,080,54,047,08000US540479271299999953800,"Census Tract 9538 (part), Remainder of Sandy River district, Sandy River district, McDowell County, West Virginia",248,154,108,46,32,14,94,73,21
ACSSF,2009e5,wv,000,0033,0001707,080,54,047,08000US540479271299999953900,"Census Tract 9539 (part), Remainder of Sandy River district, Sandy River district, McDowell County, West Virginia",706,588,494,94,15,79,118,118,0
ACSSF,2009e5,wv,000,0033,0001708,080,54,047,08000US540479271299999954000,"Census Tract 9540 (part), Remainder of Sandy River district, Sandy River district, McDowell County, West Virginia",903,617,472,145,32,113,286,269,17
ACSSF,2009e5,wv,000,0033,0001709,080,54,047,08000US540479271299999954100,"Census Tract 9541 (part), Remainder of Sandy River district, Sandy River district, McDowell County, West Virginia",302,189,189,0,0,0,113,95,18
ACSSF,2009e5,wv,000,0033,0001710,080,54,049,08000US540499215404612020500,"Census Tract 205 (part), Barrackville town, Middletown district, Marion County, West Virginia",0,0,0,0,0,0,0,0,0
ACSSF,2009e5,wv,000,0033,0001711,080,54,049,08000US540499215404612020600,"Census Tract 206 (part), Barrackville town, Middletown district, Marion County, West Virginia",23,23,17,6,6,0,0,0,0
ACSSF,2009e5,wv,000,0033,0001712,080,54,049,08000US540499215404612021400,"Census Tract 214 (part), Barrackville town, Middletown district, Marion County, West Virginia",595,460,366,94,33,61,135,119,16
ACSSF,2009e5,wv,000,0033,0001713,080,54,049,08000US540499215426452020100,"Census Tract 201, Fairmont city (part), Middletown district, Marion County, West Virginia",516,173,110,63,0,63,343,300,43
ACSSF,2009e5,wv,000,0033,0001714,080,54,049,08000US540499215426452020200,"Census Tract 202 (part), Fairmont city (part), Middletown district, Marion County, West Virginia",1043,402,198,204,30,174,641,335,306
ACSSF,2009e5,wv,000,0033,0001715,080,54,049,08000US540499215426452020300,"Census Tract 203, Fairmont city (part), Middletown district, Marion County, West Virginia",1293,755,622,133,58,75,538,409,129
ACSSF,2009e5,wv,000,0033,0001716,080,54,049,08000US540499215426452020400,"Census Tract 204 (part), Fairmont city (part), Middletown district, Marion County, West Virginia",663,273,232,41,16,25,390,184,206
ACSSF,2009e5,wv,000,0033,0001717,080,54,049,08000US540499215426452020500,"Census Tract 205 (part), Fairmont city (part), Middletown district, Marion County, West Virginia",725,468,196,272,9,263,257,218,39
ACSSF,2009e5,wv,000,0033,0001718,080,54,049,08000US540499215426452020600,"Census Tract 206 (part), Fairmont city (part), Middletown district, Marion County, West Virginia",513,369,209,160,29,131,144,136,8
ACSSF,2009e5,wv,000,0033,0001719,080,54,049,08000US540499215426452020800,"Census Tract 208 (part), Fairmont city (part), Middletown district, Marion County, West Virginia",855,475,336,139,8,131,380,362,18
ACSSF,2009e5,wv,000,0033,0001720,080,54,049,08000US540499215426452021200,"Census Tract 212 (part), Fairmont city (part), Middletown district, Marion County, West Virginia",0,0,0,0,0,0,0,0,0
ACSSF,2009e5,wv,000,0033,0001721,080,54,049,08000US540499215464228020200,"Census Tract 202 (part), Pleasant Valley city (part), Middletown district, Marion County, West Virginia",0,0,0,0,0,0,0,0,0
ACSSF,2009e5,wv,000,0033,0001722,080,54,049,08000US540499215499999020400,"Census Tract 204 (part), Remainder of Middletown district, Middletown district, Marion County, West Virginia",573,391,276,115,0,115,182,136,46
ACSSF,2009e5,wv,000,0033,0001723,080,54,049,08000US540499215499999020500,"Census Tract 205 (part), Remainder of Middletown district, Middletown district, Marion County, West Virginia",107,52,21,31,0,31,55,55,0
ACSSF,2009e5,wv,000,0033,0001724,080,54,049,08000US540499215499999020600,"Census Tract 206 (part), Remainder of Middletown district, Middletown district, Marion County, West Virginia",123,89,89,0,0,0,34,34,0
ACSSF,2009e5,wv,000,0033,0001725,080,54,049,08000US540499215499999020800,"Census Tract 208 (part), Remainder of Middletown district, Middletown district, Marion County, West Virginia",0,0,0,0,0,0,0,0,0
ACSSF,2009e5,wv,000,0033,0001726,080,54,049,08000US540499215499999021200,"Census Tract 212 (part), Remainder of Middletown district, Middletown district, Marion County, West Virginia",0,0,0,0,0,0,0,0,0
ACSSF,2009e5,wv,000,0033,0001727,080,54,049,08000US540499215499999021300,"Census Tract 213 (part), Remainder of Middletown district, Middletown district, Marion County, West Virginia",55,35,35,0,0,0,20,20,0
ACSSF,2009e5,wv,000,0033,0001728,080,54,049,08000US540499215499999021400,"Census Tract 214 (part), Remainder of Middletown district, Middletown district, Marion County, West Virginia",111,59,55,4,0,4,52,52,0
ACSSF,2009e5,wv,000,0033,0001729,080,54,049,08000US540499215499999021500,"Census Tract 215 (part), Remainder of Middletown district, Middletown district, Marion County, West Virginia",52,22,22,0,0,0,30,30,0
ACSSF,2009e5,wv,000,0033,0001730,080,54,049,08000US540499241826452020700,"Census Tract 207 (part), Fairmont city (part), Palatine district, Marion County, West Virginia",912,492,326,166,0,166,420,356,64
ACSSF,2009e5,wv,000,0033,0001731,080,54,049,08000US540499241826452020800,"Census Tract 208 (part), Fairmont city (part), Palatine district, Marion County, West Virginia",394,241,189,52,33,19,153,138,15
ACSSF,2009e5,wv,000,0033,0001732,080,54,049,08000US540499241826452020900,"Census Tract 209 (part), Fairmont city (part), Palatine district, Marion County, West Virginia",37,26,26,0,0,0,11,11,0
ACSSF,2009e5,wv,000,0033,0001733,080,54,049,08000US540499241826452021100,"Census Tract 211 (part), Fairmont city (part), Palatine district, Marion County, West Virginia",995,689,501,188,84,104,306,221,85
ACSSF,2009e5,wv,000,0033,0001734,080,54,049,08000US540499241826452021200,"Census Tract 212 (part), Fairmont city (part), Palatine district, Marion County, West Virginia",22,22,13,9,0,9,0,0,0
ACSSF,2009e5,wv,000,0033,0001735,080,54,049,08000US540499241864228020800,"Census Tract 208 (part), Pleasant Valley city (part), Palatine district, Marion County, West Virginia",101,61,40,21,10,11,40,30,10
ACSSF,2009e5,wv,000,0033,0001736,080,54,049,08000US540499241864228020900,"Census Tract 209 (part), Pleasant Valley city (part), Palatine district, Marion County, West Virginia",1326,871,685,186,37,149,455,381,74
ACSSF,2009e5,wv,000,0033,0001737,080,54,049,08000US540499241886620021200,"Census Tract 212 (part), White Hall town, Palatine district, Marion County, West Virginia",325,167,133,34,5,29,158,140,18
ACSSF,2009e5,wv,000,0033,0001738,080,54,049,08000US540499241888708021200,"Census Tract 212 (part), Worthington town (part), Palatine district, Marion County, West Virginia",0,0,0,0,0,0,0,0,0
ACSSF,2009e5,wv,000,0033,0001739,080,54,049,08000US540499241899999020700,"Census Tract 207 (part), Remainder of Palatine district, Palatine district, Marion County, West Virginia",241,176,142,34,0,34,65,60,5
ACSSF,2009e5,wv,000,0033,0001740,080,54,049,08000US540499241899999020800,"Census Tract 208 (part), Remainder of Palatine district, Palatine district, Marion County, West Virginia",128,47,18,29,0,29,81,69,12
ACSSF,2009e5,wv,000,0033,0001741,080,54,049,08000US540499241899999020900,"Census Tract 209 (part), Remainder of Palatine district, Palatine district, Marion County, West Virginia",469,212,140,72,33,39,257,206,51
ACSSF,2009e5,wv,000,0033,0001742,080,54,049,08000US540499241899999021000,"Census Tract 210, Remainder of Palatine district, Palatine district, Marion County, West Virginia",2263,1788,1458,330,107,223,475,437,38
ACSSF,2009e5,wv,000,0033,0001743,080,54,049,08000US540499241899999021100,"Census Tract 211 (part), Remainder of Palatine district, Palatine district, Marion County, West Virginia",379,269,191,78,41,37,110,94,16
ACSSF,2009e5,wv,000,0033,0001744,080,54,049,08000US540499241899999021200,"Census Tract 212 (part), Remainder of Palatine district, Palatine district, Marion County, West Virginia",1593,1255,1017,238,98,140,338,266,72
ACSSF,2009e5,wv,000,0033,0001745,080,54,049,08000US540499359426524021600,"Census Tract 216 (part), Fairview town, West Augusta district, Marion County, West Virginia",196,110,90,20,3,17,86,70,16
ACSSF,2009e5,wv,000,0033,0001746,080,54,049,08000US540499359426932021300,"Census Tract 213 (part), Farmington town, West Augusta district, Marion County, West Virginia",27,12,12,0,0,0,15,9,6
ACSSF,2009e5,wv,000,0033,0001747,080,54,049,08000US540499359426932021600,"Census Tract 216 (part), Farmington town, West Augusta district, Marion County, West Virginia",132,90,56,34,3,31,42,33,9
ACSSF,2009e5,wv,000,0033,0001748,080,54,049,08000US540499359432908021500,"Census Tract 215 (part), Grant Town town, West Augusta district, Marion County, West Virginia",279,179,130,49,19,30,100,89,11
ACSSF,2009e5,wv,000,0033,0001749,080,54,049,08000US540499359451100021600,"Census Tract 216 (part), Mannington city, West Augusta district, Marion County, West Virginia",215,148,80,68,53,15,67,34,33
ACSSF,2009e5,wv,000,0033,0001750,080,54,049,08000US540499359451100021700,"Census Tract 217 (part), Mannington city, West Augusta district, Marion County, West Virginia",695,530,419,111,0,111,165,106,59
ACSSF,2009e5,wv,000,0033,0001751,080,54,049,08000US540499359451100021800,"Census Tract 218 (part), Mannington city, West Augusta district, Marion County, West Virginia",0,0,0,0,0,0,0,0,0
ACSSF,2009e5,wv,000,0033,0001752,080,54,049,08000US540499359455276021200,"Census Tract 212 (part), Monongah town, West Augusta district, Marion County, West Virginia",9,6,1,5,5,0,3,3,0
ACSSF,2009e5,wv,000,0033,0001753,080,54,049,08000US540499359455276021300,"Census Tract 213 (part), Monongah town, West Augusta district, Marion County, West Virginia",412,342,224,118,17,101,70,67,3
ACSSF,2009e5,wv,000,0033,0001754,080,54,049,08000US540499359468908021500,"Census Tract 215 (part), Rivesville town, West Augusta district, Marion County, West Virginia",418,274,172,102,38,64,144,131,13
ACSSF,2009e5,wv,000,0033,0001755,080,54,049,08000US540499359488708021300,"Census Tract 213 (part), Worthington town (part), West Augusta district, Marion County, West Virginia",73,50,35,15,4,11,23,23,0
ACSSF,2009e5,wv,000,0033,0001756,080,54,049,08000US540499359499999020400,"Census Tract 204 (part), Remainder of West Augusta district, West Augusta district, Marion County, West Virginia",17,17,8,9,0,9,0,0,0
ACSSF,2009e5,wv,000,0033,0001757,080,54,049,08000US540499359499999020600,"Census Tract 206 (part), Remainder of West Augusta district, West Augusta district, Marion County, West Virginia",29,29,10,19,0,19,0,0,0
ACSSF,2009e5,wv,000,0033,0001758,080,54,049,08000US540499359499999021200,"Census Tract 212 (part), Remainder of West Augusta district, West Augusta district, Marion County, West Virginia",0,0,0,0,0,0,0,0,0
ACSSF,2009e5,wv,000,0033,0001759,080,54,049,08000US540499359499999021300,"Census Tract 213 (part), Remainder of West Augusta district, West Augusta district, Marion County, West Virginia",1140,843,702,141,40,101,297,268,29
ACSSF,2009e5,wv,000,0033,0001760,080,54,049,08000US540499359499999021400,"Census Tract 214 (part), Remainder of West Augusta district, West Augusta district, Marion County, West Virginia",47,47,47,0,0,0,0,0,0
ACSSF,2009e5,wv,000,0033,0001761,080,54,049,08000US540499359499999021500,"Census Tract 215 (part), Remainder of West Augusta district, West Augusta district, Marion County, West Virginia",663,471,346,125,56,69,192,170,22
ACSSF,2009e5,wv,000,0033,0001762,080,54,049,08000US540499359499999021600,"Census Tract 216 (part), Remainder of West Augusta district, West Augusta district, Marion County, West Virginia",1306,1015,928,87,38,49,291,244,47
ACSSF,2009e5,wv,000,0033,0001763,080,54,049,08000US540499359499999021700,"Census Tract 217 (part), Remainder of West Augusta district, West Augusta district, Marion County, West Virginia",128,94,84,10,10,0,34,34,0
ACSSF,2009e5,wv,000,0033,0001764,080,54,049,08000US540499359499999021800,"Census Tract 218 (part), Remainder of West Augusta district, West Augusta district, Marion County, West Virginia",948,679,560,119,5,114,269,224,45
ACSSF,2009e5,wv,000,0033,0001765,080,54,051,08000US540519078006340020500,"Census Tract 205, Benwood city, District 1, Marshall County, West Virginia",702,378,219,159,42,117,324,289,35
ACSSF,2009e5,wv,000,0033,0001766,080,54,051,08000US540519078050260020600,"Census Tract 206, McMechen city, District 1, Marshall County, West Virginia",846,454,352,102,19,83,392,353,39
ACSSF,2009e5,wv,000,0033,0001767,080,54,051,08000US540519078086452020800,"Census Tract 208 (part), Wheeling city (part), District 1, Marshall County, West Virginia",146,89,89,0,0,0,57,57,0
ACSSF,2009e5,wv,000,0033,0001768,080,54,051,08000US540519078086452021200,"Census Tract 212 (part), Wheeling city (part), District 1, Marshall County, West Virginia",8,8,8,0,0,0,0,0,0
ACSSF,2009e5,wv,000,0033,0001769,080,54,051,08000US540519078099999020800,"Census Tract 208 (part), District Remainder of 1, District 1, Marshall County, West Virginia",555,385,256,129,39,90,170,150,20
ACSSF,2009e5,wv,000,0033,0001770,080,54,051,08000US540519078099999020900,"Census Tract 209 (part), District Remainder of 1, District 1, Marshall County, West Virginia",0,0,0,0,0,0,0,0,0
ACSSF,2009e5,wv,000,0033,0001771,080,54,051,08000US540519078099999021000,"Census Tract 210 (part), District Remainder of 1, District 1, Marshall County, West Virginia",216,189,149,40,0,40,27,27,0
ACSSF,2009e5,wv,000,0033,0001772,080,54,051,08000US540519078099999021100,"Census Tract 211 (part), District Remainder of 1, District 1, Marshall County, West Virginia",431,328,219,109,47,62,103,65,38
ACSSF,2009e5,wv,000,0033,0001773,080,54,051,08000US540519078099999021200,"Census Tract 212 (part), District Remainder of 1, District 1, Marshall County, West Virginia",1875,1272,1112,160,37,123,603,552,51
ACSSF,2009e5,wv,000,0033,0001774,080,54,051,08000US540519081656020020200,"Census Tract 202, Moundsville city, District 2, Marshall County, West Virginia",1096,542,383,159,4,155,554,500,54
ACSSF,2009e5,wv,000,0033,0001775,080,54,051,08000US540519081656020020900,"Census Tract 209 (part), Moundsville city, District 2, Marshall County, West Virginia",0,0,0,0,0,0,0,0,0
ACSSF,2009e5,wv,000,0033,0001776,080,54,051,08000US540519081656020021000,"Census Tract 210 (part), Moundsville city, District 2, Marshall County, West Virginia",1478,965,788,177,14,163,513,420,93
ACSSF,2009e5,wv,000,0033,0001777,080,54,051,08000US540519081656020021100,"Census Tract 211 (part), Moundsville city, District 2, Marshall County, West Virginia",1335,937,547,390,223,167,398,363,35
ACSSF,2009e5,wv,000,0033,0001778,080,54,051,08000US540519081699999020900,"Census Tract 209 (part), District Remainder of 2, District 2, Marshall County, West Virginia",265,203,203,0,0,0,62,30,32
ACSSF,2009e5,wv,000,0033,0001779,080,54,051,08000US540519085212484020800,"Census Tract 208 (part), Cameron city, District 3, Marshall County, West Virginia",486,336,250,86,39,47,150,136,14
ACSSF,2009e5,wv,000,0033,0001780,080,54,051,08000US540519085231492020702,"Census Tract 207.02, Glen Dale city, District 3, Marshall County, West Virginia",764,537,421,116,53,63,227,190,37
ACSSF,2009e5,wv,000,0033,0001781,080,54,051,08000US540519085299999020800,"Census Tract 208 (part), District Remainder of 3, District 3, Marshall County, West Virginia",688,520,350,170,95,75,168,143,25
ACSSF,2009e5,wv,000,0033,0001782,080,54,051,08000US540519085299999020900,"Census Tract 209 (part), District Remainder of 3, District 3, Marshall County, West Virginia",1859,1340,1118,222,61,161,519,506,13
ACSSF,2009e5,wv,000,0033,0001783,080,54,051,08000US540519085299999021000,"Census Tract 210 (part), District Remainder of 3, District 3, Marshall County, West Virginia",808,562,491,71,14,57,246,234,12
ACSSF,2009e5,wv,000,0033,0001784,080,54,051,08000US540519085299999021100,"Census Tract 211 (part), District Remainder of 3, District 3, Marshall County, West Virginia",558,461,461,0,0,0,97,83,14
ACSSF,2009e5,wv,000,0033,0001785,080,54,051,08000US540519085299999021200,"Census Tract 212 (part), District Remainder of 3, District 3, Marshall County, West Virginia",39,30,30,0,0,0,9,0,9
ACSSF,2009e5,wv,000,0033,0001786,080,54,053,08000US540539004899999955100,"Census Tract 9551 (part), Arbuckle district, Arbuckle district, Mason County, West Virginia",348,242,184,58,18,40,106,46,60
ACSSF,2009e5,wv,000,0033,0001787,080,54,053,08000US540539061236436955100,"Census Tract 9551 (part), Henderson town, Clendenin district, Mason County, West Virginia",113,72,34,38,3,35,41,38,3
ACSSF,2009e5,wv,000,0033,0001788,080,54,053,08000US540539061299999955100,"Census Tract 9551 (part), Remainder of Clendenin district, Clendenin district, Mason County, West Virginia",1505,929,734,195,58,137,576,418,158
ACSSF,2009e5,wv,000,0033,0001789,080,54,053,08000US540539064846300954900,"Census Tract 9549 (part), Leon town, Cologne district, Mason County, West Virginia",61,45,38,7,5,2,16,16,0
ACSSF,2009e5,wv,000,0033,0001790,080,54,053,08000US540539064899999954800,"Census Tract 9548 (part), Remainder of Cologne district, Cologne district, Mason County, West Virginia",13,0,0,0,0,0,13,13,0
ACSSF,2009e5,wv,000,0033,0001791,080,54,053,08000US540539064899999954900,"Census Tract 9549 (part), Remainder of Cologne district, Cologne district, Mason County, West Virginia",495,253,216,37,0,37,242,214,28
ACSSF,2009e5,wv,000,0033,0001792,080,54,053,08000US540539066099999954800,"Census Tract 9548 (part), Cooper district, Cooper district, Mason County, West Virginia",387,287,222,65,13,52,100,73,27
ACSSF,2009e5,wv,000,0033,0001793,080,54,053,08000US540539066099999954900,"Census Tract 9549 (part), Cooper district, Cooper district, Mason County, West Virginia",188,188,188,0,0,0,0,0,0
ACSSF,2009e5,wv,000,0033,0001794,080,54,053,08000US540539126035500954800,"Census Tract 9548 (part), Hartford City town (part), Graham district, Mason County, West Virginia",107,79,38,41,13,28,28,22,6
ACSSF,2009e5,wv,000,0033,0001795,080,54,053,08000US540539126058564954800,"Census Tract 9548 (part), New Haven town, Graham district, Mason County, West Virginia",763,528,359,169,31,138,235,217,18
ACSSF,2009e5,wv,000,0033,0001796,080,54,053,08000US540539126099999954800,"Census Tract 9548 (part), Remainder of Graham district, Graham district, Mason County, West Virginia",394,349,321,28,22,6,45,45,0
ACSSF,2009e5,wv,000,0033,0001797,080,54,053,08000US540539151299999955100,"Census Tract 9551 (part), Hannan district, Hannan district, Mason County, West Virginia",1052,730,567,163,47,116,322,258,64
ACSSF,2009e5,wv,000,0033,0001798,080,54,053,08000US540539186064708954900,"Census Tract 9549 (part), Point Pleasant city (part), Lewis district, Mason County, West Virginia",153,92,10,82,20,62,61,61,0
ACSSF,2009e5,wv,000,0033,0001799,080,54,053,08000US540539186064708955000,"Census Tract 9550 (part), Point Pleasant city (part), Lewis district, Mason County, West Virginia",1733,954,711,243,76,167,779,734,45
ACSSF,2009e5,wv,000,0033,0001800,080,54,053,08000US540539186099999954800,"Census Tract 9548 (part), Remainder of Lewis district, Lewis district, Mason County, West Virginia",13,13,13,0,0,0,0,0,0
ACSSF,2009e5,wv,000,0033,0001801,080,54,053,08000US540539186099999954900,"Census Tract 9549 (part), Remainder of Lewis district, Lewis district, Mason County, West Virginia",579,460,415,45,0,45,119,119,0
ACSSF,2009e5,wv,000,0033,0001802,080,54,053,08000US540539186099999955000,"Census Tract 9550 (part), Remainder of Lewis district, Lewis district, Mason County, West Virginia",37,26,11,15,0,15,11,0,11
ACSSF,2009e5,wv,000,0033,0001803,080,54,053,08000US540539265264708955000,"Census Tract 9550 (part), Point Pleasant city (part), Robinson district, Mason County, West Virginia",103,72,29,43,0,43,31,31,0
ACSSF,2009e5,wv,000,0033,0001804,080,54,053,08000US540539265299999954800,"Census Tract 9548 (part), Remainder of Robinson district, Robinson district, Mason County, West Virginia",36,26,26,0,0,0,10,10,0
ACSSF,2009e5,wv,000,0033,0001805,080,54,053,08000US540539265299999954900,"Census Tract 9549 (part), Remainder of Robinson district, Robinson district, Mason County, West Virginia",732,522,403,119,0,119,210,200,10
ACSSF,2009e5,wv,000,0033,0001806,080,54,053,08000US540539265299999955000,"Census Tract 9550 (part), Remainder of Robinson district, Robinson district, Mason County, West Virginia",232,141,52,89,24,65,91,56,35
ACSSF,2009e5,wv,000,0033,0001807,080,54,053,08000US540539326499999954900,"Census Tract 9549 (part), Union district, Union district, Mason County, West Virginia",545,403,324,79,79,0,142,111,31
ACSSF,2009e5,wv,000,0033,0001808,080,54,053,08000US540539343235500954800,"Census Tract 9548 (part), Hartford City town (part), Waggener district, Mason County, West Virginia",144,108,75,33,17,16,36,36,0
ACSSF,2009e5,wv,000,0033,0001809,080,54,053,08000US540539343252180954800,"Census Tract 9548 (part), Mason town, Waggener district, Mason County, West Virginia",412,272,185,87,14,73,140,114,26
ACSSF,2009e5,wv,000,0033,0001810,080,54,053,08000US540539343299999954800,"Census Tract 9548 (part), Remainder of Waggener district, Waggener district, Mason County, West Virginia",570,421,254,167,10,157,149,124,25
ACSSF,2009e5,wv,000,0033,0001811,080,54,055,08000US540559090008524951900,"Census Tract 9519 (part), Bluefield city (part), District I, Mercer County, West Virginia",624,260,119,141,18,123,364,338,26
ACSSF,2009e5,wv,000,0033,0001812,080,54,055,08000US540559090008524952000,"Census Tract 9520 (part), Bluefield city (part), District I, Mercer County, West Virginia",837,540,419,121,28,93,297,279,18
ACSSF,2009e5,wv,000,0033,0001813,080,54,055,08000US540559090008524952100,"Census Tract 9521, Bluefield city (part), District I, Mercer County, West Virginia",1414,807,623,184,14,170,607,482,125
ACSSF,2009e5,wv,000,0033,0001814,080,54,055,08000US540559090008524952200,"Census Tract 9522 (part), Bluefield city (part), District I, Mercer County, West Virginia",2194,1227,868,359,69,290,967,931,36
ACSSF,2009e5,wv,000,0033,0001815,080,54,055,08000US540559090008524952300,"Census Tract 9523 (part), Bluefield city (part), District I, Mercer County, West Virginia",0,0,0,0,0,0,0,0,0
ACSSF,2009e5,wv,000,0033,0001816,080,54,055,08000US540559090008524952400,"Census Tract 9524 (part), Bluefield city (part), District I, Mercer County, West Virginia",0,0,0,0,0,0,0,0,0
ACSSF,2009e5,wv,000,0033,0001817,080,54,055,08000US540559090009796951600,"Census Tract 9516 (part), Bramwell town, District I, Mercer County, West Virginia",130,74,40,34,11,23,56,53,3
ACSSF,2009e5,wv,000,0033,0001818,080,54,055,08000US540559090009796951700,"Census Tract 9517 (part), Bramwell town, District I, Mercer County, West Virginia",29,23,20,3,0,3,6,6,0
ACSSF,2009e5,wv,000,0033,0001819,080,54,055,08000US540559090099999951600,"Census Tract 9516 (part), District Remainder of I, District I, Mercer County, West Virginia",326,252,223,29,0,29,74,74,0
ACSSF,2009e5,wv,000,0033,0001820,080,54,055,08000US540559090099999951700,"Census Tract 9517 (part), District Remainder of I, District I, Mercer County, West Virginia",2008,1290,1000,290,82,208,718,624,94
ACSSF,2009e5,wv,000,0033,0001821,080,54,055,08000US540559090099999951800,"Census Tract 9518 (part), District Remainder of I, District I, Mercer County, West Virginia",132,104,93,11,11,0,28,28,0
ACSSF,2009e5,wv,000,0033,0001822,080,54,055,08000US540559090099999951900,"Census Tract 9519 (part), District Remainder of I, District I, Mercer County, West Virginia",69,38,38,0,0,0,31,31,0
ACSSF,2009e5,wv,000,0033,0001823,080,54,055,08000US540559090099999952000,"Census Tract 9520 (part), District Remainder of I, District I, Mercer County, West Virginia",317,153,120,33,14,19,164,87,77
ACSSF,2009e5,wv,000,0033,0001824,080,54,055,08000US540559090099999952200,"Census Tract 9522 (part), District Remainder of I, District I, Mercer County, West Virginia",140,72,60,12,0,12,68,68,0
ACSSF,2009e5,wv,000,0033,0001825,080,54,055,08000US540559090099999952300,"Census Tract 9523 (part), District Remainder of I, District I, Mercer County, West Virginia",105,43,43,0,0,0,62,62,0
ACSSF,2009e5,wv,000,0033,0001826,080,54,055,08000US540559090099999952400,"Census Tract 9524 (part), District Remainder of I, District I, Mercer County, West Virginia",11,11,11,0,0,0,0,0,0
ACSSF,2009e5,wv,000,0033,0001827,080,54,055,08000US540559091265692951200,"Census Tract 9512 (part), Princeton city (part), District II, Mercer County, West Virginia",34,26,18,8,8,0,8,8,0
ACSSF,2009e5,wv,000,0033,0001828,080,54,055,08000US540559091265692951300,"Census Tract 9513 (part), Princeton city (part), District II, Mercer County, West Virginia",1281,689,414,275,120,155,592,522,70
ACSSF,2009e5,wv,000,0033,0001829,080,54,055,08000US540559091265692951400,"Census Tract 9514 (part), Princeton city (part), District II, Mercer County, West Virginia",885,494,352,142,51,91,391,319,72
ACSSF,2009e5,wv,000,0033,0001830,080,54,055,08000US540559091265692951500,"Census Tract 9515 (part), Princeton city (part), District II, Mercer County, West Virginia",319,257,240,17,8,9,62,62,0
ACSSF,2009e5,wv,000,0033,0001831,080,54,055,08000US540559091265692951800,"Census Tract 9518 (part), Princeton city (part), District II, Mercer County, West Virginia",10,10,10,0,0,0,0,0,0
ACSSF,2009e5,wv,000,0033,0001832,080,54,055,08000US540559091265692952300,"Census Tract 9523 (part), Princeton city (part), District II, Mercer County, West Virginia",169,127,104,23,0,23,42,42,0
ACSSF,2009e5,wv,000,0033,0001833,080,54,055,08000US540559091299999951000,"Census Tract 9510 (part), District Remainder of II, District II, Mercer County, West Virginia",95,52,44,8,0,8,43,43,0
ACSSF,2009e5,wv,000,0033,0001834,080,54,055,08000US540559091299999951200,"Census Tract 9512 (part), District Remainder of II, District II, Mercer County, West Virginia",1411,940,653,287,97,190,471,390,81
ACSSF,2009e5,wv,000,0033,0001835,080,54,055,08000US540559091299999951300,"Census Tract 9513 (part), District Remainder of II, District II, Mercer County, West Virginia",321,230,135,95,61,34,91,91,0
ACSSF,2009e5,wv,000,0033,0001836,080,54,055,08000US540559091299999951400,"Census Tract 9514 (part), District Remainder of II, District II, Mercer County, West Virginia",20,20,20,0,0,0,0,0,0
ACSSF,2009e5,wv,000,0033,0001837,080,54,055,08000US540559091299999951500,"Census Tract 9515 (part), District Remainder of II, District II, Mercer County, West Virginia",2055,1263,965,298,104,194,792,724,68
ACSSF,2009e5,wv,000,0033,0001838,080,54,055,08000US540559091299999951700,"Census Tract 9517 (part), District Remainder of II, District II, Mercer County, West Virginia",11,11,11,0,0,0,0,0,0
ACSSF,2009e5,wv,000,0033,0001839,080,54,055,08000US540559091299999951800,"Census Tract 9518 (part), District Remainder of II, District II, Mercer County, West Virginia",1945,1161,925,236,82,154,784,663,121
ACSSF,2009e5,wv,000,0033,0001840,080,54,055,08000US540559091299999952300,"Census Tract 9523 (part), District Remainder of II, District II, Mercer County, West Virginia",1292,853,527,326,86,240,439,405,34
ACSSF,2009e5,wv,000,0033,0001841,080,54,055,08000US540559092403292951100,"Census Tract 9511 (part), Athens town, District III, Mercer County, West Virginia",320,207,169,38,3,35,113,73,40
ACSSF,2009e5,wv,000,0033,0001842,080,54,055,08000US540559092408524951900,"Census Tract 9519 (part), Bluefield city (part), District III, Mercer County, West Virginia",0,0,0,0,0,0,0,0,0
ACSSF,2009e5,wv,000,0033,0001843,080,54,055,08000US540559092408524952200,"Census Tract 9522 (part), Bluefield city (part), District III, Mercer County, West Virginia",0,0,0,0,0,0,0,0,0
ACSSF,2009e5,wv,000,0033,0001844,080,54,055,08000US540559092452420950900,"Census Tract 9509 (part), Matoaka town, District III, Mercer County, West Virginia",134,72,45,27,20,7,62,52,10
ACSSF,2009e5,wv,000,0033,0001845,080,54,055,08000US540559092452420951000,"Census Tract 9510 (part), Matoaka town, District III, Mercer County, West Virginia",0,0,0,0,0,0,0,0,0
ACSSF,2009e5,wv,000,0033,0001846,080,54,055,08000US540559092455372951600,"Census Tract 9516 (part), Montcalm CDP, District III, Mercer County, West Virginia",46,46,37,9,0,9,0,0,0
ACSSF,2009e5,wv,000,0033,0001847,080,54,055,08000US540559092455372951800,"Census Tract 9518 (part), Montcalm CDP, District III, Mercer County, West Virginia",241,155,155,0,0,0,86,67,19
ACSSF,2009e5,wv,000,0033,0001848,080,54,055,08000US540559092460196952400,"Census Tract 9524 (part), Oakvale town, District III, Mercer County, West Virginia",36,23,12,11,0,11,13,13,0
ACSSF,2009e5,wv,000,0033,0001849,080,54,055,08000US540559092465692952300,"Census Tract 9523 (part), Princeton city (part), District III, Mercer County, West Virginia",0,0,0,0,0,0,0,0,0
ACSSF,2009e5,wv,000,0033,0001850,080,54,055,08000US540559092499999950900,"Census Tract 9509 (part), District Remainder of III, District III, Mercer County, West Virginia",1150,812,696,116,30,86,338,295,43
ACSSF,2009e5,wv,000,0033,0001851,080,54,055,08000US540559092499999951000,"Census Tract 9510 (part), District Remainder of III, District III, Mercer County, West Virginia",1429,1224,1096,128,58,70,205,164,41
ACSSF,2009e5,wv,000,0033,0001852,080,54,055,08000US540559092499999951100,"Census Tract 9511 (part), District Remainder of III, District III, Mercer County, West Virginia",1647,1176,905,271,21,250,471,380,91
ACSSF,2009e5,wv,000,0033,0001853,080,54,055,08000US540559092499999951200,"Census Tract 9512 (part), District Remainder of III, District III, Mercer County, West Virginia",58,38,38,0,0,0,20,20,0
ACSSF,2009e5,wv,000,0033,0001854,080,54,055,08000US540559092499999951500,"Census Tract 9515 (part), District Remainder of III, District III, Mercer County, West Virginia",41,21,0,21,21,0,20,0,20
ACSSF,2009e5,wv,000,0033,0001855,080,54,055,08000US540559092499999951600,"Census Tract 9516 (part), District Remainder of III, District III, Mercer County, West Virginia",192,161,110,51,28,23,31,31,0
ACSSF,2009e5,wv,000,0033,0001856,080,54,055,08000US540559092499999951700,"Census Tract 9517 (part), District Remainder of III, District III, Mercer County, West Virginia",30,14,14,0,0,0,16,16,0
ACSSF,2009e5,wv,000,0033,0001857,080,54,055,08000US540559092499999951800,"Census Tract 9518 (part), District Remainder of III, District III, Mercer County, West Virginia",17,0,0,0,0,0,17,17,0
ACSSF,2009e5,wv,000,0033,0001858,080,54,055,08000US540559092499999951900,"Census Tract 9519 (part), District Remainder of III, District III, Mercer County, West Virginia",199,117,108,9,9,0,82,75,7
ACSSF,2009e5,wv,000,0033,0001859,080,54,055,08000US540559092499999952200,"Census Tract 9522 (part), District Remainder of III, District III, Mercer County, West Virginia",0,0,0,0,0,0,0,0,0
ACSSF,2009e5,wv,000,0033,0001860,080,54,055,08000US540559092499999952300,"Census Tract 9523 (part), District Remainder of III, District III, Mercer County, West Virginia",741,422,249,173,46,127,319,241,78
ACSSF,2009e5,wv,000,0033,0001861,080,54,055,08000US540559092499999952400,"Census Tract 9524 (part), District Remainder of III, District III, Mercer County, West Virginia",1167,911,725,186,37,149,256,179,77
ACSSF,2009e5,wv,000,0033,0001862,080,54,057,08000US540579078424484010700,"Census Tract 107 (part), Elk Garden town, District 1, Mineral County, West Virginia",102,71,47,24,9,15,31,31,0
ACSSF,2009e5,wv,000,0033,0001863,080,54,057,08000US540579078428444010300,"Census Tract 103 (part), Fort Ashby CDP (part), District 1, Mineral County, West Virginia",484,346,331,15,0,15,138,119,19
ACSSF,2009e5,wv,000,0033,0001864,080,54,057,08000US540579078463604010700,"Census Tract 107 (part), Piedmont town, District 1, Mineral County, West Virginia",502,329,155,174,32,142,173,160,13
ACSSF,2009e5,wv,000,0033,0001865,080,54,057,08000US540579078499999010300,"Census Tract 103 (part), District Remainder of 1, District 1, Mineral County, West Virginia",235,158,158,0,0,0,77,65,12
ACSSF,2009e5,wv,000,0033,0001866,080,54,057,08000US540579078499999010400,"Census Tract 104 (part), District Remainder of 1, District 1, Mineral County, West Virginia",1664,1275,1029,246,66,180,389,359,30
ACSSF,2009e5,wv,000,0033,0001867,080,54,057,08000US540579078499999010500,"Census Tract 105 (part), District Remainder of 1, District 1, Mineral County, West Virginia",314,252,197,55,19,36,62,44,18
ACSSF,2009e5,wv,000,0033,0001868,080,54,057,08000US540579078499999010700,"Census Tract 107 (part), District Remainder of 1, District 1, Mineral County, West Virginia",386,260,244,16,16,0,126,111,15
ACSSF,2009e5,wv,000,0033,0001869,080,54,057,08000US540579082043492010500,"Census Tract 105 (part), Keyser city, District 2, Mineral County, West Virginia",772,466,301,165,20,145,306,242,64
ACSSF,2009e5,wv,000,0033,0001870,080,54,057,08000US540579082043492010600,"Census Tract 106 (part), Keyser city, District 2, Mineral County, West Virginia",1444,886,602,284,131,153,558,495,63
ACSSF,2009e5,wv,000,0033,0001871,080,54,057,08000US540579082099999010500,"Census Tract 105 (part), District Remainder of 2, District 2, Mineral County, West Virginia",938,617,497,120,33,87,321,295,26
ACSSF,2009e5,wv,000,0033,0001872,080,54,057,08000US540579082099999010600,"Census Tract 106 (part), District Remainder of 2, District 2, Mineral County, West Virginia",746,480,372,108,0,108,266,244,22
ACSSF,2009e5,wv,000,0033,0001873,080,54,057,08000US540579082099999010700,"Census Tract 107 (part), District Remainder of 2, District 2, Mineral County, West Virginia",9,0,0,0,0,0,9,9,0
ACSSF,2009e5,wv,000,0033,0001874,080,54,057,08000US540579085613525010100,"Census Tract 101 (part), Carpendale town, District 3, Mineral County, West Virginia",389,281,249,32,0,32,108,71,37
ACSSF,2009e5,wv,000,0033,0001875,080,54,057,08000US540579085628444010300,"Census Tract 103 (part), Fort Ashby CDP (part), District 3, Mineral County, West Virginia",216,170,125,45,0,45,46,46,0
ACSSF,2009e5,wv,000,0033,0001876,080,54,057,08000US540579085668260010100,"Census Tract 101 (part), Ridgeley town, District 3, Mineral County, West Virginia",339,182,144,38,15,23,157,129,28
ACSSF,2009e5,wv,000,0033,0001877,080,54,057,08000US540579085687316010100,"Census Tract 101 (part), Wiley Ford CDP, District 3, Mineral County, West Virginia",487,317,252,65,25,40,170,170,0
ACSSF,2009e5,wv,000,0033,0001878,080,54,057,08000US540579085699999010100,"Census Tract 101 (part), District Remainder of 3, District 3, Mineral County, West Virginia",0,0,0,0,0,0,0,0,0
ACSSF,2009e5,wv,000,0033,0001879,080,54,057,08000US540579085699999010200,"Census Tract 102, District Remainder of 3, District 3, Mineral County, West Virginia",1340,1049,797,252,161,91,291,262,29
ACSSF,2009e5,wv,000,0033,0001880,080,54,057,08000US540579085699999010300,"Census Tract 103 (part), District Remainder of 3, District 3, Mineral County, West Virginia",926,794,702,92,29,63,132,114,18
ACSSF,2009e5,wv,000,0033,0001881,080,54,057,08000US540579085699999010400,"Census Tract 104 (part), District Remainder of 3, District 3, Mineral County, West Virginia",13,13,13,0,0,0,0,0,0
ACSSF,2009e5,wv,000,0033,0001882,080,54,057,08000US540579085699999010500,"Census Tract 105 (part), District Remainder of 3, District 3, Mineral County, West Virginia",0,0,0,0,0,0,0,0,0
ACSSF,2009e5,wv,000,0033,0001883,080,54,059,08000US540599014130777957600,"Census Tract 9576 (part), Gilbert Creek CDP (part), Beech Ben Mate district, Mingo County, West Virginia",0,0,0,0,0,0,0,0,0
ACSSF,2009e5,wv,000,0033,0001884,080,54,059,08000US540599014167396957500,"Census Tract 9575 (part), Red Jacket CDP (part), Beech Ben Mate district, Mingo County, West Virginia",121,107,67,40,0,40,14,14,0
ACSSF,2009e5,wv,000,0033,0001885,080,54,059,08000US540599014167396957600,"Census Tract 9576 (part), Red Jacket CDP (part), Beech Ben Mate district, Mingo County, West Virginia",197,133,69,64,51,13,64,64,0
ACSSF,2009e5,wv,000,0033,0001886,080,54,059,08000US540599014199999957500,"Census Tract 9575 (part), Remainder of Beech Ben Mate district, Beech Ben Mate district, Mingo County, West Virginia",400,267,145,122,32,90,133,118,15
ACSSF,2009e5,wv,000,0033,0001887,080,54,059,08000US540599014199999957600,"Census Tract 9576 (part), Remainder of Beech Ben Mate district, Beech Ben Mate district, Mingo County, West Virginia",840,653,542,111,19,92,187,150,37
ACSSF,2009e5,wv,000,0033,0001888,080,54,059,08000US540599177043300957100,"Census Tract 9571 (part), Kermit town, Kermit Harvey district, Mingo County, West Virginia",157,126,93,33,4,29,31,26,5
ACSSF,2009e5,wv,000,0033,0001889,080,54,059,08000US540599177099999957100,"Census Tract 9571 (part), Remainder of Kermit Harvey district, Kermit Harvey district, Mingo County, West Virginia",1323,899,705,194,92,102,424,401,23
ACSSF,2009e5,wv,000,0033,0001890,080,54,059,08000US540599177099999957200,"Census Tract 9572 (part), Remainder of Kermit Harvey district, Kermit Harvey district, Mingo County, West Virginia",237,116,116,0,0,0,121,110,11
ACSSF,2009e5,wv,000,0033,0001891,080,54,059,08000US540599184820980957300,"Census Tract 9573 (part), Delbarton town, Lee district, Mingo County, West Virginia",187,145,90,55,25,30,42,39,3
ACSSF,2009e5,wv,000,0033,0001892,080,54,059,08000US540599184820980957500,"Census Tract 9575 (part), Delbarton town, Lee district, Mingo County, West Virginia",32,12,3,9,0,9,20,20,0
ACSSF,2009e5,wv,000,0033,0001893,080,54,059,08000US540599184899999957200,"Census Tract 9572 (part), Remainder of Lee district, Lee district, Mingo County, West Virginia",756,610,427,183,96,87,146,146,0
ACSSF,2009e5,wv,000,0033,0001894,080,54,059,08000US540599184899999957300,"Census Tract 9573 (part), Remainder of Lee district, Lee district, Mingo County, West Virginia",571,409,364,45,0,45,162,162,0
ACSSF,2009e5,wv,000,0033,0001895,080,54,059,08000US540599184899999957500,"Census Tract 9575 (part), Remainder of Lee district, Lee district, Mingo County, West Virginia",158,158,110,48,48,0,0,0,0
ACSSF,2009e5,wv,000,0033,0001896,080,54,059,08000US540599206452324957500,"Census Tract 9575 (part), Matewan town, Magnolia district, Mingo County, West Virginia",300,118,84,34,4,30,182,178,4
ACSSF,2009e5,wv,000,0033,0001897,080,54,059,08000US540599206452324957600,"Census Tract 9576 (part), Matewan town, Magnolia district, Mingo County, West Virginia",8,4,4,0,0,0,4,4,0
ACSSF,2009e5,wv,000,0033,0001898,080,54,059,08000US540599206467396957500,"Census Tract 9575 (part), Red Jacket CDP (part), Magnolia district, Mingo County, West Virginia",37,37,37,0,0,0,0,0,0
ACSSF,2009e5,wv,000,0033,0001899,080,54,059,08000US540599206499999957300,"Census Tract 9573 (part), Remainder of Magnolia district, Magnolia district, Mingo County, West Virginia",102,82,24,58,45,13,20,20,0
ACSSF,2009e5,wv,000,0033,0001900,080,54,059,08000US540599206499999957500,"Census Tract 9575 (part), Remainder of Magnolia district, Magnolia district, Mingo County, West Virginia",430,294,181,113,17,96,136,98,38
ACSSF,2009e5,wv,000,0033,0001901,080,54,059,08000US540599206499999957600,"Census Tract 9576 (part), Remainder of Magnolia district, Magnolia district, Mingo County, West Virginia",465,368,253,115,39,76,97,79,18
ACSSF,2009e5,wv,000,0033,0001902,080,54,059,08000US540599301230772957700,"Census Tract 9577 (part), Gilbert town, Stafford district, Mingo County, West Virginia",204,109,90,19,9,10,95,95,0
ACSSF,2009e5,wv,000,0033,0001903,080,54,059,08000US540599301230777957700,"Census Tract 9577 (part), Gilbert Creek CDP (part), Stafford district, Mingo County, West Virginia",670,568,472,96,33,63,102,102,0
ACSSF,2009e5,wv,000,0033,0001904,080,54,059,08000US540599301299999957600,"Census Tract 9576 (part), Remainder of Stafford district, Stafford district, Mingo County, West Virginia",0,0,0,0,0,0,0,0,0
ACSSF,2009e5,wv,000,0033,0001905,080,54,059,08000US540599301299999957700,"Census Tract 9577 (part), Remainder of Stafford district, Stafford district, Mingo County, West Virginia",850,576,438,138,53,85,274,253,21
ACSSF,2009e5,wv,000,0033,0001906,080,54,059,08000US540599316214692957300,"Census Tract 9573 (part), Chattaroy CDP (part), Tug Hardee district, Mingo County, West Virginia",262,173,144,29,0,29,89,89,0
ACSSF,2009e5,wv,000,0033,0001907,080,54,059,08000US540599316299999957100,"Census Tract 9571 (part), Remainder of Tug Hardee district, Tug Hardee district, Mingo County, West Virginia",258,155,136,19,19,0,103,103,0
ACSSF,2009e5,wv,000,0033,0001908,080,54,059,08000US540599316299999957200,"Census Tract 9572 (part), Remainder of Tug Hardee district, Tug Hardee district, Mingo County, West Virginia",499,321,229,92,27,65,178,118,60
ACSSF,2009e5,wv,000,0033,0001909,080,54,059,08000US540599316299999957300,"Census Tract 9573 (part), Remainder of Tug Hardee district, Tug Hardee district, Mingo County, West Virginia",396,331,255,76,37,39,65,65,0
ACSSF,2009e5,wv,000,0033,0001910,080,54,059,08000US540599316299999957500,"Census Tract 9575 (part), Remainder of Tug Hardee district, Tug Hardee district, Mingo County, West Virginia",79,47,47,0,0,0,32,16,16
ACSSF,2009e5,wv,000,0033,0001911,080,54,059,08000US540599369614692957400,"Census Tract 9574 (part), Chattaroy CDP (part), Williamson district, Mingo County, West Virginia",231,151,78,73,23,50,80,46,34
ACSSF,2009e5,wv,000,0033,0001912,080,54,059,08000US540599369687508957300,"Census Tract 9573 (part), Williamson city, Williamson district, Mingo County, West Virginia",0,0,0,0,0,0,0,0,0
ACSSF,2009e5,wv,000,0033,0001913,080,54,059,08000US540599369687508957400,"Census Tract 9574 (part), Williamson city, Williamson district, Mingo County, West Virginia",1564,884,679,205,14,191,680,605,75
ACSSF,2009e5,wv,000,0033,0001914,080,54,059,08000US540599369687508957500,"Census Tract 9575 (part), Williamson city, Williamson district, Mingo County, West Virginia",0,0,0,0,0,0,0,0,0
ACSSF,2009e5,wv,000,0033,0001915,080,54,059,08000US540599369699999957300,"Census Tract 9573 (part), Remainder of Williamson district, Williamson district, Mingo County, West Virginia",0,0,0,0,0,0,0,0,0
ACSSF,2009e5,wv,000,0033,0001916,080,54,059,08000US540599369699999957400,"Census Tract 9574 (part), Remainder of Williamson district, Williamson district, Mingo County, West Virginia",30,30,20,10,10,0,0,0,0
ACSSF,2009e5,wv,000,0033,0001917,080,54,059,08000US540599369699999957500,"Census Tract 9575 (part), Remainder of Williamson district, Williamson district, Mingo County, West Virginia",227,140,121,19,0,19,87,87,0
ACSSF,2009e5,wv,000,0033,0001918,080,54,061,08000US540619045655756010100,"Census Tract 101 (part), Morgantown city (part), Central district, Monongalia County, West Virginia",930,116,77,39,0,39,814,618,196
ACSSF,2009e5,wv,000,0033,0001919,080,54,061,08000US540619045655756010200,"Census Tract 102 (part), Morgantown city (part), Central district, Monongalia County, West Virginia",1553,260,195,65,10,55,1293,955,338
ACSSF,2009e5,wv,000,0033,0001920,080,54,061,08000US540619045655756010300,"Census Tract 103 (part), Morgantown city (part), Central district, Monongalia County, West Virginia",798,146,126,20,20,0,652,383,269
ACSSF,2009e5,wv,000,0033,0001921,080,54,061,08000US540619045655756010400,"Census Tract 104 (part), Morgantown city (part), Central district, Monongalia County, West Virginia",703,391,348,43,12,31,312,300,12
ACSSF,2009e5,wv,000,0033,0001922,080,54,061,08000US540619045655756010500,"Census Tract 105 (part), Morgantown city (part), Central district, Monongalia County, West Virginia",813,442,411,31,9,22,371,288,83
ACSSF,2009e5,wv,000,0033,0001923,080,54,061,08000US540619045655756010600,"Census Tract 106 (part), Morgantown city (part), Central district, Monongalia County, West Virginia",33,33,33,0,0,0,0,0,0
ACSSF,2009e5,wv,000,0033,0001924,080,54,061,08000US540619045655756010700,"Census Tract 107 (part), Morgantown city (part), Central district, Monongalia County, West Virginia",1299,565,371,194,114,80,734,499,235
ACSSF,2009e5,wv,000,0033,0001925,080,54,061,08000US540619045655756010800,"Census Tract 108 (part), Morgantown city (part), Central district, Monongalia County, West Virginia",181,98,56,42,12,30,83,52,31
ACSSF,2009e5,wv,000,0033,0001926,080,54,061,08000US540619045655756010901,"Census Tract 109.01, Morgantown city (part), Central district, Monongalia County, West Virginia",1427,681,477,204,56,148,746,431,315
ACSSF,2009e5,wv,000,0033,0001927,080,54,061,08000US540619045655756010902,"Census Tract 109.02 (part), Morgantown city (part), Central district, Monongalia County, West Virginia",720,503,411,92,0,92,217,184,33
ACSSF,2009e5,wv,000,0033,0001928,080,54,061,08000US540619045655756011000,"Census Tract 110 (part), Morgantown city (part), Central district, Monongalia County, West Virginia",834,535,282,253,151,102,299,231,68
ACSSF,2009e5,wv,000,0033,0001929,080,54,061,08000US540619045655756011801,"Census Tract 118.01 (part), Morgantown city (part), Central district, Monongalia County, West Virginia",24,24,24,0,0,0,0,0,0
ACSSF,2009e5,wv,000,0033,0001930,080,54,061,08000US540619045655756011802,"Census Tract 118.02 (part), Morgantown city (part), Central district, Monongalia County, West Virginia",0,0,0,0,0,0,0,0,0
ACSSF,2009e5,wv,000,0033,0001931,080,54,061,08000US540619045676516010400,"Census Tract 104 (part), Star City town (part), Central district, Monongalia County, West Virginia",779,345,249,96,41,55,434,343,91
ACSSF,2009e5,wv,000,0033,0001932,080,54,061,08000US540619045699999010400,"Census Tract 104 (part), Remainder of Central district, Central district, Monongalia County, West Virginia",122,72,0,72,19,53,50,23,27
ACSSF,2009e5,wv,000,0033,0001933,080,54,061,08000US540619045699999010500,"Census Tract 105 (part), Remainder of Central district, Central district, Monongalia County, West Virginia",0,0,0,0,0,0,0,0,0
ACSSF,2009e5,wv,000,0033,0001934,080,54,061,08000US540619045699999010700,"Census Tract 107 (part), Remainder of Central district, Central district, Monongalia County, West Virginia",10,0,0,0,0,0,10,10,0
ACSSF,2009e5,wv,000,0033,0001935,080,54,061,08000US540619045699999010800,"Census Tract 108 (part), Remainder of Central district, Central district, Monongalia County, West Virginia",0,0,0,0,0,0,0,0,0
ACSSF,2009e5,wv,000,0033,0001936,080,54,061,08000US540619045699999010902,"Census Tract 109.02 (part), Remainder of Central district, Central district, Monongalia County, West Virginia",0,0,0,0,0,0,0,0,0
ACSSF,2009e5,wv,000,0033,0001937,080,54,061,08000US540619045699999011000,"Census Tract 110 (part), Remainder of Central district, Central district, Monongalia County, West Virginia",49,23,14,9,0,9,26,10,16
ACSSF,2009e5,wv,000,0033,0001938,080,54,061,08000US540619045699999011801,"Census Tract 118.01 (part), Remainder of Central district, Central district, Monongalia County, West Virginia",0,0,0,0,0,0,0,0,0
ACSSF,2009e5,wv,000,0033,0001939,080,54,061,08000US540619045699999011802,"Census Tract 118.02 (part), Remainder of Central district, Central district, Monongalia County, West Virginia",0,0,0,0,0,0,0,0,0
ACSSF,2009e5,wv,000,0033,0001940,080,54,061,08000US540619098310420011801,"Census Tract 118.01 (part), Brookhaven CDP (part), Eastern district, Monongalia County, West Virginia",1115,891,679,212,101,111,224,160,64
ACSSF,2009e5,wv,000,0033,0001941,080,54,061,08000US540619098310420011802,"Census Tract 118.02 (part), Brookhaven CDP (part), Eastern district, Monongalia County, West Virginia",452,336,254,82,20,62,116,88,28
ACSSF,2009e5,wv,000,0033,0001942,080,54,061,08000US540619098314775011700,"Census Tract 117 (part), Cheat Lake CDP, Eastern district, Monongalia County, West Virginia",1023,713,631,82,14,68,310,246,64
ACSSF,2009e5,wv,000,0033,0001943,080,54,061,08000US540619098314775011801,"Census Tract 118.01 (part), Cheat Lake CDP, Eastern district, Monongalia County, West Virginia",1568,1045,875,170,96,74,523,470,53
ACSSF,2009e5,wv,000,0033,0001944,080,54,061,08000US540619098355756010100,"Census Tract 101 (part), Morgantown city (part), Eastern district, Monongalia County, West Virginia",0,0,0,0,0,0,0,0,0
ACSSF,2009e5,wv,000,0033,0001945,080,54,061,08000US540619098355756010200,"Census Tract 102 (part), Morgantown city (part), Eastern district, Monongalia County, West Virginia",20,11,11,0,0,0,9,9,0
ACSSF,2009e5,wv,000,0033,0001946,080,54,061,08000US540619098355756010300,"Census Tract 103 (part), Morgantown city (part), Eastern district, Monongalia County, West Virginia",42,0,0,0,0,0,42,42,0
ACSSF,2009e5,wv,000,0033,0001947,080,54,061,08000US540619098355756010400,"Census Tract 104 (part), Morgantown city (part), Eastern district, Monongalia County, West Virginia",21,0,0,0,0,0,21,21,0
ACSSF,2009e5,wv,000,0033,0001948,080,54,061,08000US540619098355756010500,"Census Tract 105 (part), Morgantown city (part), Eastern district, Monongalia County, West Virginia",6,6,6,0,0,0,0,0,0
ACSSF,2009e5,wv,000,0033,0001949,080,54,061,08000US540619098355756010600,"Census Tract 106 (part), Morgantown city (part), Eastern district, Monongalia County, West Virginia",14,14,0,14,14,0,0,0,0
ACSSF,2009e5,wv,000,0033,0001950,080,54,061,08000US540619098355756010700,"Census Tract 107 (part), Morgantown city (part), Eastern district, Monongalia County, West Virginia",16,0,0,0,0,0,16,16,0
ACSSF,2009e5,wv,000,0033,0001951,080,54,061,08000US540619098355756010800,"Census Tract 108 (part), Morgantown city (part), Eastern district, Monongalia County, West Virginia",10,10,10,0,0,0,0,0,0
ACSSF,2009e5,wv,000,0033,0001952,080,54,061,08000US540619098355756010902,"Census Tract 109.02 (part), Morgantown city (part), Eastern district, Monongalia County, West Virginia",8,8,8,0,0,0,0,0,0
ACSSF,2009e5,wv,000,0033,0001953,080,54,061,08000US540619098355756011000,"Census Tract 110 (part), Morgantown city (part), Eastern district, Monongalia County, West Virginia",241,151,127,24,0,24,90,90,0
ACSSF,2009e5,wv,000,0033,0001954,080,54,061,08000US540619098355756011600,"Census Tract 116 (part), Morgantown city (part), Eastern district, Monongalia County, West Virginia",13,13,13,0,0,0,0,0,0
ACSSF,2009e5,wv,000,0033,0001955,080,54,061,08000US540619098355756011801,"Census Tract 118.01 (part), Morgantown city (part), Eastern district, Monongalia County, West Virginia",0,0,0,0,0,0,0,0,0
ACSSF,2009e5,wv,000,0033,0001956,080,54,061,08000US540619098399999010100,"Census Tract 101 (part), Remainder of Eastern district, Eastern district, Monongalia County, West Virginia",288,100,45,55,13,42,188,125,63
ACSSF,2009e5,wv,000,0033,0001957,080,54,061,08000US540619098399999010200,"Census Tract 102 (part), Remainder of Eastern district, Eastern district, Monongalia County, West Virginia",31,9,4,5,5,0,22,7,15
ACSSF,2009e5,wv,000,0033,0001958,080,54,061,08000US540619098399999010300,"Census Tract 103 (part), Remainder of Eastern district, Eastern district, Monongalia County, West Virginia",0,0,0,0,0,0,0,0,0
ACSSF,2009e5,wv,000,0033,0001959,080,54,061,08000US540619098399999010400,"Census Tract 104 (part), Remainder of Eastern district, Eastern district, Monongalia County, West Virginia",313,79,43,36,9,27,234,215,19
ACSSF,2009e5,wv,000,0033,0001960,080,54,061,08000US540619098399999010500,"Census Tract 105 (part), Remainder of Eastern district, Eastern district, Monongalia County, West Virginia",282,111,94,17,0,17,171,148,23
ACSSF,2009e5,wv,000,0033,0001961,080,54,061,08000US540619098399999010600,"Census Tract 106 (part), Remainder of Eastern district, Eastern district, Monongalia County, West Virginia",2863,1019,804,215,13,202,1844,1429,415
ACSSF,2009e5,wv,000,0033,0001962,080,54,061,08000US540619098399999010700,"Census Tract 107 (part), Remainder of Eastern district, Eastern district, Monongalia County, West Virginia",192,102,89,13,3,10,90,63,27
ACSSF,2009e5,wv,000,0033,0001963,080,54,061,08000US540619098399999010800,"Census Tract 108 (part), Remainder of Eastern district, Eastern district, Monongalia County, West Virginia",572,344,292,52,10,42,228,197,31
ACSSF,2009e5,wv,000,0033,0001964,080,54,061,08000US540619098399999010902,"Census Tract 109.02 (part), Remainder of Eastern district, Eastern district, Monongalia County, West Virginia",312,164,142,22,15,7,148,148,0
ACSSF,2009e5,wv,000,0033,0001965,080,54,061,08000US540619098399999011000,"Census Tract 110 (part), Remainder of Eastern district, Eastern district, Monongalia County, West Virginia",95,42,0,42,7,35,53,53,0
ACSSF,2009e5,wv,000,0033,0001966,080,54,061,08000US540619098399999011600,"Census Tract 116 (part), Remainder of Eastern district, Eastern district, Monongalia County, West Virginia",2188,1275,1082,193,65,128,913,790,123
ACSSF,2009e5,wv,000,0033,0001967,080,54,061,08000US540619098399999011700,"Census Tract 117 (part), Remainder of Eastern district, Eastern district, Monongalia County, West Virginia",161,153,123,30,20,10,8,8,0
ACSSF,2009e5,wv,000,0033,0001968,080,54,061,08000US540619098399999011801,"Census Tract 118.01 (part), Remainder of Eastern district, Eastern district, Monongalia County, West Virginia",36,24,24,0,0,0,12,12,0
ACSSF,2009e5,wv,000,0033,0001969,080,54,061,08000US540619098399999011802,"Census Tract 118.02 (part), Remainder of Eastern district, Eastern district, Monongalia County, West Virginia",216,164,164,0,0,0,52,42,10
ACSSF,2009e5,wv,000,0033,0001970,080,54,061,08000US540619361208092011400,"Census Tract 114 (part), Blacksville town, Western district, Monongalia County, West Virginia",54,30,22,8,3,5,24,22,2
ACSSF,2009e5,wv,000,0033,0001971,080,54,061,08000US540619361210420011802,"Census Tract 118.02 (part), Brookhaven CDP (part), Western district, Monongalia County, West Virginia",15,7,7,0,0,0,8,8,0
ACSSF,2009e5,wv,000,0033,0001972,080,54,061,08000US540619361213756011300,"Census Tract 113 (part), Cassville CDP, Western district, Monongalia County, West Virginia",0,0,0,0,0,0,0,0,0
ACSSF,2009e5,wv,000,0033,0001973,080,54,061,08000US540619361213756011500,"Census Tract 115 (part), Cassville CDP, Western district, Monongalia County, West Virginia",487,394,360,34,6,28,93,69,24
ACSSF,2009e5,wv,000,0033,0001974,080,54,061,08000US540619361232932011200,"Census Tract 112 (part), Granville town, Western district, Monongalia County, West Virginia",283,120,90,30,6,24,163,136,27
ACSSF,2009e5,wv,000,0033,0001975,080,54,061,08000US540619361255756011000,"Census Tract 110 (part), Morgantown city (part), Western district, Monongalia County, West Virginia",0,0,0,0,0,0,0,0,0
ACSSF,2009e5,wv,000,0033,0001976,080,54,061,08000US540619361255756011500,"Census Tract 115 (part), Morgantown city (part), Western district, Monongalia County, West Virginia",0,0,0,0,0,0,0,0,0
ACSSF,2009e5,wv,000,0033,0001977,080,54,061,08000US540619361255756011802,"Census Tract 118.02 (part), Morgantown city (part), Western district, Monongalia County, West Virginia",0,0,0,0,0,0,0,0,0
ACSSF,2009e5,wv,000,0033,0001978,080,54,061,08000US540619361255756011900,"Census Tract 119 (part), Morgantown city (part), Western district, Monongalia County, West Virginia",0,0,0,0,0,0,0,0,0
ACSSF,2009e5,wv,000,0033,0001979,080,54,061,08000US540619361276516011200,"Census Tract 112 (part), Star City town (part), Western district, Monongalia County, West Virginia",0,0,0,0,0,0,0,0,0
ACSSF,2009e5,wv,000,0033,0001980,080,54,061,08000US540619361276516011500,"Census Tract 115 (part), Star City town (part), Western district, Monongalia County, West Virginia",0,0,0,0,0,0,0,0,0
ACSSF,2009e5,wv,000,0033,0001981,080,54,061,08000US540619361285996011100,"Census Tract 111 (part), Westover city, Western district, Monongalia County, West Virginia",1103,666,508,158,25,133,437,412,25
ACSSF,2009e5,wv,000,0033,0001982,080,54,061,08000US540619361285996011200,"Census Tract 112 (part), Westover city, Western district, Monongalia County, West Virginia",429,290,226,64,16,48,139,106,33
ACSSF,2009e5,wv,000,0033,0001983,080,54,061,08000US540619361299999011000,"Census Tract 110 (part), Remainder of Western district, Western district, Monongalia County, West Virginia",152,43,17,26,0,26,109,103,6
ACSSF,2009e5,wv,000,0033,0001984,080,54,061,08000US540619361299999011100,"Census Tract 111 (part), Remainder of Western district, Western district, Monongalia County, West Virginia",159,80,80,0,0,0,79,79,0
ACSSF,2009e5,wv,000,0033,0001985,080,54,061,08000US540619361299999011200,"Census Tract 112 (part), Remainder of Western district, Western district, Monongalia County, West Virginia",106,68,29,39,0,39,38,38,0
ACSSF,2009e5,wv,000,0033,0001986,080,54,061,08000US540619361299999011300,"Census Tract 113 (part), Remainder of Western district, Western district, Monongalia County, West Virginia",1361,946,806,140,90,50,415,320,95
ACSSF,2009e5,wv,000,0033,0001987,080,54,061,08000US540619361299999011400,"Census Tract 114 (part), Remainder of Western district, Western district, Monongalia County, West Virginia",1301,995,865,130,27,103,306,289,17
ACSSF,2009e5,wv,000,0033,0001988,080,54,061,08000US540619361299999011500,"Census Tract 115 (part), Remainder of Western district, Western district, Monongalia County, West Virginia",1042,810,658,152,56,96,232,228,4
ACSSF,2009e5,wv,000,0033,0001989,080,54,061,08000US540619361299999011802,"Census Tract 118.02 (part), Remainder of Western district, Western district, Monongalia County, West Virginia",1059,750,674,76,0,76,309,190,119
ACSSF,2009e5,wv,000,0033,0001990,080,54,061,08000US540619361299999011900,"Census Tract 119 (part), Remainder of Western district, Western district, Monongalia County, West Virginia",1737,1199,1075,124,22,102,538,415,123
ACSSF,2009e5,wv,000,0033,0001991,080,54,063,08000US540639045781940950200,"Census Tract 9502 (part), Union town, Central district, Monroe County, West Virginia",319,177,98,79,39,40,142,110,32
ACSSF,2009e5,wv,000,0033,0001992,080,54,063,08000US540639045799999950100,"Census Tract 9501 (part), Remainder of Central district, Central district, Monroe County, West Virginia",48,36,19,17,17,0,12,12,0
ACSSF,2009e5,wv,000,0033,0001993,080,54,063,08000US540639045799999950200,"Census Tract 9502 (part), Remainder of Central district, Central district, Monroe County, West Virginia",1397,948,869,79,63,16,449,413,36
ACSSF,2009e5,wv,000,0033,0001994,080,54,063,08000US540639045799999950300,"Census Tract 9503 (part), Remainder of Central district, Central district, Monroe County, West Virginia",284,233,150,83,0,83,51,34,17
ACSSF,2009e5,wv,000,0033,0001995,080,54,063,08000US540639098400772950200,"Census Tract 9502 (part), Alderson town (part), Eastern district, Monroe County, West Virginia",77,61,27,34,5,29,16,16,0
ACSSF,2009e5,wv,000,0033,0001996,080,54,063,08000US540639098499999950100,"Census Tract 9501 (part), Remainder of Eastern district, Eastern district, Monroe County, West Virginia",1227,878,775,103,40,63,349,325,24
ACSSF,2009e5,wv,000,0033,0001997,080,54,063,08000US540639098499999950200,"Census Tract 9502 (part), Remainder of Eastern district, Eastern district, Monroe County, West Virginia",225,164,148,16,16,0,61,61,0
ACSSF,2009e5,wv,000,0033,0001998,080,54,063,08000US540639361363052950300,"Census Tract 9503 (part), Peterstown town, Western district, Monroe County, West Virginia",255,151,113,38,2,36,104,81,23
ACSSF,2009e5,wv,000,0033,0001999,080,54,063,08000US540639361399999950200,"Census Tract 9502 (part), Remainder of Western district, Western district, Monroe County, West Virginia",34,14,0,14,0,14,20,20,0
ACSSF,2009e5,wv,000,0033,0002000,080,54,063,08000US540639361399999950300,"Census Tract 9503 (part), Remainder of Western district, Western district, Monroe County, West Virginia",1668,1229,1098,131,50,81,439,394,45
ACSSF,2009e5,wv,000,0033,0002001,080,54,065,08000US540659078604876970800,"Census Tract 9708 (part), Bath (Berkeley Springs) town (part), District 1, Morgan County, West Virginia",4,4,4,0,0,0,0,0,0
ACSSF,2009e5,wv,000,0033,0002002,080,54,065,08000US540659078662332970900,"Census Tract 9709 (part), Paw Paw town, District 1, Morgan County, West Virginia",195,106,64,42,0,42,89,85,4
ACSSF,2009e5,wv,000,0033,0002003,080,54,065,08000US540659078699999970800,"Census Tract 9708 (part), District Remainder of 1, District 1, Morgan County, West Virginia",350,169,124,45,15,30,181,168,13
ACSSF,2009e5,wv,000,0033,0002004,080,54,065,08000US540659078699999970900,"Census Tract 9709 (part), District Remainder of 1, District 1, Morgan County, West Virginia",826,508,376,132,30,102,318,284,34
ACSSF,2009e5,wv,000,0033,0002005,080,54,065,08000US540659078699999971000,"Census Tract 9710 (part), District Remainder of 1, District 1, Morgan County, West Virginia",582,406,299,107,11,96,176,176,0
ACSSF,2009e5,wv,000,0033,0002006,080,54,065,08000US540659082204876970800,"Census Tract 9708 (part), Bath (Berkeley Springs) town (part), District 2, Morgan County, West Virginia",413,197,148,49,17,32,216,203,13
ACSSF,2009e5,wv,000,0033,0002007,080,54,065,08000US540659082299999970700,"Census Tract 9707 (part), District Remainder of 2, District 2, Morgan County, West Virginia",92,21,21,0,0,0,71,71,0
ACSSF,2009e5,wv,000,0033,0002008,080,54,065,08000US540659082299999970800,"Census Tract 9708 (part), District Remainder of 2, District 2, Morgan County, West Virginia",1015,575,497,78,0,78,440,393,47
ACSSF,2009e5,wv,000,0033,0002009,080,54,065,08000US540659082299999971000,"Census Tract 9710 (part), District Remainder of 2, District 2, Morgan County, West Virginia",1029,706,540,166,37,129,323,234,89
ACSSF,2009e5,wv,000,0033,0002010,080,54,065,08000US540659085899999970700,"Census Tract 9707 (part), District 3, District 3, Morgan County, West Virginia",2312,1581,1261,320,186,134,731,606,125
ACSSF,2009e5,wv,000,0033,0002011,080,54,065,08000US540659085899999970800,"Census Tract 9708 (part), District 3, District 3, Morgan County, West Virginia",10,10,10,0,0,0,0,0,0
ACSSF,2009e5,wv,000,0033,0002012,080,54,065,08000US540659085899999971000,"Census Tract 9710 (part), District 3, District 3, Morgan County, West Virginia",29,10,10,0,0,0,19,19,0
ACSSF,2009e5,wv,000,0033,0002013,080,54,067,08000US540679013218604980400,"Census Tract 9804 (part), Craigsville CDP, Beaver district, Nicholas County, West Virginia",1173,908,821,87,31,56,265,265,0
ACSSF,2009e5,wv,000,0033,0002014,080,54,067,08000US540679013268116980500,"Census Tract 9805 (part), Richwood city, Beaver district, Nicholas County, West Virginia",468,316,237,79,34,45,152,142,10
ACSSF,2009e5,wv,000,0033,0002015,080,54,067,08000US540679013268116980600,"Census Tract 9806 (part), Richwood city, Beaver district, Nicholas County, West Virginia",400,277,169,108,27,81,123,86,37
ACSSF,2009e5,wv,000,0033,0002016,080,54,067,08000US540679013299999980100,"Census Tract 9801 (part), Remainder of Beaver district, Beaver district, Nicholas County, West Virginia",72,72,72,0,0,0,0,0,0
ACSSF,2009e5,wv,000,0033,0002017,080,54,067,08000US540679013299999980400,"Census Tract 9804 (part), Remainder of Beaver district, Beaver district, Nicholas County, West Virginia",696,526,459,67,36,31,170,170,0
ACSSF,2009e5,wv,000,0033,0002018,080,54,067,08000US540679013299999980500,"Census Tract 9805 (part), Remainder of Beaver district, Beaver district, Nicholas County, West Virginia",186,146,115,31,15,16,40,40,0
ACSSF,2009e5,wv,000,0033,0002019,080,54,067,08000US540679013299999980600,"Census Tract 9806 (part), Remainder of Beaver district, Beaver district, Nicholas County, West Virginia",82,36,36,0,0,0,46,46,0
ACSSF,2009e5,wv,000,0033,0002020,080,54,067,08000US540679134499999980200,"Census Tract 9802 (part), Grant district, Grant district, Nicholas County, West Virginia",512,386,245,141,117,24,126,126,0
ACSSF,2009e5,wv,000,0033,0002021,080,54,067,08000US540679134499999980300,"Census Tract 9803 (part), Grant district, Grant district, Nicholas County, West Virginia",0,0,0,0,0,0,0,0,0
ACSSF,2009e5,wv,000,0033,0002022,080,54,067,08000US540679150099999980100,"Census Tract 9801 (part), Hamilton district, Hamilton district, Nicholas County, West Virginia",1107,906,765,141,106,35,201,179,22
ACSSF,2009e5,wv,000,0033,0002023,080,54,067,08000US540679150099999980200,"Census Tract 9802 (part), Hamilton district, Hamilton district, Nicholas County, West Virginia",35,35,16,19,19,0,0,0,0
ACSSF,2009e5,wv,000,0033,0002024,080,54,067,08000US540679150099999980400,"Census Tract 9804 (part), Hamilton district, Hamilton district, Nicholas County, West Virginia",26,26,26,0,0,0,0,0,0
ACSSF,2009e5,wv,000,0033,0002025,080,54,067,08000US540679171699999980200,"Census Tract 9802 (part), Jefferson district, Jefferson district, Nicholas County, West Virginia",84,62,26,36,36,0,22,22,0
ACSSF,2009e5,wv,000,0033,0002026,080,54,067,08000US540679171699999980300,"Census Tract 9803 (part), Jefferson district, Jefferson district, Nicholas County, West Virginia",491,373,327,46,17,29,118,118,0
ACSSF,2009e5,wv,000,0033,0002027,080,54,067,08000US540679175299999980600,"Census Tract 9806 (part), Kentucky district, Kentucky district, Nicholas County, West Virginia",1597,1307,1073,234,109,125,290,290,0
ACSSF,2009e5,wv,000,0033,0002028,080,54,067,08000US540679175299999980700,"Census Tract 9807 (part), Kentucky district, Kentucky district, Nicholas County, West Virginia",25,25,25,0,0,0,0,0,0
ACSSF,2009e5,wv,000,0033,0002029,080,54,067,08000US540679307277980980100,"Census Tract 9801 (part), Summersville town (part), Summersville district, Nicholas County, West Virginia",0,0,0,0,0,0,0,0,0
ACSSF,2009e5,wv,000,0033,0002030,080,54,067,08000US540679307277980980200,"Census Tract 9802 (part), Summersville town (part), Summersville district, Nicholas County, West Virginia",1618,978,853,125,17,108,640,588,52
ACSSF,2009e5,wv,000,0033,0002031,080,54,067,08000US540679307299999980100,"Census Tract 9801 (part), Remainder of Summersville district, Summersville district, Nicholas County, West Virginia",92,70,70,0,0,0,22,22,0
ACSSF,2009e5,wv,000,0033,0002032,080,54,067,08000US540679307299999980200,"Census Tract 9802 (part), Remainder of Summersville district, Summersville district, Nicholas County, West Virginia",434,339,298,41,0,41,95,95,0
ACSSF,2009e5,wv,000,0033,0002033,080,54,067,08000US540679366077980980700,"Census Tract 9807 (part), Summersville town (part), Wilderness district, Nicholas County, West Virginia",0,0,0,0,0,0,0,0,0
ACSSF,2009e5,wv,000,0033,0002034,080,54,067,08000US540679366099999980600,"Census Tract 9806 (part), Remainder of Wilderness district, Wilderness district, Nicholas County, West Virginia",51,33,33,0,0,0,18,18,0
ACSSF,2009e5,wv,000,0033,0002035,080,54,067,08000US540679366099999980700,"Census Tract 9807 (part), Remainder of Wilderness district, Wilderness district, Nicholas County, West Virginia",1098,847,729,118,17,101,251,209,42
ACSSF,2009e5,wv,000,0033,0002036,080,54,069,08000US540699078815916002000,"Census Tract 20 (part), Clearview village, District 1, Ohio County, West Virginia",242,202,177,25,0,25,40,37,3
ACSSF,2009e5,wv,000,0033,0002037,080,54,069,08000US540699078880932001800,"Census Tract 18 (part), Triadelphia town, District 1, Ohio County, West Virginia",16,0,0,0,0,0,16,9,7
ACSSF,2009e5,wv,000,0033,0002038,080,54,069,08000US540699078880932002100,"Census Tract 21 (part), Triadelphia town, District 1, Ohio County, West Virginia",119,64,52,12,0,12,55,39,16
ACSSF,2009e5,wv,000,0033,0002039,080,54,069,08000US540699078880932002200,"Census Tract 22 (part), Triadelphia town, District 1, Ohio County, West Virginia",257,149,111,38,28,10,108,83,25
ACSSF,2009e5,wv,000,0033,0002040,080,54,069,08000US540699078882732002100,"Census Tract 21 (part), Valley Grove village, District 1, Ohio County, West Virginia",131,96,70,26,2,24,35,33,2
ACSSF,2009e5,wv,000,0033,0002041,080,54,069,08000US540699078882732002200,"Census Tract 22 (part), Valley Grove village, District 1, Ohio County, West Virginia",31,27,21,6,0,6,4,2,2
ACSSF,2009e5,wv,000,0033,0002042,080,54,069,08000US540699078885876002000,"Census Tract 20 (part), West Liberty town, District 1, Ohio County, West Virginia",4,4,4,0,0,0,0,0,0
ACSSF,2009e5,wv,000,0033,0002043,080,54,069,08000US540699078885876002100,"Census Tract 21 (part), West Liberty town, District 1, Ohio County, West Virginia",190,61,46,15,2,13,129,59,70
ACSSF,2009e5,wv,000,0033,0002044,080,54,069,08000US540699078886452000200,"Census Tract 2 (part), Wheeling city (part), District 1, Ohio County, West Virginia",1562,1004,798,206,40,166,558,521,37
ACSSF,2009e5,wv,000,0033,0002045,080,54,069,08000US540699078886452000400,"Census Tract 4 (part), Wheeling city (part), District 1, Ohio County, West Virginia",20,10,10,0,0,0,10,10,0
ACSSF,2009e5,wv,000,0033,0002046,080,54,069,08000US540699078886452001500,"Census Tract 15 (part), Wheeling city (part), District 1, Ohio County, West Virginia",12,12,12,0,0,0,0,0,0
ACSSF,2009e5,wv,000,0033,0002047,080,54,069,08000US540699078886452001700,"Census Tract 17 (part), Wheeling city (part), District 1, Ohio County, West Virginia",234,146,90,56,0,56,88,78,10
ACSSF,2009e5,wv,000,0033,0002048,080,54,069,08000US540699078886452002000,"Census Tract 20 (part), Wheeling city (part), District 1, Ohio County, West Virginia",170,160,147,13,13,0,10,10,0
ACSSF,2009e5,wv,000,0033,0002049,080,54,069,08000US540699078899999000200,"Census Tract 2 (part), District Remainder of 1, District 1, Ohio County, West Virginia",28,28,0,28,0,28,0,0,0
ACSSF,2009e5,wv,000,0033,0002050,080,54,069,08000US540699078899999000300,"Census Tract 3 (part), District Remainder of 1, District 1, Ohio County, West Virginia",0,0,0,0,0,0,0,0,0
ACSSF,2009e5,wv,000,0033,0002051,080,54,069,08000US540699078899999001500,"Census Tract 15 (part), District Remainder of 1, District 1, Ohio County, West Virginia",31,20,20,0,0,0,11,11,0
ACSSF,2009e5,wv,000,0033,0002052,080,54,069,08000US540699078899999001600,"Census Tract 16 (part), District Remainder of 1, District 1, Ohio County, West Virginia",0,0,0,0,0,0,0,0,0
ACSSF,2009e5,wv,000,0033,0002053,080,54,069,08000US540699078899999001700,"Census Tract 17 (part), District Remainder of 1, District 1, Ohio County, West Virginia",0,0,0,0,0,0,0,0,0
ACSSF,2009e5,wv,000,0033,0002054,080,54,069,08000US540699078899999001800,"Census Tract 18 (part), District Remainder of 1, District 1, Ohio County, West Virginia",117,117,85,32,17,15,0,0,0
ACSSF,2009e5,wv,000,0033,0002055,080,54,069,08000US540699078899999002000,"Census Tract 20 (part), District Remainder of 1, District 1, Ohio County, West Virginia",1632,1214,1030,184,0,184,418,370,48
ACSSF,2009e5,wv,000,0033,0002056,080,54,069,08000US540699078899999002100,"Census Tract 21 (part), District Remainder of 1, District 1, Ohio County, West Virginia",802,551,516,35,0,35,251,219,32
ACSSF,2009e5,wv,000,0033,0002057,080,54,069,08000US540699078899999002200,"Census Tract 22 (part), District Remainder of 1, District 1, Ohio County, West Virginia",836,644,558,86,34,52,192,134,58
ACSSF,2009e5,wv,000,0033,0002058,080,54,069,08000US540699082486452000100,"Census Tract 1, Wheeling city (part), District 2, Ohio County, West Virginia",219,22,22,0,0,0,197,170,27
ACSSF,2009e5,wv,000,0033,0002059,080,54,069,08000US540699082486452000300,"Census Tract 3 (part), Wheeling city (part), District 2, Ohio County, West Virginia",774,403,276,127,24,103,371,365,6
ACSSF,2009e5,wv,000,0033,0002060,080,54,069,08000US540699082486452000400,"Census Tract 4 (part), Wheeling city (part), District 2, Ohio County, West Virginia",554,299,152,147,55,92,255,237,18
ACSSF,2009e5,wv,000,0033,0002061,080,54,069,08000US540699082486452000500,"Census Tract 5, Wheeling city (part), District 2, Ohio County, West Virginia",720,417,354,63,0,63,303,273,30
ACSSF,2009e5,wv,000,0033,0002062,080,54,069,08000US540699082486452000600,"Census Tract 6, Wheeling city (part), District 2, Ohio County, West Virginia",582,332,131,201,59,142,250,185,65
ACSSF,2009e5,wv,000,0033,0002063,080,54,069,08000US540699082486452000700,"Census Tract 7, Wheeling city (part), District 2, Ohio County, West Virginia",442,215,142,73,0,73,227,220,7
ACSSF,2009e5,wv,000,0033,0002064,080,54,069,08000US540699082486452000800,"Census Tract 8, Wheeling city (part), District 2, Ohio County, West Virginia",266,130,83,47,7,40,136,100,36
ACSSF,2009e5,wv,000,0033,0002065,080,54,069,08000US540699082486452001300,"Census Tract 13 (part), Wheeling city (part), District 2, Ohio County, West Virginia",134,98,29,69,6,63,36,36,0
ACSSF,2009e5,wv,000,0033,0002066,080,54,069,08000US540699082486452001400,"Census Tract 14 (part), Wheeling city (part), District 2, Ohio County, West Virginia",177,131,70,61,37,24,46,26,20
ACSSF,2009e5,wv,000,0033,0002067,080,54,069,08000US540699082486452001500,"Census Tract 15 (part), Wheeling city (part), District 2, Ohio County, West Virginia",1222,680,481,199,75,124,542,434,108
ACSSF,2009e5,wv,000,0033,0002068,080,54,069,08000US540699082486452001600,"Census Tract 16 (part), Wheeling city (part), District 2, Ohio County, West Virginia",269,149,104,45,0,45,120,120,0
ACSSF,2009e5,wv,000,0033,0002069,080,54,069,08000US540699082486452002400,"Census Tract 24, Wheeling city (part), District 2, Ohio County, West Virginia",503,165,45,120,44,76,338,308,30
ACSSF,2009e5,wv,000,0033,0002070,080,54,069,08000US540699082486452002500,"Census Tract 25 (part), Wheeling city (part), District 2, Ohio County, West Virginia",31,23,15,8,8,0,8,8,0
ACSSF,2009e5,wv,000,0033,0002071,080,54,069,08000US540699082499999001300,"Census Tract 13 (part), District Remainder of 2, District 2, Ohio County, West Virginia",306,233,197,36,0,36,73,62,11
ACSSF,2009e5,wv,000,0033,0002072,080,54,069,08000US540699082499999001500,"Census Tract 15 (part), District Remainder of 2, District 2, Ohio County, West Virginia",8,8,8,0,0,0,0,0,0
ACSSF,2009e5,wv,000,0033,0002073,080,54,069,08000US540699082499999002000,"Census Tract 20 (part), District Remainder of 2, District 2, Ohio County, West Virginia",0,0,0,0,0,0,0,0,0
ACSSF,2009e5,wv,000,0033,0002074,080,54,069,08000US540699086206940001800,"Census Tract 18 (part), Bethlehem village, District 3, Ohio County, West Virginia",0,0,0,0,0,0,0,0,0
ACSSF,2009e5,wv,000,0033,0002075,080,54,069,08000US540699086206940001901,"Census Tract 19.01, Bethlehem village, District 3, Ohio County, West Virginia",1190,782,701,81,12,69,408,379,29
ACSSF,2009e5,wv,000,0033,0002076,080,54,069,08000US540699086286452001300,"Census Tract 13 (part), Wheeling city (part), District 3, Ohio County, West Virginia",286,179,137,42,0,42,107,107,0
ACSSF,2009e5,wv,000,0033,0002077,080,54,069,08000US540699086286452001400,"Census Tract 14 (part), Wheeling city (part), District 3, Ohio County, West Virginia",1374,627,492,135,10,125,747,728,19
ACSSF,2009e5,wv,000,0033,0002078,080,54,069,08000US540699086286452001600,"Census Tract 16 (part), Wheeling city (part), District 3, Ohio County, West Virginia",840,501,432,69,0,69,339,318,21
ACSSF,2009e5,wv,000,0033,0002079,080,54,069,08000US540699086286452001700,"Census Tract 17 (part), Wheeling city (part), District 3, Ohio County, West Virginia",449,322,279,43,5,38,127,90,37
ACSSF,2009e5,wv,000,0033,0002080,080,54,069,08000US540699086286452001800,"Census Tract 18 (part), Wheeling city (part), District 3, Ohio County, West Virginia",2018,1127,892,235,50,185,891,761,130
ACSSF,2009e5,wv,000,0033,0002081,080,54,069,08000US540699086286452002200,"Census Tract 22 (part), Wheeling city (part), District 3, Ohio County, West Virginia",0,0,0,0,0,0,0,0,0
ACSSF,2009e5,wv,000,0033,0002082,080,54,069,08000US540699086286452002500,"Census Tract 25 (part), Wheeling city (part), District 3, Ohio County, West Virginia",672,349,245,104,13,91,323,288,35
ACSSF,2009e5,wv,000,0033,0002083,080,54,069,08000US540699086299999001300,"Census Tract 13 (part), District Remainder of 3, District 3, Ohio County, West Virginia",32,21,9,12,0,12,11,11,0
ACSSF,2009e5,wv,000,0033,0002084,080,54,069,08000US540699086299999001600,"Census Tract 16 (part), District Remainder of 3, District 3, Ohio County, West Virginia",0,0,0,0,0,0,0,0,0
ACSSF,2009e5,wv,000,0033,0002085,080,54,069,08000US540699086299999001800,"Census Tract 18 (part), District Remainder of 3, District 3, Ohio County, West Virginia",295,207,187,20,0,20,88,88,0
ACSSF,2009e5,wv,000,0033,0002086,080,54,069,08000US540699086299999002000,"Census Tract 20 (part), District Remainder of 3, District 3, Ohio County, West Virginia",0,0,0,0,0,0,0,0,0
ACSSF,2009e5,wv,000,0033,0002087,080,54,071,08000US540719046229044970500,"Census Tract 9705 (part), Franklin town, Central district, Pendleton County, West Virginia",395,233,146,87,0,87,162,158,4
ACSSF,2009e5,wv,000,0033,0002088,080,54,071,08000US540719046299999970500,"Census Tract 9705 (part), Remainder of Central district, Central district, Pendleton County, West Virginia",878,585,504,81,24,57,293,247,46
ACSSF,2009e5,wv,000,0033,0002089,080,54,071,08000US540719046299999970600,"Census Tract 9706 (part), Remainder of Central district, Central district, Pendleton County, West Virginia",0,0,0,0,0,0,0,0,0
ACSSF,2009e5,wv,000,0033,0002090,080,54,071,08000US540719098799999970500,"Census Tract 9705 (part), Eastern district, Eastern district, Pendleton County, West Virginia",203,171,171,0,0,0,32,20,12
ACSSF,2009e5,wv,000,0033,0002091,080,54,071,08000US540719098799999970600,"Census Tract 9706 (part), Eastern district, Eastern district, Pendleton County, West Virginia",1163,686,526,160,36,124,477,443,34
ACSSF,2009e5,wv,000,0033,0002092,080,54,071,08000US540719361599999970400,"Census Tract 9704, Western district, Western district, Pendleton County, West Virginia",787,549,473,76,24,52,238,238,0
ACSSF,2009e5,wv,000,0033,0002093,080,54,071,08000US540719361599999970500,"Census Tract 9705 (part), Western district, Western district, Pendleton County, West Virginia",291,208,193,15,0,15,83,83,0
ACSSF,2009e5,wv,000,0033,0002094,080,54,073,08000US540739089206004962200,"Census Tract 9622 (part), Belmont city, District A, Pleasants County, West Virginia",364,195,149,46,10,36,169,159,10
ACSSF,2009e5,wv,000,0033,0002095,080,54,073,08000US540739089299999962200,"Census Tract 9622 (part), District Remainder of A, District A, Pleasants County, West Virginia",311,244,233,11,0,11,67,49,18
ACSSF,2009e5,wv,000,0033,0002096,080,54,073,08000US540739089499999962100,"Census Tract 9621 (part), District B, District B, Pleasants County, West Virginia",307,178,152,26,0,26,129,121,8
ACSSF,2009e5,wv,000,0033,0002097,080,54,073,08000US540739089499999962200,"Census Tract 9622 (part), District B, District B, Pleasants County, West Virginia",285,193,176,17,7,10,92,78,14
ACSSF,2009e5,wv,000,0033,0002098,080,54,073,08000US540739089671356962100,"Census Tract 9621 (part), St. Marys city (part), District C, Pleasants County, West Virginia",9,9,0,9,0,9,0,0,0
ACSSF,2009e5,wv,000,0033,0002099,080,54,073,08000US540739089671356962200,"Census Tract 9622 (part), St. Marys city (part), District C, Pleasants County, West Virginia",686,413,314,99,13,86,273,247,26
ACSSF,2009e5,wv,000,0033,0002100,080,54,073,08000US540739089699999962100,"Census Tract 9621 (part), District Remainder of C, District C, Pleasants County, West Virginia",43,36,36,0,0,0,7,7,0
ACSSF,2009e5,wv,000,0033,0002101,080,54,073,08000US540739089699999962200,"Census Tract 9622 (part), District Remainder of C, District C, Pleasants County, West Virginia",0,0,0,0,0,0,0,0,0
ACSSF,2009e5,wv,000,0033,0002102,080,54,073,08000US540739089871356962100,"Census Tract 9621 (part), St. Marys city (part), District D, Pleasants County, West Virginia",190,134,117,17,0,17,56,56,0
ACSSF,2009e5,wv,000,0033,0002103,080,54,073,08000US540739089899999962100,"Census Tract 9621 (part), District Remainder of D, District D, Pleasants County, West Virginia",402,330,291,39,9,30,72,61,11
ACSSF,2009e5,wv,000,0033,0002104,080,54,073,08000US540739089899999962200,"Census Tract 9622 (part), District Remainder of D, District D, Pleasants County, West Virginia",0,0,0,0,0,0,0,0,0
ACSSF,2009e5,wv,000,0033,0002105,080,54,075,08000US540759099651676960200,"Census Tract 9602 (part), Marlinton town (part), Edray district, Pocahontas County, West Virginia",563,301,170,131,46,85,262,221,41
ACSSF,2009e5,wv,000,0033,0002106,080,54,075,08000US540759099651676960300,"Census Tract 9603 (part), Marlinton town (part), Edray district, Pocahontas County, West Virginia",33,27,14,13,0,13,6,3,3
ACSSF,2009e5,wv,000,0033,0002107,080,54,075,08000US540759099699999960100,"Census Tract 9601 (part), Remainder of Edray district, Edray district, Pocahontas County, West Virginia",0,0,0,0,0,0,0,0,0
ACSSF,2009e5,wv,000,0033,0002108,080,54,075,08000US540759099699999960200,"Census Tract 9602 (part), Remainder of Edray district, Edray district, Pocahontas County, West Virginia",602,479,375,104,24,80,123,79,44
ACSSF,2009e5,wv,000,0033,0002109,080,54,075,08000US540759099699999960300,"Census Tract 9603 (part), Remainder of Edray district, Edray district, Pocahontas County, West Virginia",278,236,175,61,50,11,42,42,0
ACSSF,2009e5,wv,000,0033,0002110,080,54,075,08000US540759141622852960100,"Census Tract 9601 (part), Durbin town, Greenbank district, Pocahontas County, West Virginia",139,84,64,20,13,7,55,35,20
ACSSF,2009e5,wv,000,0033,0002111,080,54,075,08000US540759141699999960100,"Census Tract 9601 (part), Remainder of Greenbank district, Greenbank district, Pocahontas County, West Virginia",833,626,607,19,10,9,207,189,18
ACSSF,2009e5,wv,000,0033,0002112,080,54,075,08000US540759141699999960200,"Census Tract 9602 (part), Remainder of Greenbank district, Greenbank district, Pocahontas County, West Virginia",92,70,70,0,0,0,22,22,0
ACSSF,2009e5,wv,000,0033,0002113,080,54,075,08000US540759165651676960200,"Census Tract 9602 (part), Marlinton town (part), Huntersville district, Pocahontas County, West Virginia",14,12,6,6,0,6,2,2,0
ACSSF,2009e5,wv,000,0033,0002114,080,54,075,08000US540759165699999960100,"Census Tract 9601 (part), Remainder of Huntersville district, Huntersville district, Pocahontas County, West Virginia",13,0,0,0,0,0,13,0,13
ACSSF,2009e5,wv,000,0033,0002115,080,54,075,08000US540759165699999960200,"Census Tract 9602 (part), Remainder of Huntersville district, Huntersville district, Pocahontas County, West Virginia",460,288,288,0,0,0,172,172,0
ACSSF,2009e5,wv,000,0033,0002116,080,54,075,08000US540759165699999960300,"Census Tract 9603 (part), Remainder of Huntersville district, Huntersville district, Pocahontas County, West Virginia",5,5,5,0,0,0,0,0,0
ACSSF,2009e5,wv,000,0033,0002117,080,54,075,08000US540759194437372960300,"Census Tract 9603 (part), Hillsboro town, Little Levels district, Pocahontas County, West Virginia",111,65,57,8,0,8,46,46,0
ACSSF,2009e5,wv,000,0033,0002118,080,54,075,08000US540759194499999960200,"Census Tract 9602 (part), Remainder of Little Levels district, Little Levels district, Pocahontas County, West Virginia",9,9,9,0,0,0,0,0,0
ACSSF,2009e5,wv,000,0033,0002119,080,54,075,08000US540759194499999960300,"Census Tract 9603 (part), Remainder of Little Levels district, Little Levels district, Pocahontas County, West Virginia",448,324,268,56,11,45,124,118,6
ACSSF,2009e5,wv,000,0033,0002120,080,54,077,08000US540779109658300964400,"Census Tract 9644 (part), Newburg town (part), Fifth district, Preston County, West Virginia",110,78,66,12,7,5,32,32,0
ACSSF,2009e5,wv,000,0033,0002121,080,54,077,08000US540779109670588964500,"Census Tract 9645 (part), Rowlesburg town (part), Fifth district, Preston County, West Virginia",197,134,107,27,3,24,63,41,22
ACSSF,2009e5,wv,000,0033,0002122,080,54,077,08000US540779109681268964400,"Census Tract 9644 (part), Tunnelton town, Fifth district, Preston County, West Virginia",78,58,52,6,0,6,20,17,3
ACSSF,2009e5,wv,000,0033,0002123,080,54,077,08000US540779109681268964500,"Census Tract 9645 (part), Tunnelton town, Fifth district, Preston County, West Virginia",47,32,24,8,0,8,15,15,0
ACSSF,2009e5,wv,000,0033,0002124,080,54,077,08000US540779109699999964200,"Census Tract 9642 (part), Remainder of Fifth district, Fifth district, Preston County, West Virginia",484,374,300,74,0,74,110,96,14
ACSSF,2009e5,wv,000,0033,0002125,080,54,077,08000US540779109699999964300,"Census Tract 9643 (part), Remainder of Fifth district, Fifth district, Preston County, West Virginia",0,0,0,0,0,0,0,0,0
ACSSF,2009e5,wv,000,0033,0002126,080,54,077,08000US540779109699999964400,"Census Tract 9644 (part), Remainder of Fifth district, Fifth district, Preston County, West Virginia",473,326,310,16,8,8,147,134,13
ACSSF,2009e5,wv,000,0033,0002127,080,54,077,08000US540779109699999964500,"Census Tract 9645 (part), Remainder of Fifth district, Fifth district, Preston County, West Virginia",793,627,572,55,17,38,166,140,26
ACSSF,2009e5,wv,000,0033,0002128,080,54,077,08000US540779110010852963800,"Census Tract 9638 (part), Bruceton Mills town, First district, Preston County, West Virginia",38,28,14,14,7,7,10,10,0
ACSSF,2009e5,wv,000,0033,0002129,080,54,077,08000US540779110052228963900,"Census Tract 9639 (part), Masontown town, First district, Preston County, West Virginia",323,211,177,34,5,29,112,112,0
ACSSF,2009e5,wv,000,0033,0002130,080,54,077,08000US540779110067636963900,"Census Tract 9639 (part), Reedsville town, First district, Preston County, West Virginia",36,29,29,0,0,0,7,0,7
ACSSF,2009e5,wv,000,0033,0002131,080,54,077,08000US540779110067636964300,"Census Tract 9643 (part), Reedsville town, First district, Preston County, West Virginia",152,90,68,22,0,22,62,41,21
ACSSF,2009e5,wv,000,0033,0002132,080,54,077,08000US540779110099999963800,"Census Tract 9638 (part), Remainder of First district, First district, Preston County, West Virginia",372,256,234,22,0,22,116,100,16
ACSSF,2009e5,wv,000,0033,0002133,080,54,077,08000US540779110099999963900,"Census Tract 9639 (part), Remainder of First district, First district, Preston County, West Virginia",1028,742,602,140,8,132,286,168,118
ACSSF,2009e5,wv,000,0033,0002134,080,54,077,08000US540779110099999964300,"Census Tract 9643 (part), Remainder of First district, First district, Preston County, West Virginia",628,507,411,96,0,96,121,89,32
ACSSF,2009e5,wv,000,0033,0002135,080,54,077,08000US540779113400748964100,"Census Tract 9641 (part), Albright town, Fourth district, Preston County, West Virginia",121,79,74,5,0,5,42,21,21
ACSSF,2009e5,wv,000,0033,0002136,080,54,077,08000US540779113444044964000,"Census Tract 9640 (part), Kingwood city (part), Fourth district, Preston County, West Virginia",817,479,347,132,14,118,338,313,25
ACSSF,2009e5,wv,000,0033,0002137,080,54,077,08000US540779113470588964200,"Census Tract 9642 (part), Rowlesburg town (part), Fourth district, Preston County, West Virginia",52,32,32,0,0,0,20,8,12
ACSSF,2009e5,wv,000,0033,0002138,080,54,077,08000US540779113470588964500,"Census Tract 9645 (part), Rowlesburg town (part), Fourth district, Preston County, West Virginia",0,0,0,0,0,0,0,0,0
ACSSF,2009e5,wv,000,0033,0002139,080,54,077,08000US540779113479708964100,"Census Tract 9641 (part), Terra Alta town (part), Fourth district, Preston County, West Virginia",162,127,108,19,3,16,35,27,8
ACSSF,2009e5,wv,000,0033,0002140,080,54,077,08000US540779113479708964200,"Census Tract 9642 (part), Terra Alta town (part), Fourth district, Preston County, West Virginia",295,213,118,95,20,75,82,60,22
ACSSF,2009e5,wv,000,0033,0002141,080,54,077,08000US540779113499999964000,"Census Tract 9640 (part), Remainder of Fourth district, Fourth district, Preston County, West Virginia",141,58,58,0,0,0,83,83,0
ACSSF,2009e5,wv,000,0033,0002142,080,54,077,08000US540779113499999964100,"Census Tract 9641 (part), Remainder of Fourth district, Fourth district, Preston County, West Virginia",280,222,190,32,0,32,58,58,0
ACSSF,2009e5,wv,000,0033,0002143,080,54,077,08000US540779113499999964200,"Census Tract 9642 (part), Remainder of Fourth district, Fourth district, Preston County, West Virginia",666,443,317,126,22,104,223,180,43
ACSSF,2009e5,wv,000,0033,0002144,080,54,077,08000US540779113499999964300,"Census Tract 9643 (part), Remainder of Fourth district, Fourth district, Preston County, West Virginia",47,29,29,0,0,0,18,18,0
ACSSF,2009e5,wv,000,0033,0002145,080,54,077,08000US540779113499999964400,"Census Tract 9644 (part), Remainder of Fourth district, Fourth district, Preston County, West Virginia",0,0,0,0,0,0,0,0,0
ACSSF,2009e5,wv,000,0033,0002146,080,54,077,08000US540779274209844963800,"Census Tract 9638 (part), Brandonville town, Second district, Preston County, West Virginia",29,22,17,5,0,5,7,7,0
ACSSF,2009e5,wv,000,0033,0002147,080,54,077,08000US540779274279708964100,"Census Tract 9641 (part), Terra Alta town (part), Second district, Preston County, West Virginia",173,120,77,43,12,31,53,49,4
ACSSF,2009e5,wv,000,0033,0002148,080,54,077,08000US540779274279708964200,"Census Tract 9642 (part), Terra Alta town (part), Second district, Preston County, West Virginia",115,97,48,49,32,17,18,14,4
ACSSF,2009e5,wv,000,0033,0002149,080,54,077,08000US540779274299999963800,"Census Tract 9638 (part), Remainder of Second district, Second district, Preston County, West Virginia",1156,764,661,103,12,91,392,322,70
ACSSF,2009e5,wv,000,0033,0002150,080,54,077,08000US540779274299999964100,"Census Tract 9641 (part), Remainder of Second district, Second district, Preston County, West Virginia",725,570,499,71,8,63,155,133,22
ACSSF,2009e5,wv,000,0033,0002151,080,54,077,08000US540779274299999964200,"Census Tract 9642 (part), Remainder of Second district, Second district, Preston County, West Virginia",14,5,5,0,0,0,9,9,0
ACSSF,2009e5,wv,000,0033,0002152,080,54,077,08000US540779310244044964000,"Census Tract 9640 (part), Kingwood city (part), Third district, Preston County, West Virginia",559,416,309,107,32,75,143,106,37
ACSSF,2009e5,wv,000,0033,0002153,080,54,077,08000US540779310258300964400,"Census Tract 9644 (part), Newburg town (part), Third district, Preston County, West Virginia",81,50,45,5,5,0,31,23,8
ACSSF,2009e5,wv,000,0033,0002154,080,54,077,08000US540779310299999964000,"Census Tract 9640 (part), Remainder of Third district, Third district, Preston County, West Virginia",440,269,207,62,21,41,171,142,29
ACSSF,2009e5,wv,000,0033,0002155,080,54,077,08000US540779310299999964300,"Census Tract 9643 (part), Remainder of Third district, Third district, Preston County, West Virginia",840,612,480,132,43,89,228,192,36
ACSSF,2009e5,wv,000,0033,0002156,080,54,077,08000US540779310299999964400,"Census Tract 9644 (part), Remainder of Third district, Third district, Preston County, West Virginia",474,380,266,114,45,69,94,94,0
ACSSF,2009e5,wv,000,0033,0002157,080,54,079,08000US540799029211284020200,"Census Tract 202 (part), Buffalo town, Buffalo-Union district, Putnam County, West Virginia",544,388,296,92,56,36,156,129,27
ACSSF,2009e5,wv,000,0033,0002158,080,54,079,08000US540799029211284020300,"Census Tract 203 (part), Buffalo town, Buffalo-Union district, Putnam County, West Virginia",0,0,0,0,0,0,0,0,0
ACSSF,2009e5,wv,000,0033,0002159,080,54,079,08000US540799029219516020300,"Census Tract 203 (part), Culloden CDP (part), Buffalo-Union district, Putnam County, West Virginia",0,0,0,0,0,0,0,0,0
ACSSF,2009e5,wv,000,0033,0002160,080,54,079,08000US540799029224292020200,"Census Tract 202 (part), Eleanor town, Buffalo-Union district, Putnam County, West Virginia",660,451,353,98,35,63,209,196,13
ACSSF,2009e5,wv,000,0033,0002161,080,54,079,08000US540799029239532020300,"Census Tract 203 (part), Hurricane city (part), Buffalo-Union district, Putnam County, West Virginia",0,0,0,0,0,0,0,0,0
ACSSF,2009e5,wv,000,0033,0002162,080,54,079,08000US540799029299999020100,"Census Tract 201 (part), Remainder of Buffalo-Union district, Buffalo-Union district, Putnam County, West Virginia",1062,866,678,188,66,122,196,175,21
ACSSF,2009e5,wv,000,0033,0002163,080,54,079,08000US540799029299999020200,"Census Tract 202 (part), Remainder of Buffalo-Union district, Buffalo-Union district, Putnam County, West Virginia",886,759,632,127,36,91,127,80,47
ACSSF,2009e5,wv,000,0033,0002164,080,54,079,08000US540799029299999020300,"Census Tract 203 (part), Remainder of Buffalo-Union district, Buffalo-Union district, Putnam County, West Virginia",735,607,480,127,29,98,128,110,18
ACSSF,2009e5,wv,000,0033,0002165,080,54,079,08000US540799072019516020603,"Census Tract 206.03 (part), Culloden CDP (part), Curry district, Putnam County, West Virginia",93,61,35,26,0,26,32,32,0
ACSSF,2009e5,wv,000,0033,0002166,080,54,079,08000US540799072019516020700,"Census Tract 207 (part), Culloden CDP (part), Curry district, Putnam County, West Virginia",0,0,0,0,0,0,0,0,0
ACSSF,2009e5,wv,000,0033,0002167,080,54,079,08000US540799072039532020602,"Census Tract 206.02 (part), Hurricane city (part), Curry district, Putnam County, West Virginia",0,0,0,0,0,0,0,0,0
ACSSF,2009e5,wv,000,0033,0002168,080,54,079,08000US540799072039532020603,"Census Tract 206.03 (part), Hurricane city (part), Curry district, Putnam County, West Virginia",1697,1329,1130,199,38,161,368,368,0
ACSSF,2009e5,wv,000,0033,0002169,080,54,079,08000US540799072039532020700,"Census Tract 207 (part), Hurricane city (part), Curry district, Putnam County, West Virginia",118,77,66,11,11,0,41,41,0
ACSSF,2009e5,wv,000,0033,0002170,080,54,079,08000US540799072099999020603,"Census Tract 206.03 (part), Remainder of Curry district, Curry district, Putnam County, West Virginia",433,307,271,36,36,0,126,126,0
ACSSF,2009e5,wv,000,0033,0002171,080,54,079,08000US540799072099999020700,"Census Tract 207 (part), Remainder of Curry district, Curry district, Putnam County, West Virginia",1568,1265,1033,232,19,213,303,280,23
ACSSF,2009e5,wv,000,0033,0002172,080,54,079,08000US540799250804204020100,"Census Tract 201 (part), Bancroft town, Pocatalico district, Putnam County, West Virginia",116,60,49,11,0,11,56,43,13
ACSSF,2009e5,wv,000,0033,0002173,080,54,079,08000US540799250859068020500,"Census Tract 205 (part), Nitro city (part), Pocatalico district, Putnam County, West Virginia",589,436,278,158,49,109,153,114,39
ACSSF,2009e5,wv,000,0033,0002174,080,54,079,08000US540799250864516020100,"Census Tract 201 (part), Poca town (part), Pocatalico district, Putnam County, West Virginia",0,0,0,0,0,0,0,0,0
ACSSF,2009e5,wv,000,0033,0002175,080,54,079,08000US540799250864516020500,"Census Tract 205 (part), Poca town (part), Pocatalico district, Putnam County, West Virginia",461,350,253,97,22,75,111,89,22
ACSSF,2009e5,wv,000,0033,0002176,080,54,079,08000US540799250899999020100,"Census Tract 201 (part), Remainder of Pocatalico district, Pocatalico district, Putnam County, West Virginia",860,726,605,121,37,84,134,134,0
ACSSF,2009e5,wv,000,0033,0002177,080,54,079,08000US540799250899999020500,"Census Tract 205 (part), Remainder of Pocatalico district, Pocatalico district, Putnam County, West Virginia",1587,1083,864,219,70,149,504,494,10
ACSSF,2009e5,wv,000,0033,0002178,080,54,079,08000US540799273639532020300,"Census Tract 203 (part), Hurricane city (part), Scott district, Putnam County, West Virginia",0,0,0,0,0,0,0,0,0
ACSSF,2009e5,wv,000,0033,0002179,080,54,079,08000US540799273659068020400,"Census Tract 204 (part), Nitro city (part), Scott district, Putnam County, West Virginia",0,0,0,0,0,0,0,0,0
ACSSF,2009e5,wv,000,0033,0002180,080,54,079,08000US540799273659068020601,"Census Tract 206.01 (part), Nitro city (part), Scott district, Putnam County, West Virginia",0,0,0,0,0,0,0,0,0
ACSSF,2009e5,wv,000,0033,0002181,080,54,079,08000US540799273664516020400,"Census Tract 204 (part), Poca town (part), Scott district, Putnam County, West Virginia",0,0,0,0,0,0,0,0,0
ACSSF,2009e5,wv,000,0033,0002182,080,54,079,08000US540799273679545020300,"Census Tract 203 (part), Teays Valley CDP (part), Scott district, Putnam County, West Virginia",0,0,0,0,0,0,0,0,0
ACSSF,2009e5,wv,000,0033,0002183,080,54,079,08000US540799273679545020601,"Census Tract 206.01 (part), Teays Valley CDP (part), Scott district, Putnam County, West Virginia",973,677,627,50,30,20,296,241,55
ACSSF,2009e5,wv,000,0033,0002184,080,54,079,08000US540799273679545020603,"Census Tract 206.03 (part), Teays Valley CDP (part), Scott district, Putnam County, West Virginia",0,0,0,0,0,0,0,0,0
ACSSF,2009e5,wv,000,0033,0002185,080,54,079,08000US540799273687988020400,"Census Tract 204 (part), Winfield town, Scott district, Putnam County, West Virginia",863,633,541,92,23,69,230,187,43
ACSSF,2009e5,wv,000,0033,0002186,080,54,079,08000US540799273699999020300,"Census Tract 203 (part), Remainder of Scott district, Scott district, Putnam County, West Virginia",698,553,457,96,50,46,145,145,0
ACSSF,2009e5,wv,000,0033,0002187,080,54,079,08000US540799273699999020400,"Census Tract 204 (part), Remainder of Scott district, Scott district, Putnam County, West Virginia",1646,1159,1040,119,16,103,487,348,139
ACSSF,2009e5,wv,000,0033,0002188,080,54,079,08000US540799273699999020603,"Census Tract 206.03 (part), Remainder of Scott district, Scott district, Putnam County, West Virginia",145,95,81,14,14,0,50,37,13
ACSSF,2009e5,wv,000,0033,0002189,080,54,079,08000US540799309039532020602,"Census Tract 206.02 (part), Hurricane city (part), Teays district, Putnam County, West Virginia",482,325,314,11,11,0,157,119,38
ACSSF,2009e5,wv,000,0033,0002190,080,54,079,08000US540799309039532020603,"Census Tract 206.03 (part), Hurricane city (part), Teays district, Putnam County, West Virginia",30,21,21,0,0,0,9,0,9
ACSSF,2009e5,wv,000,0033,0002191,080,54,079,08000US540799309079545020601,"Census Tract 206.01 (part), Teays Valley CDP (part), Teays district, Putnam County, West Virginia",1211,776,651,125,38,87,435,435,0
ACSSF,2009e5,wv,000,0033,0002192,080,54,079,08000US540799309079545020602,"Census Tract 206.02 (part), Teays Valley CDP (part), Teays district, Putnam County, West Virginia",3249,2488,2078,410,148,262,761,652,109
ACSSF,2009e5,wv,000,0033,0002193,080,54,079,08000US540799309079545020603,"Census Tract 206.03 (part), Teays Valley CDP (part), Teays district, Putnam County, West Virginia",9,9,9,0,0,0,0,0,0
ACSSF,2009e5,wv,000,0033,0002194,080,54,079,08000US540799309099999020602,"Census Tract 206.02 (part), Remainder of Teays district, Teays district, Putnam County, West Virginia",139,139,105,34,34,0,0,0,0
ACSSF,2009e5,wv,000,0033,0002195,080,54,079,08000US540799309099999020603,"Census Tract 206.03 (part), Remainder of Teays district, Teays district, Putnam County, West Virginia",428,428,329,99,17,82,0,0,0
ACSSF,2009e5,wv,000,0033,0002196,080,54,079,08000US540799309099999020700,"Census Tract 207 (part), Remainder of Teays district, Teays district, Putnam County, West Virginia",0,0,0,0,0,0,0,0,0
ACSSF,2009e5,wv,000,0033,0002197,080,54,081,08000US540819079205332010600,"Census Tract 106 (part), Beckley city (part), District 1, Raleigh County, West Virginia",0,0,0,0,0,0,0,0,0
ACSSF,2009e5,wv,000,0033,0002198,080,54,081,08000US540819079205332010700,"Census Tract 107 (part), Beckley city (part), District 1, Raleigh County, West Virginia",0,0,0,0,0,0,0,0,0
ACSSF,2009e5,wv,000,0033,0002199,080,54,081,08000US540819079205332011300,"Census Tract 113 (part), Beckley city (part), District 1, Raleigh County, West Virginia",0,0,0,0,0,0,0,0,0
ACSSF,2009e5,wv,000,0033,0002200,080,54,081,08000US540819079216516010900,"Census Tract 109 (part), Coal City CDP, District 1, Raleigh County, West Virginia",724,546,441,105,45,60,178,178,0
ACSSF,2009e5,wv,000,0033,0002201,080,54,081,08000US540819079218508011001,"Census Tract 110.01 (part), Crab Orchard CDP, District 1, Raleigh County, West Virginia",1148,743,584,159,37,122,405,304,101
ACSSF,2009e5,wv,000,0033,0002202,080,54,081,08000US540819079218508011002,"Census Tract 110.02 (part), Crab Orchard CDP, District 1, Raleigh County, West Virginia",0,0,0,0,0,0,0,0,0
ACSSF,2009e5,wv,000,0033,0002203,080,54,081,08000US540819079246468011100,"Census Tract 111 (part), Lester town, District 1, Raleigh County, West Virginia",120,82,62,20,0,20,38,36,2
ACSSF,2009e5,wv,000,0033,0002204,080,54,081,08000US540819079249492010700,"Census Tract 107 (part), Mabscott town (part), District 1, Raleigh County, West Virginia",597,449,348,101,27,74,148,99,49
ACSSF,2009e5,wv,000,0033,0002205,080,54,081,08000US540819079249564010700,"Census Tract 107 (part), MacArthur CDP (part), District 1, Raleigh County, West Virginia",620,348,261,87,0,87,272,232,40
ACSSF,2009e5,wv,000,0033,0002206,080,54,081,08000US540819079267996010900,"Census Tract 109 (part), Rhodell town, District 1, Raleigh County, West Virginia",68,42,25,17,3,14,26,20,6
ACSSF,2009e5,wv,000,0033,0002207,080,54,081,08000US540819079275172011001,"Census Tract 110.01 (part), Sophia town, District 1, Raleigh County, West Virginia",14,8,8,0,0,0,6,6,0
ACSSF,2009e5,wv,000,0033,0002208,080,54,081,08000US540819079275172011002,"Census Tract 110.02 (part), Sophia town, District 1, Raleigh County, West Virginia",517,345,270,75,0,75,172,151,21
ACSSF,2009e5,wv,000,0033,0002209,080,54,081,08000US540819079299999010300,"Census Tract 103 (part), District Remainder of 1, District 1, Raleigh County, West Virginia",0,0,0,0,0,0,0,0,0
ACSSF,2009e5,wv,000,0033,0002210,080,54,081,08000US540819079299999010600,"Census Tract 106 (part), District Remainder of 1, District 1, Raleigh County, West Virginia",117,54,54,0,0,0,63,63,0
ACSSF,2009e5,wv,000,0033,0002211,080,54,081,08000US540819079299999010700,"Census Tract 107 (part), District Remainder of 1, District 1, Raleigh County, West Virginia",8,0,0,0,0,0,8,8,0
ACSSF,2009e5,wv,000,0033,0002212,080,54,081,08000US540819079299999010900,"Census Tract 109 (part), District Remainder of 1, District 1, Raleigh County, West Virginia",1588,1168,878,290,74,216,420,374,46
ACSSF,2009e5,wv,000,0033,0002213,080,54,081,08000US540819079299999011001,"Census Tract 110.01 (part), District Remainder of 1, District 1, Raleigh County, West Virginia",1009,773,570,203,0,203,236,179,57
ACSSF,2009e5,wv,000,0033,0002214,080,54,081,08000US540819079299999011002,"Census Tract 110.02 (part), District Remainder of 1, District 1, Raleigh County, West Virginia",876,553,408,145,19,126,323,306,17
ACSSF,2009e5,wv,000,0033,0002215,080,54,081,08000US540819079299999011100,"Census Tract 111 (part), District Remainder of 1, District 1, Raleigh County, West Virginia",1824,1410,1228,182,54,128,414,414,0
ACSSF,2009e5,wv,000,0033,0002216,080,54,081,08000US540819079299999011200,"Census Tract 112 (part), District Remainder of 1, District 1, Raleigh County, West Virginia",0,0,0,0,0,0,0,0,0
ACSSF,2009e5,wv,000,0033,0002217,080,54,081,08000US540819079299999011300,"Census Tract 113 (part), District Remainder of 1, District 1, Raleigh County, West Virginia",1126,715,489,226,143,83,411,303,108
ACSSF,2009e5,wv,000,0033,0002218,080,54,081,08000US540819082805332010200,"Census Tract 102 (part), Beckley city (part), District 2, Raleigh County, West Virginia",131,62,14,48,7,41,69,69,0
ACSSF,2009e5,wv,000,0033,0002219,080,54,081,08000US540819082805332010400,"Census Tract 104 (part), Beckley city (part), District 2, Raleigh County, West Virginia",594,351,224,127,11,116,243,182,61
ACSSF,2009e5,wv,000,0033,0002220,080,54,081,08000US540819082805332010500,"Census Tract 105 (part), Beckley city (part), District 2, Raleigh County, West Virginia",995,603,562,41,0,41,392,392,0
ACSSF,2009e5,wv,000,0033,0002221,080,54,081,08000US540819082805332010600,"Census Tract 106 (part), Beckley city (part), District 2, Raleigh County, West Virginia",1369,877,595,282,54,228,492,492,0
ACSSF,2009e5,wv,000,0033,0002222,080,54,081,08000US540819082805332011300,"Census Tract 113 (part), Beckley city (part), District 2, Raleigh County, West Virginia",0,0,0,0,0,0,0,0,0
ACSSF,2009e5,wv,000,0033,0002223,080,54,081,08000US540819082805332011400,"Census Tract 114 (part), Beckley city (part), District 2, Raleigh County, West Virginia",41,41,0,41,0,41,0,0,0
ACSSF,2009e5,wv,000,0033,0002224,080,54,081,08000US540819082805332011500,"Census Tract 115 (part), Beckley city (part), District 2, Raleigh County, West Virginia",81,51,25,26,0,26,30,30,0
ACSSF,2009e5,wv,000,0033,0002225,080,54,081,08000US540819082809676011400,"Census Tract 114 (part), Bradley CDP, District 2, Raleigh County, West Virginia",802,598,543,55,23,32,204,180,24
ACSSF,2009e5,wv,000,0033,0002226,080,54,081,08000US540819082863988011500,"Census Tract 115 (part), Piney View CDP, District 2, Raleigh County, West Virginia",404,297,187,110,47,63,107,84,23
ACSSF,2009e5,wv,000,0033,0002227,080,54,081,08000US540819082865836011400,"Census Tract 114 (part), Prosperity CDP, District 2, Raleigh County, West Virginia",631,351,165,186,59,127,280,238,42
ACSSF,2009e5,wv,000,0033,0002228,080,54,081,08000US540819082876444011500,"Census Tract 115 (part), Stanaford CDP (part), District 2, Raleigh County, West Virginia",445,278,201,77,43,34,167,167,0
ACSSF,2009e5,wv,000,0033,0002229,080,54,081,08000US540819082899999010400,"Census Tract 104 (part), District Remainder of 2, District 2, Raleigh County, West Virginia",124,43,20,23,0,23,81,81,0
ACSSF,2009e5,wv,000,0033,0002230,080,54,081,08000US540819082899999010500,"Census Tract 105 (part), District Remainder of 2, District 2, Raleigh County, West Virginia",1285,666,358,308,44,264,619,496,123
ACSSF,2009e5,wv,000,0033,0002231,080,54,081,08000US540819082899999010600,"Census Tract 106 (part), District Remainder of 2, District 2, Raleigh County, West Virginia",78,67,67,0,0,0,11,11,0
ACSSF,2009e5,wv,000,0033,0002232,080,54,081,08000US540819082899999011100,"Census Tract 111 (part), District Remainder of 2, District 2, Raleigh County, West Virginia",193,169,92,77,46,31,24,0,24
ACSSF,2009e5,wv,000,0033,0002233,080,54,081,08000US540819082899999011200,"Census Tract 112 (part), District Remainder of 2, District 2, Raleigh County, West Virginia",1806,1191,958,233,37,196,615,615,0
ACSSF,2009e5,wv,000,0033,0002234,080,54,081,08000US540819082899999011300,"Census Tract 113 (part), District Remainder of 2, District 2, Raleigh County, West Virginia",919,689,532,157,22,135,230,214,16
ACSSF,2009e5,wv,000,0033,0002235,080,54,081,08000US540819082899999011400,"Census Tract 114 (part), District Remainder of 2, District 2, Raleigh County, West Virginia",639,516,363,153,14,139,123,123,0
ACSSF,2009e5,wv,000,0033,0002236,080,54,081,08000US540819082899999011500,"Census Tract 115 (part), District Remainder of 2, District 2, Raleigh County, West Virginia",140,78,54,24,24,0,62,62,0
ACSSF,2009e5,wv,000,0033,0002237,080,54,081,08000US540819086405260010801,"Census Tract 108.01 (part), Beaver CDP, District 3, Raleigh County, West Virginia",749,433,270,163,93,70,316,316,0
ACSSF,2009e5,wv,000,0033,0002238,080,54,081,08000US540819086405332010200,"Census Tract 102 (part), Beckley city (part), District 3, Raleigh County, West Virginia",1233,771,331,440,241,199,462,373,89
ACSSF,2009e5,wv,000,0033,0002239,080,54,081,08000US540819086405332010300,"Census Tract 103 (part), Beckley city (part), District 3, Raleigh County, West Virginia",1370,745,504,241,46,195,625,555,70
ACSSF,2009e5,wv,000,0033,0002240,080,54,081,08000US540819086405332010400,"Census Tract 104 (part), Beckley city (part), District 3, Raleigh County, West Virginia",666,352,251,101,29,72,314,267,47
ACSSF,2009e5,wv,000,0033,0002241,080,54,081,08000US540819086405332010600,"Census Tract 106 (part), Beckley city (part), District 3, Raleigh County, West Virginia",378,173,122,51,17,34,205,195,10
ACSSF,2009e5,wv,000,0033,0002242,080,54,081,08000US540819086405332010700,"Census Tract 107 (part), Beckley city (part), District 3, Raleigh County, West Virginia",0,0,0,0,0,0,0,0,0
ACSSF,2009e5,wv,000,0033,0002243,080,54,081,08000US540819086405332011500,"Census Tract 115 (part), Beckley city (part), District 3, Raleigh County, West Virginia",286,286,276,10,0,10,0,0,0
ACSSF,2009e5,wv,000,0033,0002244,080,54,081,08000US540819086420164010801,"Census Tract 108.01 (part), Daniels CDP, District 3, Raleigh County, West Virginia",819,532,468,64,0,64,287,258,29
ACSSF,2009e5,wv,000,0033,0002245,080,54,081,08000US540819086449492010700,"Census Tract 107 (part), Mabscott town (part), District 3, Raleigh County, West Virginia",0,0,0,0,0,0,0,0,0
ACSSF,2009e5,wv,000,0033,0002246,080,54,081,08000US540819086449564010200,"Census Tract 102 (part), MacArthur CDP (part), District 3, Raleigh County, West Virginia",0,0,0,0,0,0,0,0,0
ACSSF,2009e5,wv,000,0033,0002247,080,54,081,08000US540819086449564010700,"Census Tract 107 (part), MacArthur CDP (part), District 3, Raleigh County, West Virginia",55,8,0,8,0,8,47,36,11
ACSSF,2009e5,wv,000,0033,0002248,080,54,081,08000US540819086473108010801,"Census Tract 108.01 (part), Shady Spring CDP, District 3, Raleigh County, West Virginia",1024,688,524,164,54,110,336,279,57
ACSSF,2009e5,wv,000,0033,0002249,080,54,081,08000US540819086476444011500,"Census Tract 115 (part), Stanaford CDP (part), District 3, Raleigh County, West Virginia",326,199,179,20,10,10,127,127,0
ACSSF,2009e5,wv,000,0033,0002250,080,54,081,08000US540819086499999010200,"Census Tract 102 (part), District Remainder of 3, District 3, Raleigh County, West Virginia",38,38,15,23,23,0,0,0,0
ACSSF,2009e5,wv,000,0033,0002251,080,54,081,08000US540819086499999010300,"Census Tract 103 (part), District Remainder of 3, District 3, Raleigh County, West Virginia",478,349,258,91,0,91,129,129,0
ACSSF,2009e5,wv,000,0033,0002252,080,54,081,08000US540819086499999010400,"Census Tract 104 (part), District Remainder of 3, District 3, Raleigh County, West Virginia",0,0,0,0,0,0,0,0,0
ACSSF,2009e5,wv,000,0033,0002253,080,54,081,08000US540819086499999010700,"Census Tract 107 (part), District Remainder of 3, District 3, Raleigh County, West Virginia",118,106,106,0,0,0,12,12,0
ACSSF,2009e5,wv,000,0033,0002254,080,54,081,08000US540819086499999010801,"Census Tract 108.01 (part), District Remainder of 3, District 3, Raleigh County, West Virginia",1608,1279,956,323,75,248,329,302,27
ACSSF,2009e5,wv,000,0033,0002255,080,54,081,08000US540819086499999010802,"Census Tract 108.02, District Remainder of 3, District 3, Raleigh County, West Virginia",1498,1090,866,224,80,144,408,383,25
ACSSF,2009e5,wv,000,0033,0002256,080,54,081,08000US540819086499999010900,"Census Tract 109 (part), District Remainder of 3, District 3, Raleigh County, West Virginia",188,127,127,0,0,0,61,61,0
ACSSF,2009e5,wv,000,0033,0002257,080,54,081,08000US540819086499999011001,"Census Tract 110.01 (part), District Remainder of 3, District 3, Raleigh County, West Virginia",0,0,0,0,0,0,0,0,0
ACSSF,2009e5,wv,000,0033,0002258,080,54,081,08000US540819086499999011002,"Census Tract 110.02 (part), District Remainder of 3, District 3, Raleigh County, West Virginia",15,15,15,0,0,0,0,0,0
ACSSF,2009e5,wv,000,0033,0002259,080,54,081,08000US540819086499999011500,"Census Tract 115 (part), District Remainder of 3, District 3, Raleigh County, West Virginia",339,220,93,127,14,113,119,119,0
ACSSF,2009e5,wv,000,0033,0002260,080,54,083,08000US540839015606988966400,"Census Tract 9664 (part), Beverly town, Beverly district, Randolph County, West Virginia",346,181,111,70,16,54,165,151,14
ACSSF,2009e5,wv,000,0033,0002261,080,54,083,08000US540839015624580966000,"Census Tract 9660 (part), Elkins city (part), Beverly district, Randolph County, West Virginia",0,0,0,0,0,0,0,0,0
ACSSF,2009e5,wv,000,0033,0002262,080,54,083,08000US540839015624580966400,"Census Tract 9664 (part), Elkins city (part), Beverly district, Randolph County, West Virginia",0,0,0,0,0,0,0,0,0
ACSSF,2009e5,wv,000,0033,0002263,080,54,083,08000US540839015699999965900,"Census Tract 9659 (part), Remainder of Beverly district, Beverly district, Randolph County, West Virginia",128,86,60,26,13,13,42,32,10
ACSSF,2009e5,wv,000,0033,0002264,080,54,083,08000US540839015699999966000,"Census Tract 9660 (part), Remainder of Beverly district, Beverly district, Randolph County, West Virginia",0,0,0,0,0,0,0,0,0
ACSSF,2009e5,wv,000,0033,0002265,080,54,083,08000US540839015699999966300,"Census Tract 9663 (part), Remainder of Beverly district, Beverly district, Randolph County, West Virginia",81,63,56,7,0,7,18,18,0
ACSSF,2009e5,wv,000,0033,0002266,080,54,083,08000US540839015699999966400,"Census Tract 9664 (part), Remainder of Beverly district, Beverly district, Randolph County, West Virginia",1277,905,599,306,105,201,372,350,22
ACSSF,2009e5,wv,000,0033,0002267,080,54,083,08000US540839015699999966500,"Census Tract 9665 (part), Remainder of Beverly district, Beverly district, Randolph County, West Virginia",30,17,17,0,0,0,13,13,0
ACSSF,2009e5,wv,000,0033,0002268,080,54,083,08000US540839093635092966300,"Census Tract 9663 (part), Harman town, Dry Fork district, Randolph County, West Virginia",69,43,7,36,4,32,26,26,0
ACSSF,2009e5,wv,000,0033,0002269,080,54,083,08000US540839093699999966300,"Census Tract 9663 (part), Remainder of Dry Fork district, Dry Fork district, Randolph County, West Virginia",668,517,473,44,9,35,151,151,0
ACSSF,2009e5,wv,000,0033,0002270,080,54,083,08000US540839093699999966500,"Census Tract 9665 (part), Remainder of Dry Fork district, Dry Fork district, Randolph County, West Virginia",0,0,0,0,0,0,0,0,0
ACSSF,2009e5,wv,000,0033,0002271,080,54,083,08000US540839166839628966500,"Census Tract 9665 (part), Huttonsville town, Huttonsville district, Randolph County, West Virginia",66,31,24,7,4,3,35,35,0
ACSSF,2009e5,wv,000,0033,0002272,080,54,083,08000US540839166854100966500,"Census Tract 9665 (part), Mill Creek town, Huttonsville district, Randolph County, West Virginia",300,187,154,33,3,30,113,113,0
ACSSF,2009e5,wv,000,0033,0002273,080,54,083,08000US540839166899999966500,"Census Tract 9665 (part), Remainder of Huttonsville district, Huttonsville district, Randolph County, West Virginia",540,425,413,12,12,0,115,106,9
ACSSF,2009e5,wv,000,0033,0002274,080,54,083,08000US540839182424580966000,"Census Tract 9660 (part), Elkins city (part), Leadsville district, Randolph County, West Virginia",1121,711,541,170,24,146,410,398,12
ACSSF,2009e5,wv,000,0033,0002275,080,54,083,08000US540839182424580966100,"Census Tract 9661 (part), Elkins city (part), Leadsville district, Randolph County, West Virginia",1542,766,525,241,37,204,776,624,152
ACSSF,2009e5,wv,000,0033,0002276,080,54,083,08000US540839182424580966200,"Census Tract 9662 (part), Elkins city (part), Leadsville district, Randolph County, West Virginia",257,166,138,28,14,14,91,79,12
ACSSF,2009e5,wv,000,0033,0002277,080,54,083,08000US540839182499999965900,"Census Tract 9659 (part), Remainder of Leadsville district, Leadsville district, Randolph County, West Virginia",55,29,15,14,14,0,26,26,0
ACSSF,2009e5,wv,000,0033,0002278,080,54,083,08000US540839182499999966000,"Census Tract 9660 (part), Remainder of Leadsville district, Leadsville district, Randolph County, West Virginia",640,269,185,84,7,77,371,324,47
ACSSF,2009e5,wv,000,0033,0002279,080,54,083,08000US540839182499999966100,"Census Tract 9661 (part), Remainder of Leadsville district, Leadsville district, Randolph County, West Virginia",21,0,0,0,0,0,21,21,0
ACSSF,2009e5,wv,000,0033,0002280,080,54,083,08000US540839182499999966200,"Census Tract 9662 (part), Remainder of Leadsville district, Leadsville district, Randolph County, West Virginia",1234,973,792,181,46,135,261,243,18
ACSSF,2009e5,wv,000,0033,0002281,080,54,083,08000US540839182499999966300,"Census Tract 9663 (part), Remainder of Leadsville district, Leadsville district, Randolph County, West Virginia",8,8,0,8,8,0,0,0,0
ACSSF,2009e5,wv,000,0033,0002282,080,54,083,08000US540839182499999966400,"Census Tract 9664 (part), Remainder of Leadsville district, Leadsville district, Randolph County, West Virginia",415,285,285,0,0,0,130,111,19
ACSSF,2009e5,wv,000,0033,0002283,080,54,083,08000US540839214899999965900,"Census Tract 9659 (part), Middle Fork district, Middle Fork district, Randolph County, West Virginia",236,171,137,34,18,16,65,9,56
ACSSF,2009e5,wv,000,0033,0002284,080,54,083,08000US540839214899999966500,"Census Tract 9665 (part), Middle Fork district, Middle Fork district, Randolph County, West Virginia",25,25,25,0,0,0,0,0,0
ACSSF,2009e5,wv,000,0033,0002285,080,54,083,08000US540839222099999965900,"Census Tract 9659 (part), Mingo district, Mingo district, Randolph County, West Virginia",14,14,14,0,0,0,0,0,0
ACSSF,2009e5,wv,000,0033,0002286,080,54,083,08000US540839222099999966500,"Census Tract 9665 (part), Mingo district, Mingo district, Randolph County, West Virginia",450,356,305,51,0,51,94,94,0
ACSSF,2009e5,wv,000,0033,0002287,080,54,083,08000US540839229255540966300,"Census Tract 9663 (part), Montrose town, New Interest district, Randolph County, West Virginia",44,32,15,17,3,14,12,12,0
ACSSF,2009e5,wv,000,0033,0002288,080,54,083,08000US540839229299999966200,"Census Tract 9662 (part), Remainder of New Interest district, New Interest district, Randolph County, West Virginia",111,89,89,0,0,0,22,22,0
ACSSF,2009e5,wv,000,0033,0002289,080,54,083,08000US540839229299999966300,"Census Tract 9663 (part), Remainder of New Interest district, New Interest district, Randolph County, West Virginia",292,219,205,14,0,14,73,57,16
ACSSF,2009e5,wv,000,0033,0002290,080,54,083,08000US540839264088324965900,"Census Tract 9659 (part), Womelsdorf (Coalton) town, Roaring Creek district, Randolph County, West Virginia",104,61,41,20,13,7,43,37,6
ACSSF,2009e5,wv,000,0033,0002291,080,54,083,08000US540839264099999965900,"Census Tract 9659 (part), Remainder of Roaring Creek district, Roaring Creek district, Randolph County, West Virginia",525,409,402,7,7,0,116,97,19
ACSSF,2009e5,wv,000,0033,0002292,080,54,083,08000US540839264099999966000,"Census Tract 9660 (part), Remainder of Roaring Creek district, Roaring Creek district, Randolph County, West Virginia",0,0,0,0,0,0,0,0,0
ACSSF,2009e5,wv,000,0033,0002293,080,54,083,08000US540839342099999965900,"Census Tract 9659 (part), Valley Bend district, Valley Bend district, Randolph County, West Virginia",254,209,193,16,0,16,45,27,18
ACSSF,2009e5,wv,000,0033,0002294,080,54,083,08000US540839342099999966300,"Census Tract 9663 (part), Valley Bend district, Valley Bend district, Randolph County, West Virginia",0,0,0,0,0,0,0,0,0
ACSSF,2009e5,wv,000,0033,0002295,080,54,083,08000US540839342099999966400,"Census Tract 9664 (part), Valley Bend district, Valley Bend district, Randolph County, West Virginia",327,266,193,73,27,46,61,61,0
ACSSF,2009e5,wv,000,0033,0002296,080,54,083,08000US540839342099999966500,"Census Tract 9665 (part), Valley Bend district, Valley Bend district, Randolph County, West Virginia",81,71,71,0,0,0,10,10,0
ACSSF,2009e5,wv,000,0033,0002297,080,54,085,08000US540859055224844962300,"Census Tract 9623 (part), Ellenboro town, Clay district, Ritchie County, West Virginia",168,139,111,28,2,26,29,29,0
ACSSF,2009e5,wv,000,0033,0002298,080,54,085,08000US540859055224844962500,"Census Tract 9625 (part), Ellenboro town, Clay district, Ritchie County, West Virginia",0,0,0,0,0,0,0,0,0
ACSSF,2009e5,wv,000,0033,0002299,080,54,085,08000US540859055235428962500,"Census Tract 9625 (part), Harrisville town (part), Clay district, Ritchie County, West Virginia",0,0,0,0,0,0,0,0,0
ACSSF,2009e5,wv,000,0033,0002300,080,54,085,08000US540859055262764962300,"Census Tract 9623 (part), Pennsboro city, Clay district, Ritchie County, West Virginia",555,377,264,113,16,97,178,160,18
ACSSF,2009e5,wv,000,0033,0002301,080,54,085,08000US540859055299999962300,"Census Tract 9623 (part), Remainder of Clay district, Clay district, Ritchie County, West Virginia",760,528,462,66,17,49,232,176,56
ACSSF,2009e5,wv,000,0033,0002302,080,54,085,08000US540859055299999962500,"Census Tract 9625 (part), Remainder of Clay district, Clay district, Ritchie County, West Virginia",5,5,5,0,0,0,0,0,0
ACSSF,2009e5,wv,000,0033,0002303,080,54,085,08000US540859138012124962400,"Census Tract 9624 (part), Cairo town, Grant district, Ritchie County, West Virginia",101,66,46,20,10,10,35,28,7
ACSSF,2009e5,wv,000,0033,0002304,080,54,085,08000US540859138099999962300,"Census Tract 9623 (part), Remainder of Grant district, Grant district, Ritchie County, West Virginia",119,88,55,33,33,0,31,31,0
ACSSF,2009e5,wv,000,0033,0002305,080,54,085,08000US540859138099999962400,"Census Tract 9624 (part), Remainder of Grant district, Grant district, Ritchie County, West Virginia",518,379,369,10,0,10,139,120,19
ACSSF,2009e5,wv,000,0033,0002306,080,54,085,08000US540859138099999962500,"Census Tract 9625 (part), Remainder of Grant district, Grant district, Ritchie County, West Virginia",0,0,0,0,0,0,0,0,0
ACSSF,2009e5,wv,000,0033,0002307,080,54,085,08000US540859224499999962400,"Census Tract 9624 (part), Murphy district, Murphy district, Ritchie County, West Virginia",458,316,206,110,16,94,142,72,70
ACSSF,2009e5,wv,000,0033,0002308,080,54,085,08000US540859224499999962500,"Census Tract 9625 (part), Murphy district, Murphy district, Ritchie County, West Virginia",19,19,19,0,0,0,0,0,0
ACSSF,2009e5,wv,000,0033,0002309,080,54,085,08000US540859333603364962500,"Census Tract 9625 (part), Auburn town, Union district, Ritchie County, West Virginia",35,24,23,1,0,1,11,11,0
ACSSF,2009e5,wv,000,0033,0002310,080,54,085,08000US540859333635428962500,"Census Tract 9625 (part), Harrisville town (part), Union district, Ritchie County, West Virginia",907,656,456,200,71,129,251,228,23
ACSSF,2009e5,wv,000,0033,0002311,080,54,085,08000US540859333665956962300,"Census Tract 9623 (part), Pullman town, Union district, Ritchie County, West Virginia",62,57,46,11,7,4,5,5,0
ACSSF,2009e5,wv,000,0033,0002312,080,54,085,08000US540859333665956962500,"Census Tract 9625 (part), Pullman town, Union district, Ritchie County, West Virginia",4,2,2,0,0,0,2,2,0
ACSSF,2009e5,wv,000,0033,0002313,080,54,085,08000US540859333699999962300,"Census Tract 9623 (part), Remainder of Union district, Union district, Ritchie County, West Virginia",62,30,30,0,0,0,32,32,0
ACSSF,2009e5,wv,000,0033,0002314,080,54,085,08000US540859333699999962400,"Census Tract 9624 (part), Remainder of Union district, Union district, Ritchie County, West Virginia",60,55,55,0,0,0,5,5,0
ACSSF,2009e5,wv,000,0033,0002315,080,54,085,08000US540859333699999962500,"Census Tract 9625 (part), Remainder of Union district, Union district, Ritchie County, West Virginia",259,192,146,46,38,8,67,7,60
ACSSF,2009e5,wv,000,0033,0002316,080,54,087,08000US540879079367660962800,"Census Tract 9628 (part), Reedy town, District I, Roane County, West Virginia",49,29,18,11,4,7,20,19,1
ACSSF,2009e5,wv,000,0033,0002317,080,54,087,08000US540879079375820963000,"Census Tract 9630 (part), Spencer city (part), District I, Roane County, West Virginia",286,167,145,22,22,0,119,119,0
ACSSF,2009e5,wv,000,0033,0002318,080,54,087,08000US540879079399999962800,"Census Tract 9628 (part), District Remainder of I, District I, Roane County, West Virginia",449,285,202,83,18,65,164,93,71
ACSSF,2009e5,wv,000,0033,0002319,080,54,087,08000US540879079399999962900,"Census Tract 9629 (part), District Remainder of I, District I, Roane County, West Virginia",723,540,508,32,16,16,183,142,41
ACSSF,2009e5,wv,000,0033,0002320,080,54,087,08000US540879079399999963000,"Census Tract 9630 (part), District Remainder of I, District I, Roane County, West Virginia",528,214,160,54,0,54,314,296,18
ACSSF,2009e5,wv,000,0033,0002321,080,54,087,08000US540879082975820963000,"Census Tract 9630 (part), Spencer city (part), District II, Roane County, West Virginia",768,400,238,162,42,120,368,354,14
ACSSF,2009e5,wv,000,0033,0002322,080,54,087,08000US540879082999999962800,"Census Tract 9628 (part), District Remainder of II, District II, Roane County, West Virginia",565,424,355,69,0,69,141,141,0
ACSSF,2009e5,wv,000,0033,0002323,080,54,087,08000US540879082999999962900,"Census Tract 9629 (part), District Remainder of II, District II, Roane County, West Virginia",173,96,79,17,0,17,77,49,28
ACSSF,2009e5,wv,000,0033,0002324,080,54,087,08000US540879082999999963000,"Census Tract 9630 (part), District Remainder of II, District II, Roane County, West Virginia",224,165,158,7,7,0,59,59,0
ACSSF,2009e5,wv,000,0033,0002325,080,54,087,08000US540879082999999963100,"Census Tract 9631 (part), District Remainder of II, District II, Roane County, West Virginia",240,132,132,0,0,0,108,90,18
ACSSF,2009e5,wv,000,0033,0002326,080,54,087,08000US540879086599999962900,"Census Tract 9629 (part), District III, District III, Roane County, West Virginia",742,430,390,40,0,40,312,285,27
ACSSF,2009e5,wv,000,0033,0002327,080,54,087,08000US540879086599999963100,"Census Tract 9631 (part), District III, District III, Roane County, West Virginia",1402,1125,840,285,102,183,277,241,36
ACSSF,2009e5,wv,000,0033,0002328,080,54,089,08000US540899021637636950500,"Census Tract 9505 (part), Hinton city (part), Bluestone River district, Summers County, West Virginia",196,97,57,40,0,40,99,99,0
ACSSF,2009e5,wv,000,0033,0002329,080,54,089,08000US540899021637636950600,"Census Tract 9506 (part), Hinton city (part), Bluestone River district, Summers County, West Virginia",32,0,0,0,0,0,32,32,0
ACSSF,2009e5,wv,000,0033,0002330,080,54,089,08000US540899021637636950700,"Census Tract 9507 (part), Hinton city (part), Bluestone River district, Summers County, West Virginia",214,102,42,60,10,50,112,112,0
ACSSF,2009e5,wv,000,0033,0002331,080,54,089,08000US540899021637636950800,"Census Tract 9508 (part), Hinton city (part), Bluestone River district, Summers County, West Virginia",0,0,0,0,0,0,0,0,0
ACSSF,2009e5,wv,000,0033,0002332,080,54,089,08000US540899021699999950500,"Census Tract 9505 (part), Remainder of Bluestone River district, Bluestone River district, Summers County, West Virginia",15,15,15,0,0,0,0,0,0
ACSSF,2009e5,wv,000,0033,0002333,080,54,089,08000US540899021699999950600,"Census Tract 9506 (part), Remainder of Bluestone River district, Bluestone River district, Summers County, West Virginia",61,0,0,0,0,0,61,61,0
ACSSF,2009e5,wv,000,0033,0002334,080,54,089,08000US540899021699999950700,"Census Tract 9507 (part), Remainder of Bluestone River district, Bluestone River district, Summers County, West Virginia",0,0,0,0,0,0,0,0,0
ACSSF,2009e5,wv,000,0033,0002335,080,54,089,08000US540899021699999950800,"Census Tract 9508 (part), Remainder of Bluestone River district, Bluestone River district, Summers County, West Virginia",1507,973,741,232,56,176,534,445,89
ACSSF,2009e5,wv,000,0033,0002336,080,54,089,08000US540899144037636950600,"Census Tract 9506 (part), Hinton city (part), Greenbrier River district, Summers County, West Virginia",85,33,33,0,0,0,52,27,25
ACSSF,2009e5,wv,000,0033,0002337,080,54,089,08000US540899144037636950700,"Census Tract 9507 (part), Hinton city (part), Greenbrier River district, Summers County, West Virginia",379,221,173,48,6,42,158,138,20
ACSSF,2009e5,wv,000,0033,0002338,080,54,089,08000US540899144037636950800,"Census Tract 9508 (part), Hinton city (part), Greenbrier River district, Summers County, West Virginia",0,0,0,0,0,0,0,0,0
ACSSF,2009e5,wv,000,0033,0002339,080,54,089,08000US540899144099999950500,"Census Tract 9505 (part), Remainder of Greenbrier River district, Greenbrier River district, Summers County, West Virginia",0,0,0,0,0,0,0,0,0
ACSSF,2009e5,wv,000,0033,0002340,080,54,089,08000US540899144099999950600,"Census Tract 9506 (part), Remainder of Greenbrier River district, Greenbrier River district, Summers County, West Virginia",1263,863,747,116,50,66,400,367,33
ACSSF,2009e5,wv,000,0033,0002341,080,54,089,08000US540899144099999950700,"Census Tract 9507 (part), Remainder of Greenbrier River district, Greenbrier River district, Summers County, West Virginia",0,0,0,0,0,0,0,0,0
ACSSF,2009e5,wv,000,0033,0002342,080,54,089,08000US540899231637636950500,"Census Tract 9505 (part), Hinton city (part), New River district, Summers County, West Virginia",146,99,65,34,20,14,47,39,8
ACSSF,2009e5,wv,000,0033,0002343,080,54,089,08000US540899231637636950700,"Census Tract 9507 (part), Hinton city (part), New River district, Summers County, West Virginia",82,40,19,21,0,21,42,42,0
ACSSF,2009e5,wv,000,0033,0002344,080,54,089,08000US540899231699999950500,"Census Tract 9505 (part), Remainder of New River district, New River district, Summers County, West Virginia",833,531,381,150,26,124,302,296,6
ACSSF,2009e5,wv,000,0033,0002345,080,54,089,08000US540899231699999950600,"Census Tract 9506 (part), Remainder of New River district, New River district, Summers County, West Virginia",388,268,194,74,54,20,120,97,23
ACSSF,2009e5,wv,000,0033,0002346,080,54,091,08000US540919099332716964600,"Census Tract 9646 (part), Grafton city (part), Eastern district, Taylor County, West Virginia",822,524,259,265,62,203,298,298,0
ACSSF,2009e5,wv,000,0033,0002347,080,54,091,08000US540919099332716964900,"Census Tract 9649 (part), Grafton city (part), Eastern district, Taylor County, West Virginia",0,0,0,0,0,0,0,0,0
ACSSF,2009e5,wv,000,0033,0002348,080,54,091,08000US540919099399999964600,"Census Tract 9646 (part), Remainder of Eastern district, Eastern district, Taylor County, West Virginia",872,674,610,64,27,37,198,163,35
ACSSF,2009e5,wv,000,0033,0002349,080,54,091,08000US540919099399999964800,"Census Tract 9648 (part), Remainder of Eastern district, Eastern district, Taylor County, West Virginia",0,0,0,0,0,0,0,0,0
ACSSF,2009e5,wv,000,0033,0002350,080,54,091,08000US540919099399999964900,"Census Tract 9649 (part), Remainder of Eastern district, Eastern district, Taylor County, West Virginia",473,418,368,50,11,39,55,55,0
ACSSF,2009e5,wv,000,0033,0002351,080,54,091,08000US540919317532716964600,"Census Tract 9646 (part), Grafton city (part), Tygart district, Taylor County, West Virginia",601,312,143,169,17,152,289,273,16
ACSSF,2009e5,wv,000,0033,0002352,080,54,091,08000US540919317532716964800,"Census Tract 9648 (part), Grafton city (part), Tygart district, Taylor County, West Virginia",578,356,277,79,0,79,222,180,42
ACSSF,2009e5,wv,000,0033,0002353,080,54,091,08000US540919317532716964900,"Census Tract 9649 (part), Grafton city (part), Tygart district, Taylor County, West Virginia",196,168,64,104,39,65,28,15,13
ACSSF,2009e5,wv,000,0033,0002354,080,54,091,08000US540919317599999964800,"Census Tract 9648 (part), Remainder of Tygart district, Tygart district, Taylor County, West Virginia",344,208,201,7,0,7,136,136,0
ACSSF,2009e5,wv,000,0033,0002355,080,54,091,08000US540919317599999964900,"Census Tract 9649 (part), Remainder of Tygart district, Tygart district, Taylor County, West Virginia",0,0,0,0,0,0,0,0,0
ACSSF,2009e5,wv,000,0033,0002356,080,54,091,08000US540919362127940964800,"Census Tract 9648 (part), Flemington town, Western district, Taylor County, West Virginia",110,95,66,29,12,17,15,15,0
ACSSF,2009e5,wv,000,0033,0002357,080,54,091,08000US540919362199999964700,"Census Tract 9647, Remainder of Western district, Western district, Taylor County, West Virginia",1585,1163,1041,122,17,105,422,376,46
ACSSF,2009e5,wv,000,0033,0002358,080,54,091,08000US540919362199999964800,"Census Tract 9648 (part), Remainder of Western district, Western district, Taylor County, West Virginia",721,539,359,180,93,87,182,182,0
ACSSF,2009e5,wv,000,0033,0002359,080,54,093,08000US540939019234492965300,"Census Tract 9653 (part), Hambleton town, Black Fork district, Tucker County, West Virginia",115,76,70,6,6,0,39,24,15
ACSSF,2009e5,wv,000,0033,0002360,080,54,093,08000US540939019234492965400,"Census Tract 9654 (part), Hambleton town, Black Fork district, Tucker County, West Virginia",0,0,0,0,0,0,0,0,0
ACSSF,2009e5,wv,000,0033,0002361,080,54,093,08000US540939019236460965300,"Census Tract 9653 (part), Hendricks town, Black Fork district, Tucker County, West Virginia",136,97,83,14,4,10,39,27,12
ACSSF,2009e5,wv,000,0033,0002362,080,54,093,08000US540939019262284965400,"Census Tract 9654 (part), Parsons city, Black Fork district, Tucker County, West Virginia",689,485,368,117,32,85,204,181,23
ACSSF,2009e5,wv,000,0033,0002363,080,54,093,08000US540939019299999965200,"Census Tract 9652 (part), Remainder of Black Fork district, Black Fork district, Tucker County, West Virginia",0,0,0,0,0,0,0,0,0
ACSSF,2009e5,wv,000,0033,0002364,080,54,093,08000US540939019299999965300,"Census Tract 9653 (part), Remainder of Black Fork district, Black Fork district, Tucker County, West Virginia",26,26,14,12,12,0,0,0,0
ACSSF,2009e5,wv,000,0033,0002365,080,54,093,08000US540939019299999965400,"Census Tract 9654 (part), Remainder of Black Fork district, Black Fork district, Tucker County, West Virginia",615,425,352,73,49,24,190,143,47
ACSSF,2009e5,wv,000,0033,0002366,080,54,093,08000US540939062499999965200,"Census Tract 9652 (part), Clover district, Clover district, Tucker County, West Virginia",69,54,54,0,0,0,15,15,0
ACSSF,2009e5,wv,000,0033,0002367,080,54,093,08000US540939062499999965400,"Census Tract 9654 (part), Clover district, Clover district, Tucker County, West Virginia",0,0,0,0,0,0,0,0,0
ACSSF,2009e5,wv,000,0033,0002368,080,54,093,08000US540939074420428965300,"Census Tract 9653 (part), Davis town, Davis district, Tucker County, West Virginia",250,141,92,49,10,39,109,104,5
ACSSF,2009e5,wv,000,0033,0002369,080,54,093,08000US540939074480020965300,"Census Tract 9653 (part), Thomas city (part), Davis district, Tucker County, West Virginia",0,0,0,0,0,0,0,0,0
ACSSF,2009e5,wv,000,0033,0002370,080,54,093,08000US540939074499999965300,"Census Tract 9653 (part), Remainder of Davis district, Davis district, Tucker County, West Virginia",15,0,0,0,0,0,15,15,0
ACSSF,2009e5,wv,000,0033,0002371,080,54,093,08000US540939094899999965300,"Census Tract 9653 (part), Dry Fork district, Dry Fork district, Tucker County, West Virginia",323,225,213,12,0,12,98,71,27
ACSSF,2009e5,wv,000,0033,0002372,080,54,093,08000US540939105680020965200,"Census Tract 9652 (part), Thomas city (part), Fairfax district, Tucker County, West Virginia",215,138,102,36,10,26,77,73,4
ACSSF,2009e5,wv,000,0033,0002373,080,54,093,08000US540939105680020965300,"Census Tract 9653 (part), Thomas city (part), Fairfax district, Tucker County, West Virginia",0,0,0,0,0,0,0,0,0
ACSSF,2009e5,wv,000,0033,0002374,080,54,093,08000US540939105699999965200,"Census Tract 9652 (part), Remainder of Fairfax district, Fairfax district, Tucker County, West Virginia",98,86,86,0,0,0,12,12,0
ACSSF,2009e5,wv,000,0033,0002375,080,54,093,08000US540939105699999965300,"Census Tract 9653 (part), Remainder of Fairfax district, Fairfax district, Tucker County, West Virginia",0,0,0,0,0,0,0,0,0
ACSSF,2009e5,wv,000,0033,0002376,080,54,093,08000US540939105699999965400,"Census Tract 9654 (part), Remainder of Fairfax district, Fairfax district, Tucker County, West Virginia",0,0,0,0,0,0,0,0,0
ACSSF,2009e5,wv,000,0033,0002377,080,54,093,08000US540939189699999965200,"Census Tract 9652 (part), Licking district, Licking district, Tucker County, West Virginia",65,43,43,0,0,0,22,22,0
ACSSF,2009e5,wv,000,0033,0002378,080,54,093,08000US540939268899999965200,"Census Tract 9652 (part), St. George district, St. George district, Tucker County, West Virginia",331,175,134,41,27,14,156,143,13
ACSSF,2009e5,wv,000,0033,0002379,080,54,093,08000US540939268899999965400,"Census Tract 9654 (part), St. George district, St. George district, Tucker County, West Virginia",54,44,44,0,0,0,10,10,0
ACSSF,2009e5,wv,000,0033,0002380,080,54,095,08000US540959046929404961900,"Census Tract 9619 (part), Friendly town, Central district, Tyler County, West Virginia",44,39,37,2,0,2,5,5,0
ACSSF,2009e5,wv,000,0033,0002381,080,54,095,08000US540959046953572961900,"Census Tract 9619 (part), Middlebourne town, Central district, Tyler County, West Virginia",428,261,179,82,25,57,167,160,7
ACSSF,2009e5,wv,000,0033,0002382,080,54,095,08000US540959046999999961800,"Census Tract 9618 (part), Remainder of Central district, Central district, Tyler County, West Virginia",0,0,0,0,0,0,0,0,0
ACSSF,2009e5,wv,000,0033,0002383,080,54,095,08000US540959046999999961900,"Census Tract 9619 (part), Remainder of Central district, Central district, Tyler County, West Virginia",552,378,346,32,0,32,174,165,9
ACSSF,2009e5,wv,000,0033,0002384,080,54,095,08000US540959046999999962000,"Census Tract 9620 (part), Remainder of Central district, Central district, Tyler County, West Virginia",0,0,0,0,0,0,0,0,0
ACSSF,2009e5,wv,000,0033,0002385,080,54,095,08000US540959233461636961800,"Census Tract 9618 (part), Paden City city (part), North district, Tyler County, West Virginia",374,243,197,46,24,22,131,113,18
ACSSF,2009e5,wv,000,0033,0002386,080,54,095,08000US540959233499999961800,"Census Tract 9618 (part), Remainder of North district, North district, Tyler County, West Virginia",75,36,36,0,0,0,39,11,28
ACSSF,2009e5,wv,000,0033,0002387,080,54,095,08000US540959233499999961900,"Census Tract 9619 (part), Remainder of North district, North district, Tyler County, West Virginia",394,301,188,113,11,102,93,72,21
ACSSF,2009e5,wv,000,0033,0002388,080,54,095,08000US540959233499999962000,"Census Tract 9620 (part), Remainder of North district, North district, Tyler County, West Virginia",6,6,6,0,0,0,0,0,0
ACSSF,2009e5,wv,000,0033,0002389,080,54,095,08000US540959289899999961900,"Census Tract 9619 (part), South district, South district, Tyler County, West Virginia",87,59,50,9,9,0,28,17,11
ACSSF,2009e5,wv,000,0033,0002390,080,54,095,08000US540959289899999962000,"Census Tract 9620 (part), South district, South district, Tyler County, West Virginia",820,661,526,135,91,44,159,133,26
ACSSF,2009e5,wv,000,0033,0002391,080,54,095,08000US540959359274380961800,"Census Tract 9618 (part), Sistersville city, West district, Tyler County, West Virginia",700,435,342,93,8,85,265,225,40
ACSSF,2009e5,wv,000,0033,0002392,080,54,095,08000US540959359299999961800,"Census Tract 9618 (part), Remainder of West district, West district, Tyler County, West Virginia",284,181,170,11,0,11,103,73,30
ACSSF,2009e5,wv,000,0033,0002393,080,54,095,08000US540959359299999961900,"Census Tract 9619 (part), Remainder of West district, West district, Tyler County, West Virginia",25,25,25,0,0,0,0,0,0
ACSSF,2009e5,wv,000,0033,0002394,080,54,097,08000US540979110211188966600,"Census Tract 9666 (part), Buckhannon city (part), First district, Upshur County, West Virginia",8,0,0,0,0,0,8,8,0
ACSSF,2009e5,wv,000,0033,0002395,080,54,097,08000US540979110211188966700,"Census Tract 9667 (part), Buckhannon city (part), First district, Upshur County, West Virginia",1039,596,474,122,14,108,443,379,64
ACSSF,2009e5,wv,000,0033,0002396,080,54,097,08000US540979110211188966800,"Census Tract 9668 (part), Buckhannon city (part), First district, Upshur County, West Virginia",501,176,132,44,0,44,325,250,75
ACSSF,2009e5,wv,000,0033,0002397,080,54,097,08000US540979110211188966900,"Census Tract 9669 (part), Buckhannon city (part), First district, Upshur County, West Virginia",432,276,171,105,10,95,156,156,0
ACSSF,2009e5,wv,000,0033,0002398,080,54,097,08000US540979110299999966600,"Census Tract 9666 (part), Remainder of First district, First district, Upshur County, West Virginia",822,670,502,168,102,66,152,152,0
ACSSF,2009e5,wv,000,0033,0002399,080,54,097,08000US540979110299999966700,"Census Tract 9667 (part), Remainder of First district, First district, Upshur County, West Virginia",0,0,0,0,0,0,0,0,0
ACSSF,2009e5,wv,000,0033,0002400,080,54,097,08000US540979110299999966800,"Census Tract 9668 (part), Remainder of First district, First district, Upshur County, West Virginia",94,65,58,7,7,0,29,29,0
ACSSF,2009e5,wv,000,0033,0002401,080,54,097,08000US540979110299999966900,"Census Tract 9669 (part), Remainder of First district, First district, Upshur County, West Virginia",0,0,0,0,0,0,0,0,0
ACSSF,2009e5,wv,000,0033,0002402,080,54,097,08000US540979274511188966800,"Census Tract 9668 (part), Buckhannon city (part), Second district, Upshur County, West Virginia",11,11,0,11,0,11,0,0,0
ACSSF,2009e5,wv,000,0033,0002403,080,54,097,08000US540979274599999966600,"Census Tract 9666 (part), Remainder of Second district, Second district, Upshur County, West Virginia",827,681,639,42,0,42,146,130,16
ACSSF,2009e5,wv,000,0033,0002404,080,54,097,08000US540979274599999966700,"Census Tract 9667 (part), Remainder of Second district, Second district, Upshur County, West Virginia",0,0,0,0,0,0,0,0,0
ACSSF,2009e5,wv,000,0033,0002405,080,54,097,08000US540979274599999966800,"Census Tract 9668 (part), Remainder of Second district, Second district, Upshur County, West Virginia",603,398,306,92,0,92,205,191,14
ACSSF,2009e5,wv,000,0033,0002406,080,54,097,08000US540979274599999967000,"Census Tract 9670 (part), Remainder of Second district, Second district, Upshur County, West Virginia",93,64,64,0,0,0,29,29,0
ACSSF,2009e5,wv,000,0033,0002407,080,54,097,08000US540979274599999967100,"Census Tract 9671 (part), Remainder of Second district, Second district, Upshur County, West Virginia",1758,1287,1078,209,153,56,471,421,50
ACSSF,2009e5,wv,000,0033,0002408,080,54,097,08000US540979310511188966900,"Census Tract 9669 (part), Buckhannon city (part), Third district, Upshur County, West Virginia",0,0,0,0,0,0,0,0,0
ACSSF,2009e5,wv,000,0033,0002409,080,54,097,08000US540979310599999966600,"Census Tract 9666 (part), Remainder of Third district, Third district, Upshur County, West Virginia",53,32,20,12,12,0,21,21,0
ACSSF,2009e5,wv,000,0033,0002410,080,54,097,08000US540979310599999966700,"Census Tract 9667 (part), Remainder of Third district, Third district, Upshur County, West Virginia",0,0,0,0,0,0,0,0,0
ACSSF,2009e5,wv,000,0033,0002411,080,54,097,08000US540979310599999966800,"Census Tract 9668 (part), Remainder of Third district, Third district, Upshur County, West Virginia",628,476,462,14,0,14,152,152,0
ACSSF,2009e5,wv,000,0033,0002412,080,54,097,08000US540979310599999966900,"Census Tract 9669 (part), Remainder of Third district, Third district, Upshur County, West Virginia",880,524,409,115,0,115,356,203,153
ACSSF,2009e5,wv,000,0033,0002413,080,54,097,08000US540979310599999967000,"Census Tract 9670 (part), Remainder of Third district, Third district, Upshur County, West Virginia",1895,1342,1127,215,75,140,553,423,130
ACSSF,2009e5,wv,000,0033,0002414,080,54,097,08000US540979310599999967100,"Census Tract 9671 (part), Remainder of Third district, Third district, Upshur County, West Virginia",0,0,0,0,0,0,0,0,0
ACSSF,2009e5,wv,000,0033,0002415,080,54,099,08000US540999032428516020800,"Census Tract 208 (part), Fort Gay town, Butler district, Wayne County, West Virginia",367,208,142,66,19,47,159,159,0
ACSSF,2009e5,wv,000,0033,0002416,080,54,099,08000US540999032499999020400,"Census Tract 204 (part), Remainder of Butler district, Butler district, Wayne County, West Virginia",526,452,352,100,35,65,74,48,26
ACSSF,2009e5,wv,000,0033,0002417,080,54,099,08000US540999032499999020600,"Census Tract 206 (part), Remainder of Butler district, Butler district, Wayne County, West Virginia",703,474,354,120,0,120,229,161,68
ACSSF,2009e5,wv,000,0033,0002418,080,54,099,08000US540999032499999020700,"Census Tract 207 (part), Remainder of Butler district, Butler district, Wayne County, West Virginia",1203,1026,909,117,51,66,177,171,6
ACSSF,2009e5,wv,000,0033,0002419,080,54,099,08000US540999032499999020800,"Census Tract 208 (part), Remainder of Butler district, Butler district, Wayne County, West Virginia",644,463,384,79,28,51,181,147,34
ACSSF,2009e5,wv,000,0033,0002420,080,54,099,08000US540999032499999020900,"Census Tract 209 (part), Remainder of Butler district, Butler district, Wayne County, West Virginia",125,65,47,18,0,18,60,60,0
ACSSF,2009e5,wv,000,0033,0002421,080,54,099,08000US540999049214308005200,"Census Tract 52 (part), Ceredo city (part), Ceredo district, Wayne County, West Virginia",20,20,0,20,0,20,0,0,0
ACSSF,2009e5,wv,000,0033,0002422,080,54,099,08000US540999049214308020100,"Census Tract 201 (part), Ceredo city (part), Ceredo district, Wayne County, West Virginia",9,0,0,0,0,0,9,0,9
ACSSF,2009e5,wv,000,0033,0002423,080,54,099,08000US540999049214308020300,"Census Tract 203 (part), Ceredo city (part), Ceredo district, Wayne County, West Virginia",761,378,275,103,19,84,383,317,66
ACSSF,2009e5,wv,000,0033,0002424,080,54,099,08000US540999049214308020400,"Census Tract 204 (part), Ceredo city (part), Ceredo district, Wayne County, West Virginia",157,109,95,14,14,0,48,30,18
ACSSF,2009e5,wv,000,0033,0002425,080,54,099,08000US540999049243180020300,"Census Tract 203 (part), Kenova city, Ceredo district, Wayne County, West Virginia",1349,854,619,235,74,161,495,479,16
ACSSF,2009e5,wv,000,0033,0002426,080,54,099,08000US540999049243180020400,"Census Tract 204 (part), Kenova city, Ceredo district, Wayne County, West Virginia",12,0,0,0,0,0,12,12,0
ACSSF,2009e5,wv,000,0033,0002427,080,54,099,08000US540999049299999020300,"Census Tract 203 (part), Remainder of Ceredo district, Ceredo district, Wayne County, West Virginia",228,167,145,22,22,0,61,18,43
ACSSF,2009e5,wv,000,0033,0002428,080,54,099,08000US540999049299999020400,"Census Tract 204 (part), Remainder of Ceredo district, Ceredo district, Wayne County, West Virginia",953,773,703,70,40,30,180,171,9
ACSSF,2009e5,wv,000,0033,0002429,080,54,099,08000US540999303699999020500,"Census Tract 205 (part), Stonewall district, Stonewall district, Wayne County, West Virginia",224,189,167,22,0,22,35,35,0
ACSSF,2009e5,wv,000,0033,0002430,080,54,099,08000US540999303699999020800,"Census Tract 208 (part), Stonewall district, Stonewall district, Wayne County, West Virginia",594,452,366,86,59,27,142,108,34
ACSSF,2009e5,wv,000,0033,0002431,080,54,099,08000US540999303699999020900,"Census Tract 209 (part), Stonewall district, Stonewall district, Wayne County, West Virginia",755,584,470,114,57,57,171,145,26
ACSSF,2009e5,wv,000,0033,0002432,080,54,099,08000US540999303699999021000,"Census Tract 210, Stonewall district, Stonewall district, Wayne County, West Virginia",1293,987,714,273,76,197,306,306,0
ACSSF,2009e5,wv,000,0033,0002433,080,54,099,08000US540999337284940020500,"Census Tract 205 (part), Wayne town, Union district, Wayne County, West Virginia",225,139,64,75,20,55,86,72,14
ACSSF,2009e5,wv,000,0033,0002434,080,54,099,08000US540999337284940020600,"Census Tract 206 (part), Wayne town, Union district, Wayne County, West Virginia",355,237,178,59,9,50,118,94,24
ACSSF,2009e5,wv,000,0033,0002435,080,54,099,08000US540999337284940020900,"Census Tract 209 (part), Wayne town, Union district, Wayne County, West Virginia",35,28,28,0,0,0,7,7,0
ACSSF,2009e5,wv,000,0033,0002436,080,54,099,08000US540999337299999020400,"Census Tract 204 (part), Remainder of Union district, Union district, Wayne County, West Virginia",265,215,197,18,0,18,50,50,0
ACSSF,2009e5,wv,000,0033,0002437,080,54,099,08000US540999337299999020500,"Census Tract 205 (part), Remainder of Union district, Union district, Wayne County, West Virginia",1616,1096,917,179,25,154,520,473,47
ACSSF,2009e5,wv,000,0033,0002438,080,54,099,08000US540999337299999020600,"Census Tract 206 (part), Remainder of Union district, Union district, Wayne County, West Virginia",972,826,744,82,39,43,146,146,0
ACSSF,2009e5,wv,000,0033,0002439,080,54,099,08000US540999337299999020700,"Census Tract 207 (part), Remainder of Union district, Union district, Wayne County, West Virginia",47,8,0,8,0,8,39,39,0
ACSSF,2009e5,wv,000,0033,0002440,080,54,099,08000US540999337299999020900,"Census Tract 209 (part), Remainder of Union district, Union district, Wayne County, West Virginia",97,73,54,19,0,19,24,12,12
ACSSF,2009e5,wv,000,0033,0002441,080,54,099,08000US540999362414308005100,"Census Tract 51 (part), Ceredo city (part), Westmoreland district, Wayne County, West Virginia",0,0,0,0,0,0,0,0,0
ACSSF,2009e5,wv,000,0033,0002442,080,54,099,08000US540999362414308005200,"Census Tract 52 (part), Ceredo city (part), Westmoreland district, Wayne County, West Virginia",0,0,0,0,0,0,0,0,0
ACSSF,2009e5,wv,000,0033,0002443,080,54,099,08000US540999362414308020100,"Census Tract 201 (part), Ceredo city (part), Westmoreland district, Wayne County, West Virginia",32,27,27,0,0,0,5,0,5
ACSSF,2009e5,wv,000,0033,0002444,080,54,099,08000US540999362414308020400,"Census Tract 204 (part), Ceredo city (part), Westmoreland district, Wayne County, West Virginia",0,0,0,0,0,0,0,0,0
ACSSF,2009e5,wv,000,0033,0002445,080,54,099,08000US540999362439460005100,"Census Tract 51 (part), Huntington city (part), Westmoreland district, Wayne County, West Virginia",848,576,383,193,42,151,272,249,23
ACSSF,2009e5,wv,000,0033,0002446,080,54,099,08000US540999362439460005200,"Census Tract 52 (part), Huntington city (part), Westmoreland district, Wayne County, West Virginia",790,474,343,131,9,122,316,296,20
ACSSF,2009e5,wv,000,0033,0002447,080,54,099,08000US540999362439460020100,"Census Tract 201 (part), Huntington city (part), Westmoreland district, Wayne County, West Virginia",0,0,0,0,0,0,0,0,0
ACSSF,2009e5,wv,000,0033,0002448,080,54,099,08000US540999362439460020400,"Census Tract 204 (part), Huntington city (part), Westmoreland district, Wayne County, West Virginia",0,0,0,0,0,0,0,0,0
ACSSF,2009e5,wv,000,0033,0002449,080,54,099,08000US540999362499999005100,"Census Tract 51 (part), Remainder of Westmoreland district, Westmoreland district, Wayne County, West Virginia",25,25,25,0,0,0,0,0,0
ACSSF,2009e5,wv,000,0033,0002450,080,54,099,08000US540999362499999005200,"Census Tract 52 (part), Remainder of Westmoreland district, Westmoreland district, Wayne County, West Virginia",27,18,11,7,0,7,9,9,0
ACSSF,2009e5,wv,000,0033,0002451,080,54,099,08000US540999362499999020100,"Census Tract 201 (part), Remainder of Westmoreland district, Westmoreland district, Wayne County, West Virginia",1106,773,667,106,11,95,333,274,59
ACSSF,2009e5,wv,000,0033,0002452,080,54,099,08000US540999362499999020400,"Census Tract 204 (part), Remainder of Westmoreland district, Westmoreland district, Wayne County, West Virginia",483,369,311,58,0,58,114,114,0
ACSSF,2009e5,wv,000,0033,0002453,080,54,099,08000US540999362499999020600,"Census Tract 206 (part), Remainder of Westmoreland district, Westmoreland district, Wayne County, West Virginia",120,89,35,54,0,54,31,31,0
ACSSF,2009e5,wv,000,0033,0002454,080,54,101,08000US541019047100364970100,"Census Tract 9701 (part), Addison (Webster Springs) town, Central district, Webster County, West Virginia",27,24,16,8,0,8,3,0,3
ACSSF,2009e5,wv,000,0033,0002455,080,54,101,08000US541019047100364970200,"Census Tract 9702 (part), Addison (Webster Springs) town, Central district, Webster County, West Virginia",429,269,168,101,3,98,160,143,17
ACSSF,2009e5,wv,000,0033,0002456,080,54,101,08000US541019047199999970100,"Census Tract 9701 (part), Remainder of Central district, Central district, Webster County, West Virginia",480,349,330,19,9,10,131,113,18
ACSSF,2009e5,wv,000,0033,0002457,080,54,101,08000US541019047199999970200,"Census Tract 9702 (part), Remainder of Central district, Central district, Webster County, West Virginia",239,197,152,45,0,45,42,42,0
ACSSF,2009e5,wv,000,0033,0002458,080,54,101,08000US541019047199999970300,"Census Tract 9703 (part), Remainder of Central district, Central district, Webster County, West Virginia",90,61,61,0,0,0,29,29,0
ACSSF,2009e5,wv,000,0033,0002459,080,54,101,08000US541019236099999970100,"Census Tract 9701 (part), Northern district, Northern district, Webster County, West Virginia",841,590,564,26,26,0,251,220,31
ACSSF,2009e5,wv,000,0033,0002460,080,54,101,08000US541019236099999970200,"Census Tract 9702 (part), Northern district, Northern district, Webster County, West Virginia",525,275,150,125,25,100,250,192,58
ACSSF,2009e5,wv,000,0033,0002461,080,54,101,08000US541019292512436970300,"Census Tract 9703 (part), Camden-on-Gauley town, Southern district, Webster County, West Virginia",81,38,14,24,0,24,43,33,10
ACSSF,2009e5,wv,000,0033,0002462,080,54,101,08000US541019292518412970100,"Census Tract 9701 (part), Cowen town, Southern district, Webster County, West Virginia",9,3,3,0,0,0,6,6,0
ACSSF,2009e5,wv,000,0033,0002463,080,54,101,08000US541019292518412970300,"Census Tract 9703 (part), Cowen town, Southern district, Webster County, West Virginia",265,185,124,61,22,39,80,65,15
ACSSF,2009e5,wv,000,0033,0002464,080,54,101,08000US541019292599999970100,"Census Tract 9701 (part), Remainder of Southern district, Southern district, Webster County, West Virginia",729,513,402,111,96,15,216,165,51
ACSSF,2009e5,wv,000,0033,0002465,080,54,101,08000US541019292599999970300,"Census Tract 9703 (part), Remainder of Southern district, Southern district, Webster County, West Virginia",501,378,320,58,48,10,123,108,15
ACSSF,2009e5,wv,000,0033,0002466,080,54,103,08000US541039079439340030400,"Census Tract 304 (part), Hundred town, District 1, Wetzel County, West Virginia",122,82,78,4,0,4,40,27,13
ACSSF,2009e5,wv,000,0033,0002467,080,54,103,08000US541039079463892030500,"Census Tract 305 (part), Pine Grove town, District 1, Wetzel County, West Virginia",203,161,125,36,17,19,42,42,0
ACSSF,2009e5,wv,000,0033,0002468,080,54,103,08000US541039079474788030500,"Census Tract 305 (part), Smithfield town, District 1, Wetzel County, West Virginia",72,35,27,8,4,4,37,37,0
ACSSF,2009e5,wv,000,0033,0002469,080,54,103,08000US541039079499999030400,"Census Tract 304 (part), District Remainder of 1, District 1, Wetzel County, West Virginia",557,385,260,125,39,86,172,169,3
ACSSF,2009e5,wv,000,0033,0002470,080,54,103,08000US541039079499999030500,"Census Tract 305 (part), District Remainder of 1, District 1, Wetzel County, West Virginia",1203,979,880,99,22,77,224,224,0
ACSSF,2009e5,wv,000,0033,0002471,080,54,103,08000US541039079499999030600,"Census Tract 306 (part), District Remainder of 1, District 1, Wetzel County, West Virginia",45,36,36,0,0,0,9,9,0
ACSSF,2009e5,wv,000,0033,0002472,080,54,103,08000US541039079499999030700,"Census Tract 307 (part), District Remainder of 1, District 1, Wetzel County, West Virginia",117,101,86,15,15,0,16,16,0
ACSSF,2009e5,wv,000,0033,0002473,080,54,103,08000US541039083061636030700,"Census Tract 307 (part), Paden City city (part), District 2, Wetzel County, West Virginia",737,505,400,105,20,85,232,215,17
ACSSF,2009e5,wv,000,0033,0002474,080,54,103,08000US541039083099999030400,"Census Tract 304 (part), District Remainder of 2, District 2, Wetzel County, West Virginia",552,469,385,84,25,59,83,71,12
ACSSF,2009e5,wv,000,0033,0002475,080,54,103,08000US541039083099999030500,"Census Tract 305 (part), District Remainder of 2, District 2, Wetzel County, West Virginia",137,119,90,29,29,0,18,9,9
ACSSF,2009e5,wv,000,0033,0002476,080,54,103,08000US541039083099999030600,"Census Tract 306 (part), District Remainder of 2, District 2, Wetzel County, West Virginia",251,231,189,42,8,34,20,20,0
ACSSF,2009e5,wv,000,0033,0002477,080,54,103,08000US541039083099999030700,"Census Tract 307 (part), District Remainder of 2, District 2, Wetzel County, West Virginia",401,327,271,56,0,56,74,74,0
ACSSF,2009e5,wv,000,0033,0002478,080,54,103,08000US541039086758684004800,"Census Tract 48 (part), New Martinsville city, District 3, Wetzel County, West Virginia",1136,583,405,178,18,160,553,494,59
ACSSF,2009e5,wv,000,0033,0002479,080,54,103,08000US541039086758684030600,"Census Tract 306 (part), New Martinsville city, District 3, Wetzel County, West Virginia",882,574,523,51,11,40,308,262,46
ACSSF,2009e5,wv,000,0033,0002480,080,54,103,08000US541039086758684030700,"Census Tract 307 (part), New Martinsville city, District 3, Wetzel County, West Virginia",656,354,345,9,0,9,302,238,64
ACSSF,2009e5,wv,000,0033,0002481,080,54,103,08000US541039086799999004800,"Census Tract 48 (part), District Remainder of 3, District 3, Wetzel County, West Virginia",0,0,0,0,0,0,0,0,0
ACSSF,2009e5,wv,000,0033,0002482,080,54,103,08000US541039086799999030600,"Census Tract 306 (part), District Remainder of 3, District 3, Wetzel County, West Virginia",0,0,0,0,0,0,0,0,0
ACSSF,2009e5,wv,000,0033,0002483,080,54,103,08000US541039086799999030700,"Census Tract 307 (part), District Remainder of 3, District 3, Wetzel County, West Virginia",0,0,0,0,0,0,0,0,0
ACSSF,2009e5,wv,000,0033,0002484,080,54,105,08000US541059047324364030100,"Census Tract 301 (part), Elizabeth town, Central district, Wirt County, West Virginia",529,339,211,128,51,77,190,164,26
ACSSF,2009e5,wv,000,0033,0002485,080,54,105,08000US541059047399999030100,"Census Tract 301 (part), Remainder of Central district, Central district, Wirt County, West Virginia",444,339,284,55,24,31,105,95,10
ACSSF,2009e5,wv,000,0033,0002486,080,54,105,08000US541059234499999030100,"Census Tract 301 (part), Northeast district, Northeast district, Wirt County, West Virginia",851,540,527,13,0,13,311,261,50
ACSSF,2009e5,wv,000,0033,0002487,080,54,105,08000US541059295899999030100,"Census Tract 301 (part), Southwest district, Southwest district, Wirt County, West Virginia",708,550,509,41,26,15,158,132,26
ACSSF,2009e5,wv,000,0033,0002488,080,54,107,08000US541079058899999010601,"Census Tract 106.01 (part), Clay district, Clay district, Wood County, West Virginia",66,66,53,13,0,13,0,0,0
ACSSF,2009e5,wv,000,0033,0002489,080,54,107,08000US541079058899999010602,"Census Tract 106.02 (part), Clay district, Clay district, Wood County, West Virginia",482,352,315,37,3,34,130,111,19
ACSSF,2009e5,wv,000,0033,0002490,080,54,107,08000US541079058899999010701,"Census Tract 107.01 (part), Clay district, Clay district, Wood County, West Virginia",1898,1268,1005,263,50,213,630,558,72
ACSSF,2009e5,wv,000,0033,0002491,080,54,107,08000US541079156099999010800,"Census Tract 108 (part), Harris district, Harris district, Wood County, West Virginia",765,565,524,41,13,28,200,161,39
ACSSF,2009e5,wv,000,0033,0002492,080,54,107,08000US541079156099999010901,"Census Tract 109.01 (part), Harris district, Harris district, Wood County, West Virginia",0,0,0,0,0,0,0,0,0
ACSSF,2009e5,wv,000,0033,0002493,080,54,107,08000US541079198008308010901,"Census Tract 109.01 (part), Blennerhassett CDP, Lubeck district, Wood County, West Virginia",268,153,111,42,11,31,115,115,0
ACSSF,2009e5,wv,000,0033,0002494,080,54,107,08000US541079198008308010902,"Census Tract 109.02 (part), Blennerhassett CDP, Lubeck district, Wood County, West Virginia",942,694,533,161,51,110,248,239,9
ACSSF,2009e5,wv,000,0033,0002495,080,54,107,08000US541079198049156010901,"Census Tract 109.01 (part), Lubeck CDP, Lubeck district, Wood County, West Virginia",556,424,258,166,106,60,132,116,16
ACSSF,2009e5,wv,000,0033,0002496,080,54,107,08000US541079198062140000902,"Census Tract 9.02 (part), Parkersburg city (part), Lubeck district, Wood County, West Virginia",485,310,252,58,51,7,175,133,42
ACSSF,2009e5,wv,000,0033,0002497,080,54,107,08000US541079198062140010902,"Census Tract 109.02 (part), Parkersburg city (part), Lubeck district, Wood County, West Virginia",0,0,0,0,0,0,0,0,0
ACSSF,2009e5,wv,000,0033,0002498,080,54,107,08000US541079198084724010901,"Census Tract 109.01 (part), Washington CDP, Lubeck district, Wood County, West Virginia",547,416,384,32,0,32,131,117,14
ACSSF,2009e5,wv,000,0033,0002499,080,54,107,08000US541079198099999000902,"Census Tract 9.02 (part), Remainder of Lubeck district, Lubeck district, Wood County, West Virginia",145,98,92,6,0,6,47,47,0
ACSSF,2009e5,wv,000,0033,0002500,080,54,107,08000US541079198099999010702,"Census Tract 107.02 (part), Remainder of Lubeck district, Lubeck district, Wood County, West Virginia",259,191,179,12,12,0,68,60,8
ACSSF,2009e5,wv,000,0033,0002501,080,54,107,08000US541079198099999010800,"Census Tract 108 (part), Remainder of Lubeck district, Lubeck district, Wood County, West Virginia",0,0,0,0,0,0,0,0,0
ACSSF,2009e5,wv,000,0033,0002502,080,54,107,08000US541079198099999010901,"Census Tract 109.01 (part), Remainder of Lubeck district, Lubeck district, Wood County, West Virginia",476,380,370,10,10,0,96,96,0
ACSSF,2009e5,wv,000,0033,0002503,080,54,107,08000US541079198099999010902,"Census Tract 109.02 (part), Remainder of Lubeck district, Lubeck district, Wood County, West Virginia",546,393,232,161,26,135,153,86,67
ACSSF,2009e5,wv,000,0033,0002504,080,54,107,08000US541079242459458010102,"Census Tract 101.02 (part), North Hills town (part), Parkersburg district, Wood County, West Virginia",108,77,65,12,12,0,31,15,16
ACSSF,2009e5,wv,000,0033,0002505,080,54,107,08000US541079242462140000100,"Census Tract 1 (part), Parkersburg city (part), Parkersburg district, Wood County, West Virginia",1437,886,619,267,54,213,551,499,52
ACSSF,2009e5,wv,000,0033,0002506,080,54,107,08000US541079242462140000200,"Census Tract 2 (part), Parkersburg city (part), Parkersburg district, Wood County, West Virginia",1215,472,294,178,10,168,743,651,92
ACSSF,2009e5,wv,000,0033,0002507,080,54,107,08000US541079242462140000300,"Census Tract 3, Parkersburg city (part), Parkersburg district, Wood County, West Virginia",1384,833,421,412,121,291,551,509,42
ACSSF,2009e5,wv,000,0033,0002508,080,54,107,08000US541079242462140000400,"Census Tract 4, Parkersburg city (part), Parkersburg district, Wood County, West Virginia",1096,737,572,165,9,156,359,311,48
ACSSF,2009e5,wv,000,0033,0002509,080,54,107,08000US541079242462140000500,"Census Tract 5, Parkersburg city (part), Parkersburg district, Wood County, West Virginia",1921,1184,606,578,152,426,737,543,194
ACSSF,2009e5,wv,000,0033,0002510,080,54,107,08000US541079242462140000600,"Census Tract 6, Parkersburg city (part), Parkersburg district, Wood County, West Virginia",255,156,98,58,16,42,99,99,0
ACSSF,2009e5,wv,000,0033,0002511,080,54,107,08000US541079242462140000701,"Census Tract 7.01, Parkersburg city (part), Parkersburg district, Wood County, West Virginia",1209,623,371,252,66,186,586,477,109
ACSSF,2009e5,wv,000,0033,0002512,080,54,107,08000US541079242462140000702,"Census Tract 7.02, Parkersburg city (part), Parkersburg district, Wood County, West Virginia",686,338,289,49,0,49,348,274,74
ACSSF,2009e5,wv,000,0033,0002513,080,54,107,08000US541079242462140010102,"Census Tract 101.02 (part), Parkersburg city (part), Parkersburg district, Wood County, West Virginia",0,0,0,0,0,0,0,0,0
ACSSF,2009e5,wv,000,0033,0002514,080,54,107,08000US541079242462140010502,"Census Tract 105.02 (part), Parkersburg city (part), Parkersburg district, Wood County, West Virginia",209,76,30,46,25,21,133,133,0
ACSSF,2009e5,wv,000,0033,0002515,080,54,107,08000US541079242462140010602,"Census Tract 106.02 (part), Parkersburg city (part), Parkersburg district, Wood County, West Virginia",184,140,127,13,0,13,44,34,10
ACSSF,2009e5,wv,000,0033,0002516,080,54,107,08000US541079242462140010902,"Census Tract 109.02 (part), Parkersburg city (part), Parkersburg district, Wood County, West Virginia",0,0,0,0,0,0,0,0,0
ACSSF,2009e5,wv,000,0033,0002517,080,54,107,08000US541079242483500010300,"Census Tract 103 (part), Vienna city (part), Parkersburg district, Wood County, West Virginia",46,14,14,0,0,0,32,32,0
ACSSF,2009e5,wv,000,0033,0002518,080,54,107,08000US541079242483500010400,"Census Tract 104 (part), Vienna city (part), Parkersburg district, Wood County, West Virginia",38,31,31,0,0,0,7,7,0
ACSSF,2009e5,wv,000,0033,0002519,080,54,107,08000US541079242483500010501,"Census Tract 105.01 (part), Vienna city (part), Parkersburg district, Wood County, West Virginia",638,426,397,29,1,28,212,194,18
ACSSF,2009e5,wv,000,0033,0002520,080,54,107,08000US541079242483500010502,"Census Tract 105.02 (part), Vienna city (part), Parkersburg district, Wood County, West Virginia",1609,778,600,178,57,121,831,672,159
ACSSF,2009e5,wv,000,0033,0002521,080,54,107,08000US541079242499999000100,"Census Tract 1 (part), Remainder of Parkersburg district, Parkersburg district, Wood County, West Virginia",252,81,40,41,41,0,171,143,28
ACSSF,2009e5,wv,000,0033,0002522,080,54,107,08000US541079242499999000200,"Census Tract 2 (part), Remainder of Parkersburg district, Parkersburg district, Wood County, West Virginia",0,0,0,0,0,0,0,0,0
ACSSF,2009e5,wv,000,0033,0002523,080,54,107,08000US541079242499999000801,"Census Tract 8.01 (part), Remainder of Parkersburg district, Parkersburg district, Wood County, West Virginia",0,0,0,0,0,0,0,0,0
ACSSF,2009e5,wv,000,0033,0002524,080,54,107,08000US541079242499999000802,"Census Tract 8.02 (part), Remainder of Parkersburg district, Parkersburg district, Wood County, West Virginia",0,0,0,0,0,0,0,0,0
ACSSF,2009e5,wv,000,0033,0002525,080,54,107,08000US541079242499999010102,"Census Tract 101.02 (part), Remainder of Parkersburg district, Parkersburg district, Wood County, West Virginia",232,165,132,33,0,33,67,67,0
ACSSF,2009e5,wv,000,0033,0002526,080,54,107,08000US541079242499999010400,"Census Tract 104 (part), Remainder of Parkersburg district, Parkersburg district, Wood County, West Virginia",0,0,0,0,0,0,0,0,0
ACSSF,2009e5,wv,000,0033,0002527,080,54,107,08000US541079242499999010501,"Census Tract 105.01 (part), Remainder of Parkersburg district, Parkersburg district, Wood County, West Virginia",8,0,0,0,0,0,8,0,8
ACSSF,2009e5,wv,000,0033,0002528,080,54,107,08000US541079242499999010502,"Census Tract 105.02 (part), Remainder of Parkersburg district, Parkersburg district, Wood County, West Virginia",179,71,71,0,0,0,108,108,0
ACSSF,2009e5,wv,000,0033,0002529,080,54,107,08000US541079242499999010601,"Census Tract 106.01 (part), Remainder of Parkersburg district, Parkersburg district, Wood County, West Virginia",0,0,0,0,0,0,0,0,0
ACSSF,2009e5,wv,000,0033,0002530,080,54,107,08000US541079242499999010602,"Census Tract 106.02 (part), Remainder of Parkersburg district, Parkersburg district, Wood County, West Virginia",382,242,200,42,10,32,140,114,26
ACSSF,2009e5,wv,000,0033,0002531,080,54,107,08000US541079242499999010701,"Census Tract 107.01 (part), Remainder of Parkersburg district, Parkersburg district, Wood County, West Virginia",162,58,58,0,0,0,104,104,0
ACSSF,2009e5,wv,000,0033,0002532,080,54,107,08000US541079285654580010702,"Census Tract 107.02 (part), Mineralwells CDP, Slate district, Wood County, West Virginia",714,599,506,93,22,71,115,90,25
ACSSF,2009e5,wv,000,0033,0002533,080,54,107,08000US541079285699999010702,"Census Tract 107.02 (part), Remainder of Slate district, Slate district, Wood County, West Virginia",1236,917,762,155,47,108,319,257,62
ACSSF,2009e5,wv,000,0033,0002534,080,54,107,08000US541079285699999010800,"Census Tract 108 (part), Remainder of Slate district, Slate district, Wood County, West Virginia",0,0,0,0,0,0,0,0,0
ACSSF,2009e5,wv,000,0033,0002535,080,54,107,08000US541079302499999010702,"Census Tract 107.02 (part), Steele district, Steele district, Wood County, West Virginia",35,23,23,0,0,0,12,12,0
ACSSF,2009e5,wv,000,0033,0002536,080,54,107,08000US541079302499999010800,"Census Tract 108 (part), Steele district, Steele district, Wood County, West Virginia",404,368,322,46,10,36,36,36,0
ACSSF,2009e5,wv,000,0033,0002537,080,54,107,08000US541079318062140000801,"Census Tract 8.01 (part), Parkersburg city (part), Tygart district, Wood County, West Virginia",624,338,251,87,42,45,286,189,97
ACSSF,2009e5,wv,000,0033,0002538,080,54,107,08000US541079318062140000802,"Census Tract 8.02 (part), Parkersburg city (part), Tygart district, Wood County, West Virginia",1201,888,574,314,48,266,313,271,42
ACSSF,2009e5,wv,000,0033,0002539,080,54,107,08000US541079318062140000901,"Census Tract 9.01, Parkersburg city (part), Tygart district, Wood County, West Virginia",592,330,259,71,22,49,262,170,92
ACSSF,2009e5,wv,000,0033,0002540,080,54,107,08000US541079318062140000903,"Census Tract 9.03 (part), Parkersburg city (part), Tygart district, Wood County, West Virginia",1857,1148,829,319,17,302,709,701,8
ACSSF,2009e5,wv,000,0033,0002541,080,54,107,08000US541079318062140010702,"Census Tract 107.02 (part), Parkersburg city (part), Tygart district, Wood County, West Virginia",0,0,0,0,0,0,0,0,0
ACSSF,2009e5,wv,000,0033,0002542,080,54,107,08000US541079318099999000801,"Census Tract 8.01 (part), Remainder of Tygart district, Tygart district, Wood County, West Virginia",83,54,54,0,0,0,29,29,0
ACSSF,2009e5,wv,000,0033,0002543,080,54,107,08000US541079318099999000802,"Census Tract 8.02 (part), Remainder of Tygart district, Tygart district, Wood County, West Virginia",319,220,168,52,0,52,99,90,9
ACSSF,2009e5,wv,000,0033,0002544,080,54,107,08000US541079318099999000903,"Census Tract 9.03 (part), Remainder of Tygart district, Tygart district, Wood County, West Virginia",70,40,40,0,0,0,30,24,6
ACSSF,2009e5,wv,000,0033,0002545,080,54,107,08000US541079318099999010702,"Census Tract 107.02 (part), Remainder of Tygart district, Tygart district, Wood County, West Virginia",872,625,489,136,64,72,247,169,78
ACSSF,2009e5,wv,000,0033,0002546,080,54,107,08000US541079318099999010800,"Census Tract 108 (part), Remainder of Tygart district, Tygart district, Wood County, West Virginia",39,39,16,23,0,23,0,0,0
ACSSF,2009e5,wv,000,0033,0002547,080,54,107,08000US541079338499999010102,"Census Tract 101.02 (part), Union district, Union district, Wood County, West Virginia",23,10,10,0,0,0,13,13,0
ACSSF,2009e5,wv,000,0033,0002548,080,54,107,08000US541079338499999010601,"Census Tract 106.01 (part), Union district, Union district, Wood County, West Virginia",1434,1208,1125,83,56,27,226,195,31
ACSSF,2009e5,wv,000,0033,0002549,080,54,107,08000US541079338499999010602,"Census Tract 106.02 (part), Union district, Union district, Wood County, West Virginia",528,478,372,106,73,33,50,25,25
ACSSF,2009e5,wv,000,0033,0002550,080,54,107,08000US541079344499999010602,"Census Tract 106.02 (part), Walker district, Walker district, Wood County, West Virginia",73,63,63,0,0,0,10,10,0
ACSSF,2009e5,wv,000,0033,0002551,080,54,107,08000US541079344499999010701,"Census Tract 107.01 (part), Walker district, Walker district, Wood County, West Virginia",319,246,240,6,0,6,73,73,0
ACSSF,2009e5,wv,000,0033,0002552,080,54,107,08000US541079367208836010101,"Census Tract 101.01 (part), Boaz CDP, Williams district, Wood County, West Virginia",660,490,395,95,29,66,170,143,27
ACSSF,2009e5,wv,000,0033,0002553,080,54,107,08000US541079367259458010102,"Census Tract 101.02 (part), North Hills town (part), Williams district, Wood County, West Virginia",218,170,145,25,15,10,48,28,20
ACSSF,2009e5,wv,000,0033,0002554,080,54,107,08000US541079367283500010101,"Census Tract 101.01 (part), Vienna city (part), Williams district, Wood County, West Virginia",0,0,0,0,0,0,0,0,0
ACSSF,2009e5,wv,000,0033,0002555,080,54,107,08000US541079367283500010102,"Census Tract 101.02 (part), Vienna city (part), Williams district, Wood County, West Virginia",0,0,0,0,0,0,0,0,0
ACSSF,2009e5,wv,000,0033,0002556,080,54,107,08000US541079367283500010300,"Census Tract 103 (part), Vienna city (part), Williams district, Wood County, West Virginia",1828,1290,1093,197,63,134,538,445,93
ACSSF,2009e5,wv,000,0033,0002557,080,54,107,08000US541079367283500010400,"Census Tract 104 (part), Vienna city (part), Williams district, Wood County, West Virginia",712,507,458,49,41,8,205,197,8
ACSSF,2009e5,wv,000,0033,0002558,080,54,107,08000US541079367283500010502,"Census Tract 105.02 (part), Vienna city (part), Williams district, Wood County, West Virginia",0,0,0,0,0,0,0,0,0
ACSSF,2009e5,wv,000,0033,0002559,080,54,107,08000US541079367287556010200,"Census Tract 102 (part), Williamstown city, Williams district, Wood County, West Virginia",1219,834,667,167,37,130,385,366,19
ACSSF,2009e5,wv,000,0033,0002560,080,54,107,08000US541079367299999010101,"Census Tract 101.01 (part), Remainder of Williams district, Williams district, Wood County, West Virginia",351,237,165,72,0,72,114,114,0
ACSSF,2009e5,wv,000,0033,0002561,080,54,107,08000US541079367299999010102,"Census Tract 101.02 (part), Remainder of Williams district, Williams district, Wood County, West Virginia",125,79,0,79,24,55,46,46,0
ACSSF,2009e5,wv,000,0033,0002562,080,54,107,08000US541079367299999010200,"Census Tract 102 (part), Remainder of Williams district, Williams district, Wood County, West Virginia",19,0,0,0,0,0,19,19,0
ACSSF,2009e5,wv,000,0033,0002563,080,54,107,08000US541079367299999010300,"Census Tract 103 (part), Remainder of Williams district, Williams district, Wood County, West Virginia",129,51,51,0,0,0,78,78,0
ACSSF,2009e5,wv,000,0033,0002564,080,54,107,08000US541079367299999010400,"Census Tract 104 (part), Remainder of Williams district, Williams district, Wood County, West Virginia",30,15,15,0,0,0,15,15,0
ACSSF,2009e5,wv,000,0033,0002565,080,54,107,08000US541079367299999010502,"Census Tract 105.02 (part), Remainder of Williams district, Williams district, Wood County, West Virginia",0,0,0,0,0,0,0,0,0
ACSSF,2009e5,wv,000,0033,0002566,080,54,107,08000US541079367299999010601,"Census Tract 106.01 (part), Remainder of Williams district, Williams district, Wood County, West Virginia",635,532,440,92,10,82,103,63,40
ACSSF,2009e5,wv,000,0033,0002567,080,54,109,08000US541099079557148953200,"Census Tract 9532 (part), Mullens city, District 1, Wyoming County, West Virginia",736,499,353,146,43,103,237,222,15
ACSSF,2009e5,wv,000,0033,0002568,080,54,109,08000US541099079599999952800,"Census Tract 9528 (part), District Remainder of 1, District 1, Wyoming County, West Virginia",713,539,421,118,0,118,174,163,11
ACSSF,2009e5,wv,000,0033,0002569,080,54,109,08000US541099079599999953100,"Census Tract 9531 (part), District Remainder of 1, District 1, Wyoming County, West Virginia",85,70,59,11,0,11,15,15,0
ACSSF,2009e5,wv,000,0033,0002570,080,54,109,08000US541099079599999953200,"Census Tract 9532 (part), District Remainder of 1, District 1, Wyoming County, West Virginia",1559,1130,790,340,100,240,429,314,115
ACSSF,2009e5,wv,000,0033,0002571,080,54,109,08000US541099083163940953100,"Census Tract 9531 (part), Pineville town, District 2, Wyoming County, West Virginia",333,261,195,66,12,54,72,67,5
ACSSF,2009e5,wv,000,0033,0002572,080,54,109,08000US541099083163940953200,"Census Tract 9532 (part), Pineville town, District 2, Wyoming County, West Virginia",0,0,0,0,0,0,0,0,0
ACSSF,2009e5,wv,000,0033,0002573,080,54,109,08000US541099083199999952800,"Census Tract 9528 (part), District Remainder of 2, District 2, Wyoming County, West Virginia",88,88,88,0,0,0,0,0,0
ACSSF,2009e5,wv,000,0033,0002574,080,54,109,08000US541099083199999952901,"Census Tract 9529.01 (part), District Remainder of 2, District 2, Wyoming County, West Virginia",10,0,0,0,0,0,10,10,0
ACSSF,2009e5,wv,000,0033,0002575,080,54,109,08000US541099083199999952902,"Census Tract 9529.02 (part), District Remainder of 2, District 2, Wyoming County, West Virginia",253,207,179,28,12,16,46,29,17
ACSSF,2009e5,wv,000,0033,0002576,080,54,109,08000US541099083199999953000,"Census Tract 9530 (part), District Remainder of 2, District 2, Wyoming County, West Virginia",983,715,635,80,24,56,268,250,18
ACSSF,2009e5,wv,000,0033,0002577,080,54,109,08000US541099083199999953100,"Census Tract 9531 (part), District Remainder of 2, District 2, Wyoming County, West Virginia",1755,1214,1029,185,56,129,541,437,104
ACSSF,2009e5,wv,000,0033,0002578,080,54,109,08000US541099083199999953200,"Census Tract 9532 (part), District Remainder of 2, District 2, Wyoming County, West Virginia",0,0,0,0,0,0,0,0,0
ACSSF,2009e5,wv,000,0033,0002579,080,54,109,08000US541099086860364952901,"Census Tract 9529.01 (part), Oceana town, District 3, Wyoming County, West Virginia",211,155,111,44,13,31,56,56,0
ACSSF,2009e5,wv,000,0033,0002580,080,54,109,08000US541099086860364952902,"Census Tract 9529.02 (part), Oceana town, District 3, Wyoming County, West Virginia",413,207,149,58,0,58,206,196,10
ACSSF,2009e5,wv,000,0033,0002581,080,54,109,08000US541099086899999952800,"Census Tract 9528 (part), District Remainder of 3, District 3, Wyoming County, West Virginia",76,67,25,42,17,25,9,9,0
ACSSF,2009e5,wv,000,0033,0002582,080,54,109,08000US541099086899999952901,"Census Tract 9529.01 (part), District Remainder of 3, District 3, Wyoming County, West Virginia",1606,1243,1076,167,54,113,363,332,31
ACSSF,2009e5,wv,000,0033,0002583,080,54,109,08000US541099086899999952902,"Census Tract 9529.02 (part), District Remainder of 3, District 3, Wyoming County, West Virginia",800,624,502,122,42,80,176,149,27
ACSSF,2009e5,wv,000,0033,0002584,080,54,109,08000US541099086899999953000,"Census Tract 9530 (part), District Remainder of 3, District 3, Wyoming County, West Virginia",149,113,58,55,0,55,36,36,0
ACSSF,2009e5,wv,000,0033,0002585,080,54,109,08000US541099086899999953100,"Census Tract 9531 (part), District Remainder of 3, District 3, Wyoming County, West Virginia",112,92,62,30,24,6,20,20,0
ACSSF,2009e5,wv,000,0033,0004640,155,54,101,15500US5400364101,"Webster County (part), Addison (Webster Springs) town, West Virginia",456,293,184,109,3,106,163,143,20
ACSSF,2009e5,wv,000,0033,0004641,155,54,077,15500US5400748077,"Preston County (part), Albright town, West Virginia",121,79,74,5,0,5,42,21,21
ACSSF,2009e5,wv,000,0033,0004642,155,54,025,15500US5400772025,"Greenbrier County (part), Alderson town, West Virginia",483,280,196,84,3,81,203,135,68
ACSSF,2009e5,wv,000,0033,0004643,155,54,063,15500US5400772063,"Monroe County (part), Alderson town, West Virginia",77,61,27,34,5,29,16,16,0
ACSSF,2009e5,wv,000,0033,0004644,155,54,043,15500US5401396043,"Lincoln County (part), Alum Creek CDP, West Virginia",673,507,395,112,0,112,166,148,18
ACSSF,2009e5,wv,000,0033,0004645,155,54,045,15500US5401672045,"Logan County (part), Amherstdale-Robinette CDP, West Virginia",800,599,399,200,151,49,201,179,22
ACSSF,2009e5,wv,000,0033,0004646,155,54,047,15500US5401780047,"McDowell County (part), Anawalt town, West Virginia",84,57,37,20,5,15,27,24,3
ACSSF,2009e5,wv,000,0033,0004647,155,54,033,15500US5401900033,"Harrison County (part), Anmoore town, West Virginia",346,230,128,102,15,87,116,109,7
ACSSF,2009e5,wv,000,0033,0004648,155,54,019,15500US5401996019,"Fayette County (part), Ansted town, West Virginia",627,417,339,78,17,61,210,188,22
ACSSF,2009e5,wv,000,0033,0004649,155,54,055,15500US5403292055,"Mercer County (part), Athens town, West Virginia",320,207,169,38,3,35,113,73,40
ACSSF,2009e5,wv,000,0033,0004650,155,54,085,15500US5403364085,"Ritchie County (part), Auburn town, West Virginia",35,24,23,1,0,1,11,11,0
ACSSF,2009e5,wv,000,0033,0004651,155,54,079,15500US5404204079,"Putnam County (part), Bancroft town, West Virginia",116,60,49,11,0,11,56,43,13
ACSSF,2009e5,wv,000,0033,0004652,155,54,011,15500US5404276011,"Cabell County (part), Barboursville village, West Virginia",1566,1011,819,192,31,161,555,503,52
ACSSF,2009e5,wv,000,0033,0004653,155,54,049,15500US5404612049,"Marion County (part), Barrackville town, West Virginia",618,483,383,100,39,61,135,119,16
ACSSF,2009e5,wv,000,0033,0004654,155,54,065,15500US5404876065,"Morgan County (part), Bath (Berkeley Springs) town, West Virginia",417,201,152,49,17,32,216,203,13
ACSSF,2009e5,wv,000,0033,0004655,155,54,023,15500US5404924023,"Grant County (part), Bayard town, West Virginia",159,107,86,21,9,12,52,29,23
ACSSF,2009e5,wv,000,0033,0004656,155,54,081,15500US5405260081,"Raleigh County (part), Beaver CDP, West Virginia",749,433,270,163,93,70,316,316,0
ACSSF,2009e5,wv,000,0033,0004657,155,54,081,15500US5405332081,"Raleigh County (part), Beckley city, West Virginia",7144,4312,2904,1408,405,1003,2832,2555,277
ACSSF,2009e5,wv,000,0033,0004658,155,54,009,15500US5405452009,"Brooke County (part), Beech Bottom village, West Virginia",197,116,72,44,8,36,81,68,13
ACSSF,2009e5,wv,000,0033,0004659,155,54,001,15500US5405788001,"Barbour County (part), Belington town, West Virginia",746,579,428,151,54,97,167,148,19
ACSSF,2009e5,wv,000,0033,0004660,155,54,039,15500US5405836039,"Kanawha County (part), Belle town, West Virginia",573,335,231,104,22,82,238,227,11
ACSSF,2009e5,wv,000,0033,0004661,155,54,073,15500US5406004073,"Pleasants County (part), Belmont city, West Virginia",364,195,149,46,10,36,169,159,10
ACSSF,2009e5,wv,000,0033,0004662,155,54,051,15500US5406340051,"Marshall County (part), Benwood city, West Virginia",702,378,219,159,42,117,324,289,35
ACSSF,2009e5,wv,000,0033,0004663,155,54,009,15500US5406844009,"Brooke County (part), Bethany town, West Virginia",142,85,66,19,9,10,57,50,7
ACSSF,2009e5,wv,000,0033,0004664,155,54,069,15500US5406940069,"Ohio County (part), Bethlehem village, West Virginia",1190,782,701,81,12,69,408,379,29
ACSSF,2009e5,wv,000,0033,0004665,155,54,083,15500US5406988083,"Randolph County (part), Beverly town, West Virginia",346,181,111,70,16,54,165,151,14
ACSSF,2009e5,wv,000,0033,0004666,155,54,061,15500US5408092061,"Monongalia County (part), Blacksville town, West Virginia",54,30,22,8,3,5,24,22,2
ACSSF,2009e5,wv,000,0033,0004667,155,54,107,15500US5408308107,"Wood County (part), Blennerhassett CDP, West Virginia",1210,847,644,203,62,141,363,354,9
ACSSF,2009e5,wv,000,0033,0004668,155,54,055,15500US5408524055,"Mercer County (part), Bluefield city, West Virginia",5069,2834,2029,805,129,676,2235,2030,205
ACSSF,2009e5,wv,000,0033,0004669,155,54,107,15500US5408836107,"Wood County (part), Boaz CDP, West Virginia",660,490,395,95,29,66,170,143,27
ACSSF,2009e5,wv,000,0033,0004670,155,54,037,15500US5408932037,"Jefferson County (part), Bolivar town, West Virginia",414,211,167,44,5,39,203,171,32
ACSSF,2009e5,wv,000,0033,0004671,155,54,081,15500US5409676081,"Raleigh County (part), Bradley CDP, West Virginia",802,598,543,55,23,32,204,180,24
ACSSF,2009e5,wv,000,0033,0004672,155,54,047,15500US5409700047,"McDowell County (part), Bradshaw town, West Virginia",127,86,60,26,15,11,41,41,0
ACSSF,2009e5,wv,000,0033,0004673,155,54,055,15500US5409796055,"Mercer County (part), Bramwell town, West Virginia",159,97,60,37,11,26,62,59,3
ACSSF,2009e5,wv,000,0033,0004674,155,54,077,15500US5409844077,"Preston County (part), Brandonville town, West Virginia",29,22,17,5,0,5,7,7,0
ACSSF,2009e5,wv,000,0033,0004675,155,54,033,15500US5410180033,"Harrison County (part), Bridgeport city, West Virginia",3139,2285,1878,407,148,259,854,774,80
ACSSF,2009e5,wv,000,0033,0004676,155,54,061,15500US5410420061,"Monongalia County (part), Brookhaven CDP, West Virginia",1582,1234,940,294,121,173,348,256,92
ACSSF,2009e5,wv,000,0033,0004677,155,54,077,15500US5410852077,"Preston County (part), Bruceton Mills town, West Virginia",38,28,14,14,7,7,10,10,0
ACSSF,2009e5,wv,000,0033,0004678,155,54,097,15500US5411188097,"Upshur County (part), Buckhannon city, West Virginia",1991,1059,777,282,24,258,932,793,139
ACSSF,2009e5,wv,000,0033,0004679,155,54,079,15500US5411284079,"Putnam County (part), Buffalo town, West Virginia",544,388,296,92,56,36,156,129,27
ACSSF,2009e5,wv,000,0033,0004680,155,54,007,15500US5411716007,"Braxton County (part), Burnsville town, West Virginia",197,113,91,22,0,22,84,57,27
ACSSF,2009e5,wv,000,0033,0004681,155,54,085,15500US5412124085,"Ritchie County (part), Cairo town, West Virginia",101,66,46,20,10,10,35,28,7
ACSSF,2009e5,wv,000,0033,0004682,155,54,101,15500US5412436101,"Webster County (part), Camden-on-Gauley town, West Virginia",81,38,14,24,0,24,43,33,10
ACSSF,2009e5,wv,000,0033,0004683,155,54,051,15500US5412484051,"Marshall County (part), Cameron city, West Virginia",486,336,250,86,39,47,150,136,14
ACSSF,2009e5,wv,000,0033,0004684,155,54,027,15500US5413108027,"Hampshire County (part), Capon Bridge town, West Virginia",123,77,46,31,8,23,46,43,3
ACSSF,2009e5,wv,000,0033,0004685,155,54,057,15500US5413525057,"Mineral County (part), Carpendale town, West Virginia",389,281,249,32,0,32,108,71,37
ACSSF,2009e5,wv,000,0033,0004686,155,54,061,15500US5413756061,"Monongalia County (part), Cassville CDP, West Virginia",487,394,360,34,6,28,93,69,24
ACSSF,2009e5,wv,000,0033,0004687,155,54,039,15500US5413924039,"Kanawha County (part), Cedar Grove town, West Virginia",358,253,139,114,30,84,105,76,29
ACSSF,2009e5,wv,000,0033,0004688,155,54,099,15500US5414308099,"Wayne County (part), Ceredo city, West Virginia",979,534,397,137,33,104,445,347,98
ACSSF,2009e5,wv,000,0033,0004689,155,54,045,15500US5414524045,"Logan County (part), Chapmanville town, West Virginia",654,389,299,90,10,80,265,256,9
ACSSF,2009e5,wv,000,0033,0004690,155,54,039,15500US5414600039,"Kanawha County (part), Charleston city, West Virginia",23701,12498,8913,3585,688,2897,11203,9634,1569
ACSSF,2009e5,wv,000,0033,0004691,155,54,037,15500US5414610037,"Jefferson County (part), Charles Town city, West Virginia",1886,1065,879,186,55,131,821,638,183
ACSSF,2009e5,wv,000,0033,0004692,155,54,059,15500US5414692059,"Mingo County (part), Chattaroy CDP, West Virginia",493,324,222,102,23,79,169,135,34
ACSSF,2009e5,wv,000,0033,0004693,155,54,061,15500US5414775061,"Monongalia County (part), Cheat Lake CDP, West Virginia",2591,1758,1506,252,110,142,833,716,117
ACSSF,2009e5,wv,000,0033,0004694,155,54,039,15500US5415028039,"Kanawha County (part), Chesapeake town, West Virginia",682,421,294,127,37,90,261,215,46
ACSSF,2009e5,wv,000,0033,0004695,155,54,029,15500US5415076029,"Hancock County (part), Chester city, West Virginia",1192,617,468,149,12,137,575,521,54
ACSSF,2009e5,wv,000,0033,0004696,155,54,033,15500US5415628033,"Harrison County (part), Clarksburg city, West Virginia",7334,4363,3025,1338,308,1030,2971,2584,387
ACSSF,2009e5,wv,000,0033,0004697,155,54,015,15500US5415676015,"Clay County (part), Clay town, West Virginia",238,96,83,13,0,13,142,119,23
ACSSF,2009e5,wv,000,0033,0004698,155,54,069,15500US5415916069,"Ohio County (part), Clearview village, West Virginia",242,202,177,25,0,25,40,37,3
ACSSF,2009e5,wv,000,0033,0004699,155,54,039,15500US5416012039,"Kanawha County (part), Clendenin town, West Virginia",497,377,248,129,9,120,120,108,12
ACSSF,2009e5,wv,000,0033,0004700,155,54,081,15500US5416516081,"Raleigh County (part), Coal City CDP, West Virginia",724,546,441,105,45,60,178,178,0
ACSSF,2009e5,wv,000,0033,0004701,155,54,039,15500US5416612039,"Kanawha County (part), Coal Fork CDP, West Virginia",589,450,383,67,0,67,139,134,5
ACSSF,2009e5,wv,000,0033,0004702,155,54,101,15500US5418412101,"Webster County (part), Cowen town, West Virginia",274,188,127,61,22,39,86,71,15
ACSSF,2009e5,wv,000,0033,0004703,155,54,081,15500US5418508081,"Raleigh County (part), Crab Orchard CDP, West Virginia",1148,743,584,159,37,122,405,304,101
ACSSF,2009e5,wv,000,0033,0004704,155,54,067,15500US5418604067,"Nicholas County (part), Craigsville CDP, West Virginia",1173,908,821,87,31,56,265,265,0
ACSSF,2009e5,wv,000,0033,0004705,155,54,039,15500US5419108039,"Kanawha County (part), Cross Lanes CDP, West Virginia",4528,2637,2091,546,81,465,1891,1637,254
ACSSF,2009e5,wv,000,0033,0004706,155,54,011,15500US5419516011,"Cabell County (part), Culloden CDP, West Virginia",1006,675,500,175,92,83,331,254,77
ACSSF,2009e5,wv,000,0033,0004707,155,54,079,15500US5419516079,"Putnam County (part), Culloden CDP, West Virginia",93,61,35,26,0,26,32,32,0
ACSSF,2009e5,wv,000,0033,0004708,155,54,081,15500US5420164081,"Raleigh County (part), Daniels CDP, West Virginia",819,532,468,64,0,64,287,258,29
ACSSF,2009e5,wv,000,0033,0004709,155,54,005,15500US5420212005,"Boone County (part), Danville town, West Virginia",426,229,174,55,5,50,197,192,5
ACSSF,2009e5,wv,000,0033,0004710,155,54,093,15500US5420428093,"Tucker County (part), Davis town, West Virginia",250,141,92,49,10,39,109,104,5
ACSSF,2009e5,wv,000,0033,0004711,155,54,047,15500US5420500047,"McDowell County (part), Davy town, West Virginia",117,94,77,17,0,17,23,20,3
ACSSF,2009e5,wv,000,0033,0004712,155,54,059,15500US5420980059,"Mingo County (part), Delbarton town, West Virginia",219,157,93,64,25,39,62,59,3
ACSSF,2009e5,wv,000,0033,0004713,155,54,033,15500US5421316033,"Harrison County (part), Despard CDP, West Virginia",381,271,172,99,0,99,110,94,16
ACSSF,2009e5,wv,000,0033,0004714,155,54,039,15500US5422564039,"Kanawha County (part), Dunbar city, West Virginia",3504,1946,1356,590,92,498,1558,1345,213
ACSSF,2009e5,wv,000,0033,0004715,155,54,075,15500US5422852075,"Pocahontas County (part), Durbin town, West Virginia",139,84,64,20,13,7,55,35,20
ACSSF,2009e5,wv,000,0033,0004716,155,54,039,15500US5423092039,"Kanawha County (part), East Bank town, West Virginia",306,235,123,112,31,81,71,63,8
ACSSF,2009e5,wv,000,0033,0004717,155,54,079,15500US5424292079,"Putnam County (part), Eleanor town, West Virginia",660,451,353,98,35,63,209,196,13
ACSSF,2009e5,wv,000,0033,0004718,155,54,105,15500US5424364105,"Wirt County (part), Elizabeth town, West Virginia",529,339,211,128,51,77,190,164,26
ACSSF,2009e5,wv,000,0033,0004719,155,54,057,15500US5424484057,"Mineral County (part), Elk Garden town, West Virginia",102,71,47,24,9,15,31,31,0
ACSSF,2009e5,wv,000,0033,0004720,155,54,083,15500US5424580083,"Randolph County (part), Elkins city, West Virginia",2920,1643,1204,439,75,364,1277,1101,176
ACSSF,2009e5,wv,000,0033,0004721,155,54,039,15500US5424748039,"Kanawha County (part), Elkview CDP, West Virginia",581,417,351,66,14,52,164,164,0
ACSSF,2009e5,wv,000,0033,0004722,155,54,085,15500US5424844085,"Ritchie County (part), Ellenboro town, West Virginia",168,139,111,28,2,26,29,29,0
ACSSF,2009e5,wv,000,0033,0004723,155,54,033,15500US5425516033,"Harrison County (part), Enterprise CDP, West Virginia",420,389,306,83,23,60,31,25,6
ACSSF,2009e5,wv,000,0033,0004724,155,54,025,15500US5426428025,"Greenbrier County (part), Fairlea CDP, West Virginia",758,499,335,164,56,108,259,224,35
ACSSF,2009e5,wv,000,0033,0004725,155,54,049,15500US5426452049,"Marion County (part), Fairmont city, West Virginia",7968,4385,2958,1427,267,1160,3583,2670,913
ACSSF,2009e5,wv,000,0033,0004726,155,54,049,15500US5426524049,"Marion County (part), Fairview town, West Virginia",196,110,90,20,3,17,86,70,16
ACSSF,2009e5,wv,000,0033,0004727,155,54,025,15500US5426692025,"Greenbrier County (part), Falling Spring town, West Virginia",78,56,47,9,3,6,22,15,7
ACSSF,2009e5,wv,000,0033,0004728,155,54,049,15500US5426932049,"Marion County (part), Farmington town, West Virginia",159,102,68,34,3,31,57,42,15
ACSSF,2009e5,wv,000,0033,0004729,155,54,019,15500US5427028019,"Fayette County (part), Fayetteville town, West Virginia",1078,717,517,200,81,119,361,296,65
ACSSF,2009e5,wv,000,0033,0004730,155,54,007,15500US5427868007,"Braxton County (part), Flatwoods town, West Virginia",111,72,61,11,0,11,39,33,6
ACSSF,2009e5,wv,000,0033,0004731,155,54,091,15500US5427940091,"Taylor County (part), Flemington town, West Virginia",110,95,66,29,12,17,15,15,0
ACSSF,2009e5,wv,000,0033,0004732,155,54,009,15500US5428204009,"Brooke County (part), Follansbee city, West Virginia",1269,849,642,207,73,134,420,375,45
ACSSF,2009e5,wv,000,0033,0004733,155,54,057,15500US5428444057,"Mineral County (part), Fort Ashby CDP, West Virginia",700,516,456,60,0,60,184,165,19
ACSSF,2009e5,wv,000,0033,0004734,155,54,099,15500US5428516099,"Wayne County (part), Fort Gay town, West Virginia",367,208,142,66,19,47,159,159,0
ACSSF,2009e5,wv,000,0033,0004735,155,54,071,15500US5429044071,"Pendleton County (part), Franklin town, West Virginia",395,233,146,87,0,87,162,158,4
ACSSF,2009e5,wv,000,0033,0004736,155,54,095,15500US5429404095,"Tyler County (part), Friendly town, West Virginia",44,39,37,2,0,2,5,5,0
ACSSF,2009e5,wv,000,0033,0004737,155,54,047,15500US5430196047,"McDowell County (part), Gary city, West Virginia",422,241,156,85,5,80,181,164,17
ACSSF,2009e5,wv,000,0033,0004738,155,54,007,15500US5430220007,"Braxton County (part), Gassaway town, West Virginia",405,245,186,59,0,59,160,148,12
ACSSF,2009e5,wv,000,0033,0004739,155,54,019,15500US5430364019,"Fayette County (part), Gauley Bridge town, West Virginia",263,196,112,84,14,70,67,64,3
ACSSF,2009e5,wv,000,0033,0004740,155,54,059,15500US5430772059,"Mingo County (part), Gilbert town, West Virginia",204,109,90,19,9,10,95,95,0
ACSSF,2009e5,wv,000,0033,0004741,155,54,059,15500US5430777059,"Mingo County (part), Gilbert Creek CDP, West Virginia",670,568,472,96,33,63,102,102,0
ACSSF,2009e5,wv,000,0033,0004742,155,54,039,15500US5431324039,"Kanawha County (part), Glasgow town, West Virginia",301,197,185,12,0,12,104,96,8
ACSSF,2009e5,wv,000,0033,0004743,155,54,051,15500US5431492051,"Marshall County (part), Glen Dale city, West Virginia",764,537,421,116,53,63,227,190,37
ACSSF,2009e5,wv,000,0033,0004744,155,54,021,15500US5432044021,"Gilmer County (part), Glenville town, West Virginia",521,211,113,98,30,68,310,216,94
ACSSF,2009e5,wv,000,0033,0004745,155,54,091,15500US5432716091,"Taylor County (part), Grafton city, West Virginia",2197,1360,743,617,118,499,837,766,71
ACSSF,2009e5,wv,000,0033,0004746,155,54,013,15500US5432884013,"Calhoun County (part), Grantsville town, West Virginia",228,165,112,53,33,20,63,39,24
ACSSF,2009e5,wv,000,0033,0004747,155,54,049,15500US5432908049,"Marion County (part), Grant Town town, West Virginia",279,179,130,49,19,30,100,89,11
ACSSF,2009e5,wv,000,0033,0004748,155,54,061,15500US5432932061,"Monongalia County (part), Granville town, West Virginia",283,120,90,30,6,24,163,136,27
ACSSF,2009e5,wv,000,0033,0004749,155,54,093,15500US5434492093,"Tucker County (part), Hambleton town, West Virginia",115,76,70,6,6,0,39,24,15
ACSSF,2009e5,wv,000,0033,0004750,155,54,043,15500US5434516043,"Lincoln County (part), Hamlin town, West Virginia",556,320,170,150,45,105,236,208,28
ACSSF,2009e5,wv,000,0033,0004751,155,54,039,15500US5434756039,"Kanawha County (part), Handley town, West Virginia",170,64,36,28,12,16,106,97,9
ACSSF,2009e5,wv,000,0033,0004752,155,54,083,15500US5435092083,"Randolph County (part), Harman town, West Virginia",69,43,7,36,4,32,26,26,0
ACSSF,2009e5,wv,000,0033,0004753,155,54,037,15500US5435284037,"Jefferson County (part), Harpers Ferry town, West Virginia",116,50,50,0,0,0,66,55,11
ACSSF,2009e5,wv,000,0033,0004754,155,54,085,15500US5435428085,"Ritchie County (part), Harrisville town, West Virginia",907,656,456,200,71,129,251,228,23
ACSSF,2009e5,wv,000,0033,0004755,155,54,053,15500US5435500053,"Mason County (part), Hartford City town, West Virginia",251,187,113,74,30,44,64,58,6
ACSSF,2009e5,wv,000,0033,0004756,155,54,043,15500US5435596043,"Lincoln County (part), Harts CDP, West Virginia",940,776,515,261,54,207,164,132,32
ACSSF,2009e5,wv,000,0033,0004757,155,54,003,15500US5436220003,"Berkeley County (part), Hedgesville town, West Virginia",135,80,65,15,3,12,55,20,35
ACSSF,2009e5,wv,000,0033,0004758,155,54,053,15500US5436436053,"Mason County (part), Henderson town, West Virginia",113,72,34,38,3,35,41,38,3
ACSSF,2009e5,wv,000,0033,0004759,155,54,093,15500US5436460093,"Tucker County (part), Hendricks town, West Virginia",136,97,83,14,4,10,39,27,12
ACSSF,2009e5,wv,000,0033,0004760,155,54,075,15500US5437372075,"Pocahontas County (part), Hillsboro town, West Virginia",111,65,57,8,0,8,46,46,0
ACSSF,2009e5,wv,000,0033,0004761,155,54,089,15500US5437636089,"Summers County (part), Hinton city, West Virginia",1134,592,389,203,36,167,542,489,53
ACSSF,2009e5,wv,000,0033,0004762,155,54,045,15500US5437948045,"Logan County (part), Holden CDP, West Virginia",580,442,329,113,0,113,138,138,0
ACSSF,2009e5,wv,000,0033,0004763,155,54,009,15500US5438476009,"Brooke County (part), Hooverson Heights CDP, West Virginia",1332,880,747,133,39,94,452,383,69
ACSSF,2009e5,wv,000,0033,0004764,155,54,103,15500US5439340103,"Wetzel County (part), Hundred town, West Virginia",122,82,78,4,0,4,40,27,13
ACSSF,2009e5,wv,000,0033,0004765,155,54,011,15500US5439460011,"Cabell County (part), Huntington city, West Virginia",20209,10290,6968,3322,786,2536,9919,7688,2231
ACSSF,2009e5,wv,000,0033,0004766,155,54,099,15500US5439460099,"Wayne County (part), Huntington city, West Virginia",1638,1050,726,324,51,273,588,545,43
ACSSF,2009e5,wv,000,0033,0004767,155,54,079,15500US5439532079,"Putnam County (part), Hurricane city, West Virginia",2327,1752,1531,221,60,161,575,528,47
ACSSF,2009e5,wv,000,0033,0004768,155,54,083,15500US5439628083,"Randolph County (part), Huttonsville town, West Virginia",66,31,24,7,4,3,35,35,0
ACSSF,2009e5,wv,000,0033,0004769,155,54,047,15500US5439652047,"McDowell County (part), Iaeger town, West Virginia",147,105,98,7,0,7,42,39,3
ACSSF,2009e5,wv,000,0033,0004770,155,54,003,15500US5440204003,"Berkeley County (part), Inwood CDP, West Virginia",1089,804,627,177,74,103,285,217,68
ACSSF,2009e5,wv,000,0033,0004771,155,54,041,15500US5440828041,"Lewis County (part), Jane Lew town, West Virginia",205,85,62,23,0,23,120,111,9
ACSSF,2009e5,wv,000,0033,0004772,155,54,001,15500US5442244001,"Barbour County (part), Junior town, West Virginia",139,98,58,40,14,26,41,41,0
ACSSF,2009e5,wv,000,0033,0004773,155,54,099,15500US5443180099,"Wayne County (part), Kenova city, West Virginia",1361,854,619,235,74,161,507,491,16
ACSSF,2009e5,wv,000,0033,0004774,155,54,059,15500US5443300059,"Mingo County (part), Kermit town, West Virginia",157,126,93,33,4,29,31,26,5
ACSSF,2009e5,wv,000,0033,0004775,155,54,057,15500US5443492057,"Mineral County (part), Keyser city, West Virginia",2216,1352,903,449,151,298,864,737,127
ACSSF,2009e5,wv,000,0033,0004776,155,54,047,15500US5443516047,"McDowell County (part), Keystone city, West Virginia",146,71,41,30,11,19,75,75,0
ACSSF,2009e5,wv,000,0033,0004777,155,54,047,15500US5443780047,"McDowell County (part), Kimball town, West Virginia",132,100,63,37,3,34,32,29,3
ACSSF,2009e5,wv,000,0033,0004778,155,54,077,15500US5444044077,"Preston County (part), Kingwood city, West Virginia",1376,895,656,239,46,193,481,419,62
ACSSF,2009e5,wv,000,0033,0004779,155,54,053,15500US5446300053,"Mason County (part), Leon town, West Virginia",61,45,38,7,5,2,16,16,0
ACSSF,2009e5,wv,000,0033,0004780,155,54,081,15500US5446468081,"Raleigh County (part), Lester town, West Virginia",120,82,62,20,0,20,38,36,2
ACSSF,2009e5,wv,000,0033,0004781,155,54,025,15500US5446636025,"Greenbrier County (part), Lewisburg city, West Virginia",1767,882,778,104,40,64,885,760,125
ACSSF,2009e5,wv,000,0033,0004782,155,54,045,15500US5448148045,"Logan County (part), Logan city, West Virginia",829,486,285,201,36,165,343,328,15
ACSSF,2009e5,wv,000,0033,0004783,155,54,033,15500US5448748033,"Harrison County (part), Lost Creek town, West Virginia",154,118,65,53,3,50,36,30,6
ACSSF,2009e5,wv,000,0033,0004784,155,54,107,15500US5449156107,"Wood County (part), Lubeck CDP, West Virginia",556,424,258,166,106,60,132,116,16
ACSSF,2009e5,wv,000,0033,0004785,155,54,033,15500US5449252033,"Harrison County (part), Lumberport town, West Virginia",465,376,241,135,24,111,89,70,19
ACSSF,2009e5,wv,000,0033,0004786,155,54,081,15500US5449492081,"Raleigh County (part), Mabscott town, West Virginia",597,449,348,101,27,74,148,99,49
ACSSF,2009e5,wv,000,0033,0004787,155,54,081,15500US5449564081,"Raleigh County (part), MacArthur CDP, West Virginia",675,356,261,95,0,95,319,268,51
ACSSF,2009e5,wv,000,0033,0004788,155,54,051,15500US5450260051,"Marshall County (part), McMechen city, West Virginia",846,454,352,102,19,83,392,353,39
ACSSF,2009e5,wv,000,0033,0004789,155,54,005,15500US5450524005,"Boone County (part), Madison city, West Virginia",1175,759,582,177,49,128,416,377,39
ACSSF,2009e5,wv,000,0033,0004790,155,54,045,15500US5450860045,"Logan County (part), Mallory CDP, West Virginia",383,280,223,57,11,46,103,103,0
ACSSF,2009e5,wv,000,0033,0004791,155,54,045,15500US5450932045,"Logan County (part), Man town, West Virginia",400,320,263,57,17,40,80,64,16
ACSSF,2009e5,wv,000,0033,0004792,155,54,049,15500US5451100049,"Marion County (part), Mannington city, West Virginia",910,678,499,179,53,126,232,140,92
ACSSF,2009e5,wv,000,0033,0004793,155,54,075,15500US5451676075,"Pocahontas County (part), Marlinton town, West Virginia",610,340,190,150,46,104,270,226,44
ACSSF,2009e5,wv,000,0033,0004794,155,54,039,15500US5451724039,"Kanawha County (part), Marmet city, West Virginia",751,518,379,139,41,98,233,208,25
ACSSF,2009e5,wv,000,0033,0004795,155,54,003,15500US5452060003,"Berkeley County (part), Martinsburg city, West Virginia",7263,3882,2430,1452,297,1155,3381,2783,598
ACSSF,2009e5,wv,000,0033,0004796,155,54,053,15500US5452180053,"Mason County (part), Mason town, West Virginia",412,272,185,87,14,73,140,114,26
ACSSF,2009e5,wv,000,0033,0004797,155,54,077,15500US5452228077,"Preston County (part), Masontown town, West Virginia",323,211,177,34,5,29,112,112,0
ACSSF,2009e5,wv,000,0033,0004798,155,54,059,15500US5452324059,"Mingo County (part), Matewan town, West Virginia",308,122,88,34,4,30,186,182,4
ACSSF,2009e5,wv,000,0033,0004799,155,54,055,15500US5452420055,"Mercer County (part), Matoaka town, West Virginia",134,72,45,27,20,7,62,52,10
ACSSF,2009e5,wv,000,0033,0004800,155,54,019,15500US5452780019,"Fayette County (part), Meadow Bridge town, West Virginia",127,88,59,29,0,29,39,39,0
ACSSF,2009e5,wv,000,0033,0004801,155,54,095,15500US5453572095,"Tyler County (part), Middlebourne town, West Virginia",428,261,179,82,25,57,167,160,7
ACSSF,2009e5,wv,000,0033,0004802,155,54,083,15500US5454100083,"Randolph County (part), Mill Creek town, West Virginia",300,187,154,33,3,30,113,113,0
ACSSF,2009e5,wv,000,0033,0004803,155,54,011,15500US5454484011,"Cabell County (part), Milton town, West Virginia",1048,626,453,173,41,132,422,385,37
ACSSF,2009e5,wv,000,0033,0004804,155,54,107,15500US5454580107,"Wood County (part), Mineralwells CDP, West Virginia",714,599,506,93,22,71,115,90,25
ACSSF,2009e5,wv,000,0033,0004805,155,54,045,15500US5454892045,"Logan County (part), Mitchell Heights town, West Virginia",175,125,106,19,0,19,50,50,0
ACSSF,2009e5,wv,000,0033,0004806,155,54,049,15500US5455276049,"Marion County (part), Monongah town, West Virginia",421,348,225,123,22,101,73,70,3
ACSSF,2009e5,wv,000,0033,0004807,155,54,055,15500US5455372055,"Mercer County (part), Montcalm CDP, West Virginia",287,201,192,9,0,9,86,67,19
ACSSF,2009e5,wv,000,0033,0004808,155,54,019,15500US5455468019,"Fayette County (part), Montgomery city, West Virginia",406,187,95,92,3,89,219,196,23
ACSSF,2009e5,wv,000,0033,0004809,155,54,039,15500US5455468039,"Kanawha County (part), Montgomery city, West Virginia",305,213,131,82,13,69,92,86,6
ACSSF,2009e5,wv,000,0033,0004810,155,54,083,15500US5455540083,"Randolph County (part), Montrose town, West Virginia",44,32,15,17,3,14,12,12,0
ACSSF,2009e5,wv,000,0033,0004811,155,54,031,15500US5455588031,"Hardy County (part), Moorefield town, West Virginia",1145,681,440,241,28,213,464,400,64
ACSSF,2009e5,wv,000,0033,0004812,155,54,061,15500US5455756061,"Monongalia County (part), Morgantown city, West Virginia",9706,4007,2986,1021,398,623,5699,4119,1580
ACSSF,2009e5,wv,000,0033,0004813,155,54,051,15500US5456020051,"Marshall County (part), Moundsville city, West Virginia",3909,2444,1718,726,241,485,1465,1283,182
ACSSF,2009e5,wv,000,0033,0004814,155,54,045,15500US5456342045,"Logan County (part), Mount Gay-Shamrock CDP, West Virginia",771,546,402,144,46,98,225,198,27
ACSSF,2009e5,wv,000,0033,0004815,155,54,019,15500US5456404019,"Fayette County (part), Mount Hope city, West Virginia",699,456,279,177,41,136,243,205,38
ACSSF,2009e5,wv,000,0033,0004816,155,54,109,15500US5457148109,"Wyoming County (part), Mullens city, West Virginia",736,499,353,146,43,103,237,222,15
ACSSF,2009e5,wv,000,0033,0004817,155,54,077,15500US5458300077,"Preston County (part), Newburg town, West Virginia",191,128,111,17,12,5,63,55,8
ACSSF,2009e5,wv,000,0033,0004818,155,54,029,15500US5458372029,"Hancock County (part), New Cumberland city, West Virginia",497,300,207,93,37,56,197,183,14
ACSSF,2009e5,wv,000,0033,0004819,155,54,029,15500US5458420029,"Hancock County (part), Newell CDP, West Virginia",592,407,252,155,55,100,185,185,0
ACSSF,2009e5,wv,000,0033,0004820,155,54,053,15500US5458564053,"Mason County (part), New Haven town, West Virginia",763,528,359,169,31,138,235,217,18
ACSSF,2009e5,wv,000,0033,0004821,155,54,103,15500US5458684103,"Wetzel County (part), New Martinsville city, West Virginia",2674,1511,1273,238,29,209,1163,994,169
ACSSF,2009e5,wv,000,0033,0004822,155,54,039,15500US5459068039,"Kanawha County (part), Nitro city, West Virginia",2304,1504,941,563,147,416,800,708,92
ACSSF,2009e5,wv,000,0033,0004823,155,54,079,15500US5459068079,"Putnam County (part), Nitro city, West Virginia",589,436,278,158,49,109,153,114,39
ACSSF,2009e5,wv,000,0033,0004824,155,54,047,15500US5459428047,"McDowell County (part), Northfork town, West Virginia",288,172,57,115,6,109,116,97,19
ACSSF,2009e5,wv,000,0033,0004825,155,54,107,15500US5459458107,"Wood County (part), North Hills town, West Virginia",326,247,210,37,27,10,79,43,36
ACSSF,2009e5,wv,000,0033,0004826,155,54,033,15500US5459836033,"Harrison County (part), Nutter Fort town, West Virginia",803,460,348,112,24,88,343,250,93
ACSSF,2009e5,wv,000,0033,0004827,155,54,019,15500US5460028019,"Fayette County (part), Oak Hill city, West Virginia",3589,2113,1603,510,161,349,1476,1389,87
ACSSF,2009e5,wv,000,0033,0004828,155,54,055,15500US5460196055,"Mercer County (part), Oakvale town, West Virginia",36,23,12,11,0,11,13,13,0
ACSSF,2009e5,wv,000,0033,0004829,155,54,109,15500US5460364109,"Wyoming County (part), Oceana town, West Virginia",624,362,260,102,13,89,262,252,10
ACSSF,2009e5,wv,000,0033,0004830,155,54,095,15500US5461636095,"Tyler County (part), Paden City city, West Virginia",374,243,197,46,24,22,131,113,18
ACSSF,2009e5,wv,000,0033,0004831,155,54,103,15500US5461636103,"Wetzel County (part), Paden City city, West Virginia",737,505,400,105,20,85,232,215,17
ACSSF,2009e5,wv,000,0033,0004832,155,54,107,15500US5462140107,"Wood County (part), Parkersburg city, West Virginia",14355,8459,5592,2867,633,2234,5896,4994,902
ACSSF,2009e5,wv,000,0033,0004833,155,54,093,15500US5462284093,"Tucker County (part), Parsons city, West Virginia",689,485,368,117,32,85,204,181,23
ACSSF,2009e5,wv,000,0033,0004834,155,54,065,15500US5462332065,"Morgan County (part), Paw Paw town, West Virginia",195,106,64,42,0,42,89,85,4
ACSSF,2009e5,wv,000,0033,0004835,155,54,019,15500US5462356019,"Fayette County (part), Pax town, West Virginia",61,42,34,8,0,8,19,19,0
ACSSF,2009e5,wv,000,0033,0004836,155,54,011,15500US5462488011,"Cabell County (part), Pea Ridge CDP, West Virginia",2842,1673,1479,194,27,167,1169,822,347
ACSSF,2009e5,wv,000,0033,0004837,155,54,085,15500US5462764085,"Ritchie County (part), Pennsboro city, West Virginia",555,377,264,113,16,97,178,160,18
ACSSF,2009e5,wv,000,0033,0004838,155,54,023,15500US5462956023,"Grant County (part), Petersburg city, West Virginia",1292,716,535,181,68,113,576,478,98
ACSSF,2009e5,wv,000,0033,0004839,155,54,063,15500US5463052063,"Monroe County (part), Peterstown town, West Virginia",255,151,113,38,2,36,104,81,23
ACSSF,2009e5,wv,000,0033,0004840,155,54,001,15500US5463292001,"Barbour County (part), Philippi city, West Virginia",1230,645,418,227,49,178,585,476,109
ACSSF,2009e5,wv,000,0033,0004841,155,54,057,15500US5463604057,"Mineral County (part), Piedmont town, West Virginia",502,329,155,174,32,142,173,160,13
ACSSF,2009e5,wv,000,0033,0004842,155,54,039,15500US5463772039,"Kanawha County (part), Pinch CDP, West Virginia",1107,899,784,115,0,115,208,191,17
ACSSF,2009e5,wv,000,0033,0004843,155,54,103,15500US5463892103,"Wetzel County (part), Pine Grove town, West Virginia",203,161,125,36,17,19,42,42,0
ACSSF,2009e5,wv,000,0033,0004844,155,54,109,15500US5463940109,"Wyoming County (part), Pineville town, West Virginia",333,261,195,66,12,54,72,67,5
ACSSF,2009e5,wv,000,0033,0004845,155,54,081,15500US5463988081,"Raleigh County (part), Piney View CDP, West Virginia",404,297,187,110,47,63,107,84,23
ACSSF,2009e5,wv,000,0033,0004846,155,54,049,15500US5464228049,"Marion County (part), Pleasant Valley city, West Virginia",1427,932,725,207,47,160,495,411,84
ACSSF,2009e5,wv,000,0033,0004847,155,54,079,15500US5464516079,"Putnam County (part), Poca town, West Virginia",461,350,253,97,22,75,111,89,22
ACSSF,2009e5,wv,000,0033,0004848,155,54,053,15500US5464708053,"Mason County (part), Point Pleasant city, West Virginia",1989,1118,750,368,96,272,871,826,45
ACSSF,2009e5,wv,000,0033,0004849,155,54,019,15500US5465284019,"Fayette County (part), Powellton CDP, West Virginia",748,543,417,126,53,73,205,148,57
ACSSF,2009e5,wv,000,0033,0004850,155,54,039,15500US5465356039,"Kanawha County (part), Pratt town, West Virginia",181,161,127,34,11,23,20,16,4
ACSSF,2009e5,wv,000,0033,0004851,155,54,055,15500US5465692055,"Mercer County (part), Princeton city, West Virginia",2698,1603,1138,465,187,278,1095,953,142
ACSSF,2009e5,wv,000,0033,0004852,155,54,081,15500US5465836081,"Raleigh County (part), Prosperity CDP, West Virginia",631,351,165,186,59,127,280,238,42
ACSSF,2009e5,wv,000,0033,0004853,155,54,085,15500US5465956085,"Ritchie County (part), Pullman town, West Virginia",66,59,48,11,7,4,7,7,0
ACSSF,2009e5,wv,000,0033,0004854,155,54,025,15500US5466412025,"Greenbrier County (part), Quinwood town, West Virginia",170,117,88,29,10,19,53,45,8
ACSSF,2009e5,wv,000,0033,0004855,155,54,025,15500US5466652025,"Greenbrier County (part), Rainelle town, West Virginia",847,543,371,172,26,146,304,274,30
ACSSF,2009e5,wv,000,0033,0004856,155,54,037,15500US5466988037,"Jefferson County (part), Ranson corporation, West Virginia",1859,1286,754,532,100,432,573,455,118
ACSSF,2009e5,wv,000,0033,0004857,155,54,035,15500US5467108035,"Jackson County (part), Ravenswood city, West Virginia",1755,1090,821,269,36,233,665,540,125
ACSSF,2009e5,wv,000,0033,0004858,155,54,059,15500US5467396059,"Mingo County (part), Red Jacket CDP, West Virginia",355,277,173,104,51,53,78,78,0
ACSSF,2009e5,wv,000,0033,0004859,155,54,077,15500US5467636077,"Preston County (part), Reedsville town, West Virginia",188,119,97,22,0,22,69,41,28
ACSSF,2009e5,wv,000,0033,0004860,155,54,087,15500US5467660087,"Roane County (part), Reedy town, West Virginia",49,29,18,11,4,7,20,19,1
ACSSF,2009e5,wv,000,0033,0004861,155,54,081,15500US5467996081,"Raleigh County (part), Rhodell town, West Virginia",68,42,25,17,3,14,26,20,6
ACSSF,2009e5,wv,000,0033,0004862,155,54,067,15500US5468116067,"Nicholas County (part), Richwood city, West Virginia",868,593,406,187,61,126,275,228,47
ACSSF,2009e5,wv,000,0033,0004863,155,54,057,15500US5468260057,"Mineral County (part), Ridgeley town, West Virginia",339,182,144,38,15,23,157,129,28
ACSSF,2009e5,wv,000,0033,0004864,155,54,035,15500US5468596035,"Jackson County (part), Ripley city, West Virginia",1128,702,599,103,51,52,426,299,127
ACSSF,2009e5,wv,000,0033,0004865,155,54,049,15500US5468908049,"Marion County (part), Rivesville town, West Virginia",418,274,172,102,38,64,144,131,13
ACSSF,2009e5,wv,000,0033,0004866,155,54,027,15500US5470084027,"Hampshire County (part), Romney city, West Virginia",918,377,283,94,11,83,541,485,56
ACSSF,2009e5,wv,000,0033,0004867,155,54,025,15500US5470156025,"Greenbrier County (part), Ronceverte city, West Virginia",794,468,337,131,25,106,326,277,49
ACSSF,2009e5,wv,000,0033,0004868,155,54,077,15500US5470588077,"Preston County (part), Rowlesburg town, West Virginia",249,166,139,27,3,24,83,49,34
ACSSF,2009e5,wv,000,0033,0004869,155,54,025,15500US5470828025,"Greenbrier County (part), Rupert town, West Virginia",444,270,156,114,20,94,174,137,37
ACSSF,2009e5,wv,000,0033,0004870,155,54,039,15500US5471212039,"Kanawha County (part), St. Albans city, West Virginia",4989,3044,2242,802,190,612,1945,1729,216
ACSSF,2009e5,wv,000,0033,0004871,155,54,073,15500US5471356073,"Pleasants County (part), St. Marys city, West Virginia",885,556,431,125,13,112,329,303,26
ACSSF,2009e5,wv,000,0033,0004872,155,54,033,15500US5471380033,"Harrison County (part), Salem city, West Virginia",727,370,253,117,24,93,357,291,66
ACSSF,2009e5,wv,000,0033,0004873,155,54,021,15500US5471620021,"Gilmer County (part), Sand Fork town, West Virginia",78,55,21,34,0,34,23,8,15
ACSSF,2009e5,wv,000,0033,0004874,155,54,081,15500US5473108081,"Raleigh County (part), Shady Spring CDP, West Virginia",1024,688,524,164,54,110,336,279,57
ACSSF,2009e5,wv,000,0033,0004875,155,54,037,15500US5473468037,"Jefferson County (part), Shepherdstown town, West Virginia",321,153,99,54,13,41,168,120,48
ACSSF,2009e5,wv,000,0033,0004876,155,54,033,15500US5473636033,"Harrison County (part), Shinnston city, West Virginia",1016,710,597,113,9,104,306,283,23
ACSSF,2009e5,wv,000,0033,0004877,155,54,039,15500US5474356039,"Kanawha County (part), Sissonville CDP, West Virginia",1915,1343,1096,247,27,220,572,493,79
ACSSF,2009e5,wv,000,0033,0004878,155,54,095,15500US5474380095,"Tyler County (part), Sistersville city, West Virginia",700,435,342,93,8,85,265,225,40
ACSSF,2009e5,wv,000,0033,0004879,155,54,019,15500US5474740019,"Fayette County (part), Smithers city, West Virginia",402,214,84,130,41,89,188,173,15
ACSSF,2009e5,wv,000,0033,0004880,155,54,039,15500US5474740039,"Kanawha County (part), Smithers city, West Virginia",0,0,0,0,0,0,0,0,0
ACSSF,2009e5,wv,000,0033,0004881,155,54,103,15500US5474788103,"Wetzel County (part), Smithfield town, West Virginia",72,35,27,8,4,4,37,37,0
ACSSF,2009e5,wv,000,0033,0004882,155,54,081,15500US5475172081,"Raleigh County (part), Sophia town, West Virginia",531,353,278,75,0,75,178,157,21
ACSSF,2009e5,wv,000,0033,0004883,155,54,039,15500US5475292039,"Kanawha County (part), South Charleston city, West Virginia",5696,3505,2401,1104,162,942,2191,2043,148
ACSSF,2009e5,wv,000,0033,0004884,155,54,087,15500US5475820087,"Roane County (part), Spencer city, West Virginia",1054,567,383,184,64,120,487,473,14
ACSSF,2009e5,wv,000,0033,0004885,155,54,081,15500US5476444081,"Raleigh County (part), Stanaford CDP, West Virginia",771,477,380,97,53,44,294,294,0
ACSSF,2009e5,wv,000,0033,0004886,155,54,061,15500US5476516061,"Monongalia County (part), Star City town, West Virginia",779,345,249,96,41,55,434,343,91
ACSSF,2009e5,wv,000,0033,0004887,155,54,033,15500US5477188033,"Harrison County (part), Stonewood city, West Virginia",971,560,391,169,12,157,411,361,50
ACSSF,2009e5,wv,000,0033,0004888,155,54,067,15500US5477980067,"Nicholas County (part), Summersville town, West Virginia",1618,978,853,125,17,108,640,588,52
ACSSF,2009e5,wv,000,0033,0004889,155,54,007,15500US5478580007,"Braxton County (part), Sutton town, West Virginia",538,347,200,147,36,111,191,176,15
ACSSF,2009e5,wv,000,0033,0004890,155,54,045,15500US5478796045,"Logan County (part), Switzer CDP, West Virginia",562,376,299,77,0,77,186,151,35
ACSSF,2009e5,wv,000,0033,0004891,155,54,005,15500US5478964005,"Boone County (part), Sylvester town, West Virginia",75,50,41,9,6,3,25,22,3
ACSSF,2009e5,wv,000,0033,0004892,155,54,079,15500US5479545079,"Putnam County (part), Teays Valley CDP, West Virginia",5442,3950,3365,585,216,369,1492,1328,164
ACSSF,2009e5,wv,000,0033,0004893,155,54,077,15500US5479708077,"Preston County (part), Terra Alta town, West Virginia",745,557,351,206,67,139,188,150,38
ACSSF,2009e5,wv,000,0033,0004894,155,54,093,15500US5480020093,"Tucker County (part), Thomas city, West Virginia",215,138,102,36,10,26,77,73,4
ACSSF,2009e5,wv,000,0033,0004895,155,54,019,15500US5480284019,"Fayette County (part), Thurmond town, West Virginia",2,0,0,0,0,0,2,2,0
ACSSF,2009e5,wv,000,0033,0004896,155,54,039,15500US5480764039,"Kanawha County (part), Tornado CDP, West Virginia",561,487,406,81,21,60,74,74,0
ACSSF,2009e5,wv,000,0033,0004897,155,54,069,15500US5480932069,"Ohio County (part), Triadelphia town, West Virginia",392,213,163,50,28,22,179,131,48
ACSSF,2009e5,wv,000,0033,0004898,155,54,077,15500US5481268077,"Preston County (part), Tunnelton town, West Virginia",125,90,76,14,0,14,35,32,3
ACSSF,2009e5,wv,000,0033,0004899,155,54,063,15500US5481940063,"Monroe County (part), Union town, West Virginia",319,177,98,79,39,40,142,110,32
ACSSF,2009e5,wv,000,0033,0004900,155,54,069,15500US5482732069,"Ohio County (part), Valley Grove village, West Virginia",162,123,91,32,2,30,39,35,4
ACSSF,2009e5,wv,000,0033,0004901,155,54,107,15500US5483500107,"Wood County (part), Vienna city, West Virginia",4871,3046,2593,453,162,291,1825,1547,278
ACSSF,2009e5,wv,000,0033,0004902,155,54,047,15500US5484484047,"McDowell County (part), War city, West Virginia",310,191,124,67,21,46,119,100,19
ACSSF,2009e5,wv,000,0033,0004903,155,54,031,15500US5484580031,"Hardy County (part), Wardensville town, West Virginia",135,86,66,20,9,11,49,40,9
ACSSF,2009e5,wv,000,0033,0004904,155,54,107,15500US5484724107,"Wood County (part), Washington CDP, West Virginia",547,416,384,32,0,32,131,117,14
ACSSF,2009e5,wv,000,0033,0004905,155,54,099,15500US5484940099,"Wayne County (part), Wayne town, West Virginia",615,404,270,134,29,105,211,173,38
ACSSF,2009e5,wv,000,0033,0004906,155,54,009,15500US5485156009,"Brooke County (part), Weirton city, West Virginia",1712,1080,634,446,88,358,632,555,77
ACSSF,2009e5,wv,000,0033,0004907,155,54,029,15500US5485156029,"Hancock County (part), Weirton city, West Virginia",7084,4474,3190,1284,362,922,2610,2252,358
ACSSF,2009e5,wv,000,0033,0004908,155,54,047,15500US5485228047,"McDowell County (part), Welch city, West Virginia",890,510,371,139,33,106,380,350,30
ACSSF,2009e5,wv,000,0033,0004909,155,54,009,15500US5485324009,"Brooke County (part), Wellsburg city, West Virginia",1313,754,496,258,78,180,559,475,84
ACSSF,2009e5,wv,000,0033,0004910,155,54,043,15500US5485804043,"Lincoln County (part), West Hamlin town, West Virginia",322,186,109,77,14,63,136,136,0
ACSSF,2009e5,wv,000,0033,0004911,155,54,069,15500US5485876069,"Ohio County (part), West Liberty town, West Virginia",194,65,50,15,2,13,129,59,70
ACSSF,2009e5,wv,000,0033,0004912,155,54,045,15500US5485900045,"Logan County (part), West Logan town, West Virginia",231,140,99,41,6,35,91,80,11
ACSSF,2009e5,wv,000,0033,0004913,155,54,033,15500US5485924033,"Harrison County (part), West Milford town, West Virginia",312,262,195,67,13,54,50,47,3
ACSSF,2009e5,wv,000,0033,0004914,155,54,041,15500US5485972041,"Lewis County (part), Weston city, West Virginia",1795,1102,766,336,46,290,693,665,28
ACSSF,2009e5,wv,000,0033,0004915,155,54,061,15500US5485996061,"Monongalia County (part), Westover city, West Virginia",1532,956,734,222,41,181,576,518,58
ACSSF,2009e5,wv,000,0033,0004916,155,54,017,15500US5486116017,"Doddridge County (part), West Union town, West Virginia",285,191,140,51,8,43,94,87,7
ACSSF,2009e5,wv,000,0033,0004917,155,54,051,15500US5486452051,"Marshall County (part), Wheeling city, West Virginia",154,97,97,0,0,0,57,57,0
ACSSF,2009e5,wv,000,0033,0004918,155,54,069,15500US5486452069,"Ohio County (part), Wheeling city, West Virginia",13530,7501,5438,2063,446,1617,6029,5393,636
ACSSF,2009e5,wv,000,0033,0004919,155,54,049,15500US5486620049,"Marion County (part), White Hall town, West Virginia",325,167,133,34,5,29,158,140,18
ACSSF,2009e5,wv,000,0033,0004920,155,54,025,15500US5486812025,"Greenbrier County (part), White Sulphur Springs city, West Virginia",1155,778,477,301,114,187,377,336,41
ACSSF,2009e5,wv,000,0033,0004921,155,54,005,15500US5486836005,"Boone County (part), Whitesville town, West Virginia",230,129,111,18,0,18,101,92,9
ACSSF,2009e5,wv,000,0033,0004922,155,54,057,15500US5487316057,"Mineral County (part), Wiley Ford CDP, West Virginia",487,317,252,65,25,40,170,170,0
ACSSF,2009e5,wv,000,0033,0004923,155,54,059,15500US5487508059,"Mingo County (part), Williamson city, West Virginia",1564,884,679,205,14,191,680,605,75
ACSSF,2009e5,wv,000,0033,0004924,155,54,107,15500US5487556107,"Wood County (part), Williamstown city, West Virginia",1219,834,667,167,37,130,385,366,19
ACSSF,2009e5,wv,000,0033,0004925,155,54,009,15500US5487892009,"Brooke County (part), Windsor Heights village, West Virginia",176,121,94,27,9,18,55,47,8
ACSSF,2009e5,wv,000,0033,0004926,155,54,079,15500US5487988079,"Putnam County (part), Winfield town, West Virginia",863,633,541,92,23,69,230,187,43
ACSSF,2009e5,wv,000,0033,0004927,155,54,083,15500US5488324083,"Randolph County (part), Womelsdorf (Coalton) town, West Virginia",104,61,41,20,13,7,43,37,6
ACSSF,2009e5,wv,000,0033,0004928,155,54,049,15500US5488708049,"Marion County (part), Worthington town, West Virginia",73,50,35,15,4,11,23,23,0
ACSSF,2009e5,wv,000,0033,0004929,160,54,   ,16000US5400364,"Addison (Webster Springs) town, West Virginia",456,293,184,109,3,106,163,143,20
ACSSF,2009e5,wv,000,0033,0004930,160,54,   ,16000US5400748,"Albright town, West Virginia",121,79,74,5,0,5,42,21,21
ACSSF,2009e5,wv,000,0033,0004931,160,54,   ,16000US5400772,"Alderson town, West Virginia",560,341,223,118,8,110,219,151,68
ACSSF,2009e5,wv,000,0033,0004932,160,54,   ,16000US5401396,"Alum Creek CDP, West Virginia",673,507,395,112,0,112,166,148,18
ACSSF,2009e5,wv,000,0033,0004933,160,54,   ,16000US5401672,"Amherstdale-Robinette CDP, West Virginia",800,599,399,200,151,49,201,179,22
ACSSF,2009e5,wv,000,0033,0004934,160,54,   ,16000US5401780,"Anawalt town, West Virginia",84,57,37,20,5,15,27,24,3
ACSSF,2009e5,wv,000,0033,0004935,160,54,   ,16000US5401900,"Anmoore town, West Virginia",346,230,128,102,15,87,116,109,7
ACSSF,2009e5,wv,000,0033,0004936,160,54,   ,16000US5401996,"Ansted town, West Virginia",627,417,339,78,17,61,210,188,22
ACSSF,2009e5,wv,000,0033,0004937,160,54,   ,16000US5403292,"Athens town, West Virginia",320,207,169,38,3,35,113,73,40
ACSSF,2009e5,wv,000,0033,0004938,160,54,   ,16000US5403364,"Auburn town, West Virginia",35,24,23,1,0,1,11,11,0
ACSSF,2009e5,wv,000,0033,0004939,160,54,   ,16000US5404204,"Bancroft town, West Virginia",116,60,49,11,0,11,56,43,13
ACSSF,2009e5,wv,000,0033,0004940,160,54,   ,16000US5404276,"Barboursville village, West Virginia",1566,1011,819,192,31,161,555,503,52
ACSSF,2009e5,wv,000,0033,0004941,160,54,   ,16000US5404612,"Barrackville town, West Virginia",618,483,383,100,39,61,135,119,16
ACSSF,2009e5,wv,000,0033,0004942,160,54,   ,16000US5404876,"Bath (Berkeley Springs) town, West Virginia",417,201,152,49,17,32,216,203,13
ACSSF,2009e5,wv,000,0033,0004943,160,54,   ,16000US5404924,"Bayard town, West Virginia",159,107,86,21,9,12,52,29,23
ACSSF,2009e5,wv,000,0033,0004944,160,54,   ,16000US5405260,"Beaver CDP, West Virginia",749,433,270,163,93,70,316,316,0
ACSSF,2009e5,wv,000,0033,0004945,160,54,   ,16000US5405332,"Beckley city, West Virginia",7144,4312,2904,1408,405,1003,2832,2555,277
ACSSF,2009e5,wv,000,0033,0004946,160,54,   ,16000US5405452,"Beech Bottom village, West Virginia",197,116,72,44,8,36,81,68,13
ACSSF,2009e5,wv,000,0033,0004947,160,54,   ,16000US5405788,"Belington town, West Virginia",746,579,428,151,54,97,167,148,19
ACSSF,2009e5,wv,000,0033,0004948,160,54,   ,16000US5405836,"Belle town, West Virginia",573,335,231,104,22,82,238,227,11
ACSSF,2009e5,wv,000,0033,0004949,160,54,   ,16000US5406004,"Belmont city, West Virginia",364,195,149,46,10,36,169,159,10
ACSSF,2009e5,wv,000,0033,0004950,160,54,   ,16000US5406340,"Benwood city, West Virginia",702,378,219,159,42,117,324,289,35
ACSSF,2009e5,wv,000,0033,0004951,160,54,   ,16000US5406844,"Bethany town, West Virginia",142,85,66,19,9,10,57,50,7
ACSSF,2009e5,wv,000,0033,0004952,160,54,   ,16000US5406940,"Bethlehem village, West Virginia",1190,782,701,81,12,69,408,379,29
ACSSF,2009e5,wv,000,0033,0004953,160,54,   ,16000US5406988,"Beverly town, West Virginia",346,181,111,70,16,54,165,151,14
ACSSF,2009e5,wv,000,0033,0004954,160,54,   ,16000US5408092,"Blacksville town, West Virginia",54,30,22,8,3,5,24,22,2
ACSSF,2009e5,wv,000,0033,0004955,160,54,   ,16000US5408308,"Blennerhassett CDP, West Virginia",1210,847,644,203,62,141,363,354,9
ACSSF,2009e5,wv,000,0033,0004956,160,54,   ,16000US5408524,"Bluefield city, West Virginia",5069,2834,2029,805,129,676,2235,2030,205
ACSSF,2009e5,wv,000,0033,0004957,160,54,   ,16000US5408836,"Boaz CDP, West Virginia",660,490,395,95,29,66,170,143,27
ACSSF,2009e5,wv,000,0033,0004958,160,54,   ,16000US5408932,"Bolivar town, West Virginia",414,211,167,44,5,39,203,171,32
ACSSF,2009e5,wv,000,0033,0004959,160,54,   ,16000US5409676,"Bradley CDP, West Virginia",802,598,543,55,23,32,204,180,24
ACSSF,2009e5,wv,000,0033,0004960,160,54,   ,16000US5409700,"Bradshaw town, West Virginia",127,86,60,26,15,11,41,41,0
ACSSF,2009e5,wv,000,0033,0004961,160,54,   ,16000US5409796,"Bramwell town, West Virginia",159,97,60,37,11,26,62,59,3
ACSSF,2009e5,wv,000,0033,0004962,160,54,   ,16000US5409844,"Brandonville town, West Virginia",29,22,17,5,0,5,7,7,0
ACSSF,2009e5,wv,000,0033,0004963,160,54,   ,16000US5410180,"Bridgeport city, West Virginia",3139,2285,1878,407,148,259,854,774,80
ACSSF,2009e5,wv,000,0033,0004964,160,54,   ,16000US5410420,"Brookhaven CDP, West Virginia",1582,1234,940,294,121,173,348,256,92
ACSSF,2009e5,wv,000,0033,0004965,160,54,   ,16000US5410852,"Bruceton Mills town, West Virginia",38,28,14,14,7,7,10,10,0
ACSSF,2009e5,wv,000,0033,0004966,160,54,   ,16000US5411188,"Buckhannon city, West Virginia",1991,1059,777,282,24,258,932,793,139
ACSSF,2009e5,wv,000,0033,0004967,160,54,   ,16000US5411284,"Buffalo town, West Virginia",544,388,296,92,56,36,156,129,27
ACSSF,2009e5,wv,000,0033,0004968,160,54,   ,16000US5411716,"Burnsville town, West Virginia",197,113,91,22,0,22,84,57,27
ACSSF,2009e5,wv,000,0033,0004969,160,54,   ,16000US5412124,"Cairo town, West Virginia",101,66,46,20,10,10,35,28,7
ACSSF,2009e5,wv,000,0033,0004970,160,54,   ,16000US5412436,"Camden-on-Gauley town, West Virginia",81,38,14,24,0,24,43,33,10
ACSSF,2009e5,wv,000,0033,0004971,160,54,   ,16000US5412484,"Cameron city, West Virginia",486,336,250,86,39,47,150,136,14
ACSSF,2009e5,wv,000,0033,0004972,160,54,   ,16000US5413108,"Capon Bridge town, West Virginia",123,77,46,31,8,23,46,43,3
ACSSF,2009e5,wv,000,0033,0004973,160,54,   ,16000US5413525,"Carpendale town, West Virginia",389,281,249,32,0,32,108,71,37
ACSSF,2009e5,wv,000,0033,0004974,160,54,   ,16000US5413756,"Cassville CDP, West Virginia",487,394,360,34,6,28,93,69,24
ACSSF,2009e5,wv,000,0033,0004975,160,54,   ,16000US5413924,"Cedar Grove town, West Virginia",358,253,139,114,30,84,105,76,29
ACSSF,2009e5,wv,000,0033,0004976,160,54,   ,16000US5414308,"Ceredo city, West Virginia",979,534,397,137,33,104,445,347,98
ACSSF,2009e5,wv,000,0033,0004977,160,54,   ,16000US5414524,"Chapmanville town, West Virginia",654,389,299,90,10,80,265,256,9
ACSSF,2009e5,wv,000,0033,0004978,160,54,   ,16000US5414600,"Charleston city, West Virginia",23701,12498,8913,3585,688,2897,11203,9634,1569
ACSSF,2009e5,wv,000,0033,0004979,160,54,   ,16000US5414610,"Charles Town city, West Virginia",1886,1065,879,186,55,131,821,638,183
ACSSF,2009e5,wv,000,0033,0004980,160,54,   ,16000US5414692,"Chattaroy CDP, West Virginia",493,324,222,102,23,79,169,135,34
ACSSF,2009e5,wv,000,0033,0004981,160,54,   ,16000US5414775,"Cheat Lake CDP, West Virginia",2591,1758,1506,252,110,142,833,716,117
ACSSF,2009e5,wv,000,0033,0004982,160,54,   ,16000US5415028,"Chesapeake town, West Virginia",682,421,294,127,37,90,261,215,46
ACSSF,2009e5,wv,000,0033,0004983,160,54,   ,16000US5415076,"Chester city, West Virginia",1192,617,468,149,12,137,575,521,54
ACSSF,2009e5,wv,000,0033,0004984,160,54,   ,16000US5415628,"Clarksburg city, West Virginia",7334,4363,3025,1338,308,1030,2971,2584,387
ACSSF,2009e5,wv,000,0033,0004985,160,54,   ,16000US5415676,"Clay town, West Virginia",238,96,83,13,0,13,142,119,23
ACSSF,2009e5,wv,000,0033,0004986,160,54,   ,16000US5415916,"Clearview village, West Virginia",242,202,177,25,0,25,40,37,3
ACSSF,2009e5,wv,000,0033,0004987,160,54,   ,16000US5416012,"Clendenin town, West Virginia",497,377,248,129,9,120,120,108,12
ACSSF,2009e5,wv,000,0033,0004988,160,54,   ,16000US5416516,"Coal City CDP, West Virginia",724,546,441,105,45,60,178,178,0
ACSSF,2009e5,wv,000,0033,0004989,160,54,   ,16000US5416612,"Coal Fork CDP, West Virginia",589,450,383,67,0,67,139,134,5
ACSSF,2009e5,wv,000,0033,0004990,160,54,   ,16000US5418412,"Cowen town, West Virginia",274,188,127,61,22,39,86,71,15
ACSSF,2009e5,wv,000,0033,0004991,160,54,   ,16000US5418508,"Crab Orchard CDP, West Virginia",1148,743,584,159,37,122,405,304,101
ACSSF,2009e5,wv,000,0033,0004992,160,54,   ,16000US5418604,"Craigsville CDP, West Virginia",1173,908,821,87,31,56,265,265,0
ACSSF,2009e5,wv,000,0033,0004993,160,54,   ,16000US5419108,"Cross Lanes CDP, West Virginia",4528,2637,2091,546,81,465,1891,1637,254
ACSSF,2009e5,wv,000,0033,0004994,160,54,   ,16000US5419516,"Culloden CDP, West Virginia",1099,736,535,201,92,109,363,286,77
ACSSF,2009e5,wv,000,0033,0004995,160,54,   ,16000US5420164,"Daniels CDP, West Virginia",819,532,468,64,0,64,287,258,29
ACSSF,2009e5,wv,000,0033,0004996,160,54,   ,16000US5420212,"Danville town, West Virginia",426,229,174,55,5,50,197,192,5
ACSSF,2009e5,wv,000,0033,0004997,160,54,   ,16000US5420428,"Davis town, West Virginia",250,141,92,49,10,39,109,104,5
ACSSF,2009e5,wv,000,0033,0004998,160,54,   ,16000US5420500,"Davy town, West Virginia",117,94,77,17,0,17,23,20,3
ACSSF,2009e5,wv,000,0033,0004999,160,54,   ,16000US5420980,"Delbarton town, West Virginia",219,157,93,64,25,39,62,59,3
ACSSF,2009e5,wv,000,0033,0005000,160,54,   ,16000US5421316,"Despard CDP, West Virginia",381,271,172,99,0,99,110,94,16
ACSSF,2009e5,wv,000,0033,0005001,160,54,   ,16000US5422564,"Dunbar city, West Virginia",3504,1946,1356,590,92,498,1558,1345,213
ACSSF,2009e5,wv,000,0033,0005002,160,54,   ,16000US5422852,"Durbin town, West Virginia",139,84,64,20,13,7,55,35,20
ACSSF,2009e5,wv,000,0033,0005003,160,54,   ,16000US5423092,"East Bank town, West Virginia",306,235,123,112,31,81,71,63,8
ACSSF,2009e5,wv,000,0033,0005004,160,54,   ,16000US5424292,"Eleanor town, West Virginia",660,451,353,98,35,63,209,196,13
ACSSF,2009e5,wv,000,0033,0005005,160,54,   ,16000US5424364,"Elizabeth town, West Virginia",529,339,211,128,51,77,190,164,26
ACSSF,2009e5,wv,000,0033,0005006,160,54,   ,16000US5424484,"Elk Garden town, West Virginia",102,71,47,24,9,15,31,31,0
ACSSF,2009e5,wv,000,0033,0005007,160,54,   ,16000US5424580,"Elkins city, West Virginia",2920,1643,1204,439,75,364,1277,1101,176
ACSSF,2009e5,wv,000,0033,0005008,160,54,   ,16000US5424748,"Elkview CDP, West Virginia",581,417,351,66,14,52,164,164,0
ACSSF,2009e5,wv,000,0033,0005009,160,54,   ,16000US5424844,"Ellenboro town, West Virginia",168,139,111,28,2,26,29,29,0
ACSSF,2009e5,wv,000,0033,0005010,160,54,   ,16000US5425516,"Enterprise CDP, West Virginia",420,389,306,83,23,60,31,25,6
ACSSF,2009e5,wv,000,0033,0005011,160,54,   ,16000US5426428,"Fairlea CDP, West Virginia",758,499,335,164,56,108,259,224,35
ACSSF,2009e5,wv,000,0033,0005012,160,54,   ,16000US5426452,"Fairmont city, West Virginia",7968,4385,2958,1427,267,1160,3583,2670,913
ACSSF,2009e5,wv,000,0033,0005013,160,54,   ,16000US5426524,"Fairview town, West Virginia",196,110,90,20,3,17,86,70,16
ACSSF,2009e5,wv,000,0033,0005014,160,54,   ,16000US5426692,"Falling Spring town, West Virginia",78,56,47,9,3,6,22,15,7
ACSSF,2009e5,wv,000,0033,0005015,160,54,   ,16000US5426932,"Farmington town, West Virginia",159,102,68,34,3,31,57,42,15
ACSSF,2009e5,wv,000,0033,0005016,160,54,   ,16000US5427028,"Fayetteville town, West Virginia",1078,717,517,200,81,119,361,296,65
ACSSF,2009e5,wv,000,0033,0005017,160,54,   ,16000US5427868,"Flatwoods town, West Virginia",111,72,61,11,0,11,39,33,6
ACSSF,2009e5,wv,000,0033,0005018,160,54,   ,16000US5427940,"Flemington town, West Virginia",110,95,66,29,12,17,15,15,0
ACSSF,2009e5,wv,000,0033,0005019,160,54,   ,16000US5428204,"Follansbee city, West Virginia",1269,849,642,207,73,134,420,375,45
ACSSF,2009e5,wv,000,0033,0005020,160,54,   ,16000US5428444,"Fort Ashby CDP, West Virginia",700,516,456,60,0,60,184,165,19
ACSSF,2009e5,wv,000,0033,0005021,160,54,   ,16000US5428516,"Fort Gay town, West Virginia",367,208,142,66,19,47,159,159,0
ACSSF,2009e5,wv,000,0033,0005022,160,54,   ,16000US5429044,"Franklin town, West Virginia",395,233,146,87,0,87,162,158,4
ACSSF,2009e5,wv,000,0033,0005023,160,54,   ,16000US5429404,"Friendly town, West Virginia",44,39,37,2,0,2,5,5,0
ACSSF,2009e5,wv,000,0033,0005024,160,54,   ,16000US5430196,"Gary city, West Virginia",422,241,156,85,5,80,181,164,17
ACSSF,2009e5,wv,000,0033,0005025,160,54,   ,16000US5430220,"Gassaway town, West Virginia",405,245,186,59,0,59,160,148,12
ACSSF,2009e5,wv,000,0033,0005026,160,54,   ,16000US5430364,"Gauley Bridge town, West Virginia",263,196,112,84,14,70,67,64,3
ACSSF,2009e5,wv,000,0033,0005027,160,54,   ,16000US5430772,"Gilbert town, West Virginia",204,109,90,19,9,10,95,95,0
ACSSF,2009e5,wv,000,0033,0005028,160,54,   ,16000US5430777,"Gilbert Creek CDP, West Virginia",670,568,472,96,33,63,102,102,0
ACSSF,2009e5,wv,000,0033,0005029,160,54,   ,16000US5431324,"Glasgow town, West Virginia",301,197,185,12,0,12,104,96,8
ACSSF,2009e5,wv,000,0033,0005030,160,54,   ,16000US5431492,"Glen Dale city, West Virginia",764,537,421,116,53,63,227,190,37
ACSSF,2009e5,wv,000,0033,0005031,160,54,   ,16000US5432044,"Glenville town, West Virginia",521,211,113,98,30,68,310,216,94
ACSSF,2009e5,wv,000,0033,0005032,160,54,   ,16000US5432716,"Grafton city, West Virginia",2197,1360,743,617,118,499,837,766,71
ACSSF,2009e5,wv,000,0033,0005033,160,54,   ,16000US5432884,"Grantsville town, West Virginia",228,165,112,53,33,20,63,39,24
ACSSF,2009e5,wv,000,0033,0005034,160,54,   ,16000US5432908,"Grant Town town, West Virginia",279,179,130,49,19,30,100,89,11
ACSSF,2009e5,wv,000,0033,0005035,160,54,   ,16000US5432932,"Granville town, West Virginia",283,120,90,30,6,24,163,136,27
ACSSF,2009e5,wv,000,0033,0005036,160,54,   ,16000US5434492,"Hambleton town, West Virginia",115,76,70,6,6,0,39,24,15
ACSSF,2009e5,wv,000,0033,0005037,160,54,   ,16000US5434516,"Hamlin town, West Virginia",556,320,170,150,45,105,236,208,28
ACSSF,2009e5,wv,000,0033,0005038,160,54,   ,16000US5434756,"Handley town, West Virginia",170,64,36,28,12,16,106,97,9
ACSSF,2009e5,wv,000,0033,0005039,160,54,   ,16000US5435092,"Harman town, West Virginia",69,43,7,36,4,32,26,26,0
ACSSF,2009e5,wv,000,0033,0005040,160,54,   ,16000US5435284,"Harpers Ferry town, West Virginia",116,50,50,0,0,0,66,55,11
ACSSF,2009e5,wv,000,0033,0005041,160,54,   ,16000US5435428,"Harrisville town, West Virginia",907,656,456,200,71,129,251,228,23
ACSSF,2009e5,wv,000,0033,0005042,160,54,   ,16000US5435500,"Hartford City town, West Virginia",251,187,113,74,30,44,64,58,6
ACSSF,2009e5,wv,000,0033,0005043,160,54,   ,16000US5435596,"Harts CDP, West Virginia",940,776,515,261,54,207,164,132,32
ACSSF,2009e5,wv,000,0033,0005044,160,54,   ,16000US5436220,"Hedgesville town, West Virginia",135,80,65,15,3,12,55,20,35
ACSSF,2009e5,wv,000,0033,0005045,160,54,   ,16000US5436436,"Henderson town, West Virginia",113,72,34,38,3,35,41,38,3
ACSSF,2009e5,wv,000,0033,0005046,160,54,   ,16000US5436460,"Hendricks town, West Virginia",136,97,83,14,4,10,39,27,12
ACSSF,2009e5,wv,000,0033,0005047,160,54,   ,16000US5437372,"Hillsboro town, West Virginia",111,65,57,8,0,8,46,46,0
ACSSF,2009e5,wv,000,0033,0005048,160,54,   ,16000US5437636,"Hinton city, West Virginia",1134,592,389,203,36,167,542,489,53
ACSSF,2009e5,wv,000,0033,0005049,160,54,   ,16000US5437948,"Holden CDP, West Virginia",580,442,329,113,0,113,138,138,0
ACSSF,2009e5,wv,000,0033,0005050,160,54,   ,16000US5438476,"Hooverson Heights CDP, West Virginia",1332,880,747,133,39,94,452,383,69
ACSSF,2009e5,wv,000,0033,0005051,160,54,   ,16000US5439340,"Hundred town, West Virginia",122,82,78,4,0,4,40,27,13
ACSSF,2009e5,wv,000,0033,0005052,160,54,   ,16000US5439460,"Huntington city, West Virginia",21847,11340,7694,3646,837,2809,10507,8233,2274
ACSSF,2009e5,wv,000,0033,0005053,160,54,   ,16000US5439532,"Hurricane city, West Virginia",2327,1752,1531,221,60,161,575,528,47
ACSSF,2009e5,wv,000,0033,0005054,160,54,   ,16000US5439628,"Huttonsville town, West Virginia",66,31,24,7,4,3,35,35,0
ACSSF,2009e5,wv,000,0033,0005055,160,54,   ,16000US5439652,"Iaeger town, West Virginia",147,105,98,7,0,7,42,39,3
ACSSF,2009e5,wv,000,0033,0005056,160,54,   ,16000US5440204,"Inwood CDP, West Virginia",1089,804,627,177,74,103,285,217,68
ACSSF,2009e5,wv,000,0033,0005057,160,54,   ,16000US5440828,"Jane Lew town, West Virginia",205,85,62,23,0,23,120,111,9
ACSSF,2009e5,wv,000,0033,0005058,160,54,   ,16000US5442244,"Junior town, West Virginia",139,98,58,40,14,26,41,41,0
ACSSF,2009e5,wv,000,0033,0005059,160,54,   ,16000US5443180,"Kenova city, West Virginia",1361,854,619,235,74,161,507,491,16
ACSSF,2009e5,wv,000,0033,0005060,160,54,   ,16000US5443300,"Kermit town, West Virginia",157,126,93,33,4,29,31,26,5
ACSSF,2009e5,wv,000,0033,0005061,160,54,   ,16000US5443492,"Keyser city, West Virginia",2216,1352,903,449,151,298,864,737,127
ACSSF,2009e5,wv,000,0033,0005062,160,54,   ,16000US5443516,"Keystone city, West Virginia",146,71,41,30,11,19,75,75,0
ACSSF,2009e5,wv,000,0033,0005063,160,54,   ,16000US5443780,"Kimball town, West Virginia",132,100,63,37,3,34,32,29,3
ACSSF,2009e5,wv,000,0033,0005064,160,54,   ,16000US5444044,"Kingwood city, West Virginia",1376,895,656,239,46,193,481,419,62
ACSSF,2009e5,wv,000,0033,0005065,160,54,   ,16000US5446300,"Leon town, West Virginia",61,45,38,7,5,2,16,16,0
ACSSF,2009e5,wv,000,0033,0005066,160,54,   ,16000US5446468,"Lester town, West Virginia",120,82,62,20,0,20,38,36,2
ACSSF,2009e5,wv,000,0033,0005067,160,54,   ,16000US5446636,"Lewisburg city, West Virginia",1767,882,778,104,40,64,885,760,125
ACSSF,2009e5,wv,000,0033,0005068,160,54,   ,16000US5448148,"Logan city, West Virginia",829,486,285,201,36,165,343,328,15
ACSSF,2009e5,wv,000,0033,0005069,160,54,   ,16000US5448748,"Lost Creek town, West Virginia",154,118,65,53,3,50,36,30,6
ACSSF,2009e5,wv,000,0033,0005070,160,54,   ,16000US5449156,"Lubeck CDP, West Virginia",556,424,258,166,106,60,132,116,16
ACSSF,2009e5,wv,000,0033,0005071,160,54,   ,16000US5449252,"Lumberport town, West Virginia",465,376,241,135,24,111,89,70,19
ACSSF,2009e5,wv,000,0033,0005072,160,54,   ,16000US5449492,"Mabscott town, West Virginia",597,449,348,101,27,74,148,99,49
ACSSF,2009e5,wv,000,0033,0005073,160,54,   ,16000US5449564,"MacArthur CDP, West Virginia",675,356,261,95,0,95,319,268,51
ACSSF,2009e5,wv,000,0033,0005074,160,54,   ,16000US5450260,"McMechen city, West Virginia",846,454,352,102,19,83,392,353,39
ACSSF,2009e5,wv,000,0033,0005075,160,54,   ,16000US5450524,"Madison city, West Virginia",1175,759,582,177,49,128,416,377,39
ACSSF,2009e5,wv,000,0033,0005076,160,54,   ,16000US5450860,"Mallory CDP, West Virginia",383,280,223,57,11,46,103,103,0
ACSSF,2009e5,wv,000,0033,0005077,160,54,   ,16000US5450932,"Man town, West Virginia",400,320,263,57,17,40,80,64,16
ACSSF,2009e5,wv,000,0033,0005078,160,54,   ,16000US5451100,"Mannington city, West Virginia",910,678,499,179,53,126,232,140,92
ACSSF,2009e5,wv,000,0033,0005079,160,54,   ,16000US5451676,"Marlinton town, West Virginia",610,340,190,150,46,104,270,226,44
ACSSF,2009e5,wv,000,0033,0005080,160,54,   ,16000US5451724,"Marmet city, West Virginia",751,518,379,139,41,98,233,208,25
ACSSF,2009e5,wv,000,0033,0005081,160,54,   ,16000US5452060,"Martinsburg city, West Virginia",7263,3882,2430,1452,297,1155,3381,2783,598
ACSSF,2009e5,wv,000,0033,0005082,160,54,   ,16000US5452180,"Mason town, West Virginia",412,272,185,87,14,73,140,114,26
ACSSF,2009e5,wv,000,0033,0005083,160,54,   ,16000US5452228,"Masontown town, West Virginia",323,211,177,34,5,29,112,112,0
ACSSF,2009e5,wv,000,0033,0005084,160,54,   ,16000US5452324,"Matewan town, West Virginia",308,122,88,34,4,30,186,182,4
ACSSF,2009e5,wv,000,0033,0005085,160,54,   ,16000US5452420,"Matoaka town, West Virginia",134,72,45,27,20,7,62,52,10
ACSSF,2009e5,wv,000,0033,0005086,160,54,   ,16000US5452780,"Meadow Bridge town, West Virginia",127,88,59,29,0,29,39,39,0
ACSSF,2009e5,wv,000,0033,0005087,160,54,   ,16000US5453572,"Middlebourne town, West Virginia",428,261,179,82,25,57,167,160,7
ACSSF,2009e5,wv,000,0033,0005088,160,54,   ,16000US5454100,"Mill Creek town, West Virginia",300,187,154,33,3,30,113,113,0
ACSSF,2009e5,wv,000,0033,0005089,160,54,   ,16000US5454484,"Milton town, West Virginia",1048,626,453,173,41,132,422,385,37
ACSSF,2009e5,wv,000,0033,0005090,160,54,   ,16000US5454580,"Mineralwells CDP, West Virginia",714,599,506,93,22,71,115,90,25
ACSSF,2009e5,wv,000,0033,0005091,160,54,   ,16000US5454892,"Mitchell Heights town, West Virginia",175,125,106,19,0,19,50,50,0
ACSSF,2009e5,wv,000,0033,0005092,160,54,   ,16000US5455276,"Monongah town, West Virginia",421,348,225,123,22,101,73,70,3
ACSSF,2009e5,wv,000,0033,0005093,160,54,   ,16000US5455372,"Montcalm CDP, West Virginia",287,201,192,9,0,9,86,67,19
ACSSF,2009e5,wv,000,0033,0005094,160,54,   ,16000US5455468,"Montgomery city, West Virginia",711,400,226,174,16,158,311,282,29
ACSSF,2009e5,wv,000,0033,0005095,160,54,   ,16000US5455540,"Montrose town, West Virginia",44,32,15,17,3,14,12,12,0
ACSSF,2009e5,wv,000,0033,0005096,160,54,   ,16000US5455588,"Moorefield town, West Virginia",1145,681,440,241,28,213,464,400,64
ACSSF,2009e5,wv,000,0033,0005097,160,54,   ,16000US5455756,"Morgantown city, West Virginia",9706,4007,2986,1021,398,623,5699,4119,1580
ACSSF,2009e5,wv,000,0033,0005098,160,54,   ,16000US5456020,"Moundsville city, West Virginia",3909,2444,1718,726,241,485,1465,1283,182
ACSSF,2009e5,wv,000,0033,0005099,160,54,   ,16000US5456342,"Mount Gay-Shamrock CDP, West Virginia",771,546,402,144,46,98,225,198,27
ACSSF,2009e5,wv,000,0033,0005100,160,54,   ,16000US5456404,"Mount Hope city, West Virginia",699,456,279,177,41,136,243,205,38
ACSSF,2009e5,wv,000,0033,0005101,160,54,   ,16000US5457148,"Mullens city, West Virginia",736,499,353,146,43,103,237,222,15
ACSSF,2009e5,wv,000,0033,0005102,160,54,   ,16000US5458300,"Newburg town, West Virginia",191,128,111,17,12,5,63,55,8
ACSSF,2009e5,wv,000,0033,0005103,160,54,   ,16000US5458372,"New Cumberland city, West Virginia",497,300,207,93,37,56,197,183,14
ACSSF,2009e5,wv,000,0033,0005104,160,54,   ,16000US5458420,"Newell CDP, West Virginia",592,407,252,155,55,100,185,185,0
ACSSF,2009e5,wv,000,0033,0005105,160,54,   ,16000US5458564,"New Haven town, West Virginia",763,528,359,169,31,138,235,217,18
ACSSF,2009e5,wv,000,0033,0005106,160,54,   ,16000US5458684,"New Martinsville city, West Virginia",2674,1511,1273,238,29,209,1163,994,169
ACSSF,2009e5,wv,000,0033,0005107,160,54,   ,16000US5459068,"Nitro city, West Virginia",2893,1940,1219,721,196,525,953,822,131
ACSSF,2009e5,wv,000,0033,0005108,160,54,   ,16000US5459428,"Northfork town, West Virginia",288,172,57,115,6,109,116,97,19
ACSSF,2009e5,wv,000,0033,0005109,160,54,   ,16000US5459458,"North Hills town, West Virginia",326,247,210,37,27,10,79,43,36
ACSSF,2009e5,wv,000,0033,0005110,160,54,   ,16000US5459836,"Nutter Fort town, West Virginia",803,460,348,112,24,88,343,250,93
ACSSF,2009e5,wv,000,0033,0005111,160,54,   ,16000US5460028,"Oak Hill city, West Virginia",3589,2113,1603,510,161,349,1476,1389,87
ACSSF,2009e5,wv,000,0033,0005112,160,54,   ,16000US5460196,"Oakvale town, West Virginia",36,23,12,11,0,11,13,13,0
ACSSF,2009e5,wv,000,0033,0005113,160,54,   ,16000US5460364,"Oceana town, West Virginia",624,362,260,102,13,89,262,252,10
ACSSF,2009e5,wv,000,0033,0005114,160,54,   ,16000US5461636,"Paden City city, West Virginia",1111,748,597,151,44,107,363,328,35
ACSSF,2009e5,wv,000,0033,0005115,160,54,   ,16000US5462140,"Parkersburg city, West Virginia",14355,8459,5592,2867,633,2234,5896,4994,902
ACSSF,2009e5,wv,000,0033,0005116,160,54,   ,16000US5462284,"Parsons city, West Virginia",689,485,368,117,32,85,204,181,23
ACSSF,2009e5,wv,000,0033,0005117,160,54,   ,16000US5462332,"Paw Paw town, West Virginia",195,106,64,42,0,42,89,85,4
ACSSF,2009e5,wv,000,0033,0005118,160,54,   ,16000US5462356,"Pax town, West Virginia",61,42,34,8,0,8,19,19,0
ACSSF,2009e5,wv,000,0033,0005119,160,54,   ,16000US5462488,"Pea Ridge CDP, West Virginia",2842,1673,1479,194,27,167,1169,822,347
ACSSF,2009e5,wv,000,0033,0005120,160,54,   ,16000US5462764,"Pennsboro city, West Virginia",555,377,264,113,16,97,178,160,18
ACSSF,2009e5,wv,000,0033,0005121,160,54,   ,16000US5462956,"Petersburg city, West Virginia",1292,716,535,181,68,113,576,478,98
ACSSF,2009e5,wv,000,0033,0005122,160,54,   ,16000US5463052,"Peterstown town, West Virginia",255,151,113,38,2,36,104,81,23
ACSSF,2009e5,wv,000,0033,0005123,160,54,   ,16000US5463292,"Philippi city, West Virginia",1230,645,418,227,49,178,585,476,109
ACSSF,2009e5,wv,000,0033,0005124,160,54,   ,16000US5463604,"Piedmont town, West Virginia",502,329,155,174,32,142,173,160,13
ACSSF,2009e5,wv,000,0033,0005125,160,54,   ,16000US5463772,"Pinch CDP, West Virginia",1107,899,784,115,0,115,208,191,17
ACSSF,2009e5,wv,000,0033,0005126,160,54,   ,16000US5463892,"Pine Grove town, West Virginia",203,161,125,36,17,19,42,42,0
ACSSF,2009e5,wv,000,0033,0005127,160,54,   ,16000US5463940,"Pineville town, West Virginia",333,261,195,66,12,54,72,67,5
ACSSF,2009e5,wv,000,0033,0005128,160,54,   ,16000US5463988,"Piney View CDP, West Virginia",404,297,187,110,47,63,107,84,23
ACSSF,2009e5,wv,000,0033,0005129,160,54,   ,16000US5464228,"Pleasant Valley city, West Virginia",1427,932,725,207,47,160,495,411,84
ACSSF,2009e5,wv,000,0033,0005130,160,54,   ,16000US5464516,"Poca town, West Virginia",461,350,253,97,22,75,111,89,22
ACSSF,2009e5,wv,000,0033,0005131,160,54,   ,16000US5464708,"Point Pleasant city, West Virginia",1989,1118,750,368,96,272,871,826,45
ACSSF,2009e5,wv,000,0033,0005132,160,54,   ,16000US5465284,"Powellton CDP, West Virginia",748,543,417,126,53,73,205,148,57
ACSSF,2009e5,wv,000,0033,0005133,160,54,   ,16000US5465356,"Pratt town, West Virginia",181,161,127,34,11,23,20,16,4
ACSSF,2009e5,wv,000,0033,0005134,160,54,   ,16000US5465692,"Princeton city, West Virginia",2698,1603,1138,465,187,278,1095,953,142
ACSSF,2009e5,wv,000,0033,0005135,160,54,   ,16000US5465836,"Prosperity CDP, West Virginia",631,351,165,186,59,127,280,238,42
ACSSF,2009e5,wv,000,0033,0005136,160,54,   ,16000US5465956,"Pullman town, West Virginia",66,59,48,11,7,4,7,7,0
ACSSF,2009e5,wv,000,0033,0005137,160,54,   ,16000US5466412,"Quinwood town, West Virginia",170,117,88,29,10,19,53,45,8
ACSSF,2009e5,wv,000,0033,0005138,160,54,   ,16000US5466652,"Rainelle town, West Virginia",847,543,371,172,26,146,304,274,30
ACSSF,2009e5,wv,000,0033,0005139,160,54,   ,16000US5466988,"Ranson corporation, West Virginia",1859,1286,754,532,100,432,573,455,118
ACSSF,2009e5,wv,000,0033,0005140,160,54,   ,16000US5467108,"Ravenswood city, West Virginia",1755,1090,821,269,36,233,665,540,125
ACSSF,2009e5,wv,000,0033,0005141,160,54,   ,16000US5467396,"Red Jacket CDP, West Virginia",355,277,173,104,51,53,78,78,0
ACSSF,2009e5,wv,000,0033,0005142,160,54,   ,16000US5467636,"Reedsville town, West Virginia",188,119,97,22,0,22,69,41,28
ACSSF,2009e5,wv,000,0033,0005143,160,54,   ,16000US5467660,"Reedy town, West Virginia",49,29,18,11,4,7,20,19,1
ACSSF,2009e5,wv,000,0033,0005144,160,54,   ,16000US5467996,"Rhodell town, West Virginia",68,42,25,17,3,14,26,20,6
ACSSF,2009e5,wv,000,0033,0005145,160,54,   ,16000US5468116,"Richwood city, West Virginia",868,593,406,187,61,126,275,228,47
ACSSF,2009e5,wv,000,0033,0005146,160,54,   ,16000US5468260,"Ridgeley town, West Virginia",339,182,144,38,15,23,157,129,28
ACSSF,2009e5,wv,000,0033,0005147,160,54,   ,16000US5468596,"Ripley city, West Virginia",1128,702,599,103,51,52,426,299,127
ACSSF,2009e5,wv,000,0033,0005148,160,54,   ,16000US5468908,"Rivesville town, West Virginia",418,274,172,102,38,64,144,131,13
ACSSF,2009e5,wv,000,0033,0005149,160,54,   ,16000US5470084,"Romney city, West Virginia",918,377,283,94,11,83,541,485,56
ACSSF,2009e5,wv,000,0033,0005150,160,54,   ,16000US5470156,"Ronceverte city, West Virginia",794,468,337,131,25,106,326,277,49
ACSSF,2009e5,wv,000,0033,0005151,160,54,   ,16000US5470588,"Rowlesburg town, West Virginia",249,166,139,27,3,24,83,49,34
ACSSF,2009e5,wv,000,0033,0005152,160,54,   ,16000US5470828,"Rupert town, West Virginia",444,270,156,114,20,94,174,137,37
ACSSF,2009e5,wv,000,0033,0005153,160,54,   ,16000US5471212,"St. Albans city, West Virginia",4989,3044,2242,802,190,612,1945,1729,216
ACSSF,2009e5,wv,000,0033,0005154,160,54,   ,16000US5471356,"St. Marys city, West Virginia",885,556,431,125,13,112,329,303,26
ACSSF,2009e5,wv,000,0033,0005155,160,54,   ,16000US5471380,"Salem city, West Virginia",727,370,253,117,24,93,357,291,66
ACSSF,2009e5,wv,000,0033,0005156,160,54,   ,16000US5471620,"Sand Fork town, West Virginia",78,55,21,34,0,34,23,8,15
ACSSF,2009e5,wv,000,0033,0005157,160,54,   ,16000US5473108,"Shady Spring CDP, West Virginia",1024,688,524,164,54,110,336,279,57
ACSSF,2009e5,wv,000,0033,0005158,160,54,   ,16000US5473468,"Shepherdstown town, West Virginia",321,153,99,54,13,41,168,120,48
ACSSF,2009e5,wv,000,0033,0005159,160,54,   ,16000US5473636,"Shinnston city, West Virginia",1016,710,597,113,9,104,306,283,23
ACSSF,2009e5,wv,000,0033,0005160,160,54,   ,16000US5474356,"Sissonville CDP, West Virginia",1915,1343,1096,247,27,220,572,493,79
ACSSF,2009e5,wv,000,0033,0005161,160,54,   ,16000US5474380,"Sistersville city, West Virginia",700,435,342,93,8,85,265,225,40
ACSSF,2009e5,wv,000,0033,0005162,160,54,   ,16000US5474740,"Smithers city, West Virginia",402,214,84,130,41,89,188,173,15
ACSSF,2009e5,wv,000,0033,0005163,160,54,   ,16000US5474788,"Smithfield town, West Virginia",72,35,27,8,4,4,37,37,0
ACSSF,2009e5,wv,000,0033,0005164,160,54,   ,16000US5475172,"Sophia town, West Virginia",531,353,278,75,0,75,178,157,21
ACSSF,2009e5,wv,000,0033,0005165,160,54,   ,16000US5475292,"South Charleston city, West Virginia",5696,3505,2401,1104,162,942,2191,2043,148
ACSSF,2009e5,wv,000,0033,0005166,160,54,   ,16000US5475820,"Spencer city, West Virginia",1054,567,383,184,64,120,487,473,14
ACSSF,2009e5,wv,000,0033,0005167,160,54,   ,16000US5476444,"Stanaford CDP, West Virginia",771,477,380,97,53,44,294,294,0
ACSSF,2009e5,wv,000,0033,0005168,160,54,   ,16000US5476516,"Star City town, West Virginia",779,345,249,96,41,55,434,343,91
ACSSF,2009e5,wv,000,0033,0005169,160,54,   ,16000US5477188,"Stonewood city, West Virginia",971,560,391,169,12,157,411,361,50
ACSSF,2009e5,wv,000,0033,0005170,160,54,   ,16000US5477980,"Summersville town, West Virginia",1618,978,853,125,17,108,640,588,52
ACSSF,2009e5,wv,000,0033,0005171,160,54,   ,16000US5478580,"Sutton town, West Virginia",538,347,200,147,36,111,191,176,15
ACSSF,2009e5,wv,000,0033,0005172,160,54,   ,16000US5478796,"Switzer CDP, West Virginia",562,376,299,77,0,77,186,151,35
ACSSF,2009e5,wv,000,0033,0005173,160,54,   ,16000US5478964,"Sylvester town, West Virginia",75,50,41,9,6,3,25,22,3
ACSSF,2009e5,wv,000,0033,0005174,160,54,   ,16000US5479545,"Teays Valley CDP, West Virginia",5442,3950,3365,585,216,369,1492,1328,164
ACSSF,2009e5,wv,000,0033,0005175,160,54,   ,16000US5479708,"Terra Alta town, West Virginia",745,557,351,206,67,139,188,150,38
ACSSF,2009e5,wv,000,0033,0005176,160,54,   ,16000US5480020,"Thomas city, West Virginia",215,138,102,36,10,26,77,73,4
ACSSF,2009e5,wv,000,0033,0005177,160,54,   ,16000US5480284,"Thurmond town, West Virginia",2,0,0,0,0,0,2,2,0
ACSSF,2009e5,wv,000,0033,0005178,160,54,   ,16000US5480764,"Tornado CDP, West Virginia",561,487,406,81,21,60,74,74,0
ACSSF,2009e5,wv,000,0033,0005179,160,54,   ,16000US5480932,"Triadelphia town, West Virginia",392,213,163,50,28,22,179,131,48
ACSSF,2009e5,wv,000,0033,0005180,160,54,   ,16000US5481268,"Tunnelton town, West Virginia",125,90,76,14,0,14,35,32,3
ACSSF,2009e5,wv,000,0033,0005181,160,54,   ,16000US5481940,"Union town, West Virginia",319,177,98,79,39,40,142,110,32
ACSSF,2009e5,wv,000,0033,0005182,160,54,   ,16000US5482732,"Valley Grove village, West Virginia",162,123,91,32,2,30,39,35,4
ACSSF,2009e5,wv,000,0033,0005183,160,54,   ,16000US5483500,"Vienna city, West Virginia",4871,3046,2593,453,162,291,1825,1547,278
ACSSF,2009e5,wv,000,0033,0005184,160,54,   ,16000US5484484,"War city, West Virginia",310,191,124,67,21,46,119,100,19
ACSSF,2009e5,wv,000,0033,0005185,160,54,   ,16000US5484580,"Wardensville town, West Virginia",135,86,66,20,9,11,49,40,9
ACSSF,2009e5,wv,000,0033,0005186,160,54,   ,16000US5484724,"Washington CDP, West Virginia",547,416,384,32,0,32,131,117,14
ACSSF,2009e5,wv,000,0033,0005187,160,54,   ,16000US5484940,"Wayne town, West Virginia",615,404,270,134,29,105,211,173,38
ACSSF,2009e5,wv,000,0033,0005188,160,54,   ,16000US5485156,"Weirton city, West Virginia",8796,5554,3824,1730,450,1280,3242,2807,435
ACSSF,2009e5,wv,000,0033,0005189,160,54,   ,16000US5485228,"Welch city, West Virginia",890,510,371,139,33,106,380,350,30
ACSSF,2009e5,wv,000,0033,0005190,160,54,   ,16000US5485324,"Wellsburg city, West Virginia",1313,754,496,258,78,180,559,475,84
ACSSF,2009e5,wv,000,0033,0005191,160,54,   ,16000US5485804,"West Hamlin town, West Virginia",322,186,109,77,14,63,136,136,0
ACSSF,2009e5,wv,000,0033,0005192,160,54,   ,16000US5485876,"West Liberty town, West Virginia",194,65,50,15,2,13,129,59,70
ACSSF,2009e5,wv,000,0033,0005193,160,54,   ,16000US5485900,"West Logan town, West Virginia",231,140,99,41,6,35,91,80,11
ACSSF,2009e5,wv,000,0033,0005194,160,54,   ,16000US5485924,"West Milford town, West Virginia",312,262,195,67,13,54,50,47,3
ACSSF,2009e5,wv,000,0033,0005195,160,54,   ,16000US5485972,"Weston city, West Virginia",1795,1102,766,336,46,290,693,665,28
ACSSF,2009e5,wv,000,0033,0005196,160,54,   ,16000US5485996,"Westover city, West Virginia",1532,956,734,222,41,181,576,518,58
ACSSF,2009e5,wv,000,0033,0005197,160,54,   ,16000US5486116,"West Union town, West Virginia",285,191,140,51,8,43,94,87,7
ACSSF,2009e5,wv,000,0033,0005198,160,54,   ,16000US5486452,"Wheeling city, West Virginia",13684,7598,5535,2063,446,1617,6086,5450,636
ACSSF,2009e5,wv,000,0033,0005199,160,54,   ,16000US5486620,"White Hall town, West Virginia",325,167,133,34,5,29,158,140,18
ACSSF,2009e5,wv,000,0033,0005200,160,54,   ,16000US5486812,"White Sulphur Springs city, West Virginia",1155,778,477,301,114,187,377,336,41
ACSSF,2009e5,wv,000,0033,0005201,160,54,   ,16000US5486836,"Whitesville town, West Virginia",230,129,111,18,0,18,101,92,9
ACSSF,2009e5,wv,000,0033,0005202,160,54,   ,16000US5487316,"Wiley Ford CDP, West Virginia",487,317,252,65,25,40,170,170,0
ACSSF,2009e5,wv,000,0033,0005203,160,54,   ,16000US5487508,"Williamson city, West Virginia",1564,884,679,205,14,191,680,605,75
ACSSF,2009e5,wv,000,0033,0005204,160,54,   ,16000US5487556,"Williamstown city, West Virginia",1219,834,667,167,37,130,385,366,19
ACSSF,2009e5,wv,000,0033,0005205,160,54,   ,16000US5487892,"Windsor Heights village, West Virginia",176,121,94,27,9,18,55,47,8
ACSSF,2009e5,wv,000,0033,0005206,160,54,   ,16000US5487988,"Winfield town, West Virginia",863,633,541,92,23,69,230,187,43
ACSSF,2009e5,wv,000,0033,0005207,160,54,   ,16000US5488324,"Womelsdorf (Coalton) town, West Virginia",104,61,41,20,13,7,43,37,6
ACSSF,2009e5,wv,000,0033,0005208,160,54,   ,16000US5488708,"Worthington town, West Virginia",73,50,35,15,4,11,23,23,0
ACSSF,2009e5,wv,000,0033,0005209,311,54,   ,31100US1322054,"West Virginia (part); Beckley, WV Micro Area",32221,21575,15947,5628,1515,4113,10646,9521,1125
ACSSF,2009e5,wv,000,0033,0005210,311,54,   ,31100US1414054,"West Virginia (part); Bluefield, WV-VA Micro Area",25632,16426,12454,3972,1137,2835,9206,7955,1251
ACSSF,2009e5,wv,000,0033,0005211,311,54,   ,31100US1662054,"West Virginia (part); Charleston, WV Metro Area",128078,84757,65011,19746,4968,14778,43321,37907,5414
ACSSF,2009e5,wv,000,0033,0005212,311,54,   ,31100US1722054,"West Virginia (part); Clarksburg, WV Micro Area",37351,25817,19869,5948,1444,4504,11534,10163,1371
ACSSF,2009e5,wv,000,0033,0005213,311,54,   ,31100US1906054,"West Virginia (part); Cumberland, MD-WV Metro Area",11306,7946,6215,1731,556,1175,3360,2966,394
ACSSF,2009e5,wv,000,0033,0005214,311,54,   ,31100US2190054,"West Virginia (part); Fairmont, WV Micro Area",23166,15298,11567,3731,928,2803,7868,6304,1564
ACSSF,2009e5,wv,000,0033,0005215,311,54,   ,31100US2518054,"West Virginia (part); Hagerstown-Martinsburg, MD-WV Metro Area",45014,30164,23145,7019,2305,4714,14850,12266,2584
ACSSF,2009e5,wv,000,0033,0005216,311,54,   ,31100US2658054,"West Virginia (part); Huntington-Ashland, WV-KY-OH Metro Area",57637,36628,28189,8439,2144,6295,21009,17226,3783
ACSSF,2009e5,wv,000,0033,0005217,311,54,   ,31100US3406054,"West Virginia (part); Morgantown, WV Metro Area",43607,25895,20864,5031,1424,3607,17712,13975,3737
ACSSF,2009e5,wv,000,0033,0005218,311,54,   ,31100US3606054,"West Virginia (part); Oak Hill, WV Micro Area",18887,12807,9640,3167,858,2309,6080,5372,708
ACSSF,2009e5,wv,000,0033,0005219,311,54,   ,31100US3762054,"West Virginia (part); Parkersburg-Marietta-Vienna, WV-OH Metro Area",42163,27997,21874,6123,1667,4456,14166,12123,2043
ACSSF,2009e5,wv,000,0033,0005220,311,54,   ,31100US3858054,"West Virginia (part); Point Pleasant, WV-OH Micro Area",10715,7212,5409,1803,450,1353,3503,2956,547
ACSSF,2009e5,wv,000,0033,0005221,311,54,   ,31100US4790054,"West Virginia (part); Washington-Arlington-Alexandria, DC-VA-MD-WV Metro Area",19491,13695,10986,2709,953,1756,5796,4376,1420
ACSSF,2009e5,wv,000,0033,0005222,311,54,   ,31100US4826054,"West Virginia (part); Weirton-Steubenville, WV-OH Metro Area",23435,15842,12050,3792,1018,2774,7593,6639,954
ACSSF,2009e5,wv,000,0033,0005223,311,54,   ,31100US4854054,"West Virginia (part); Wheeling, WV-OH Metro Area",33952,21465,16676,4789,1228,3561,12487,11027,1460
ACSSF,2009e5,wv,000,0033,0005224,311,54,   ,31100US4902054,"West Virginia (part); Winchester, VA-WV Metro Area",8851,5780,4495,1285,314,971,3071,2714,357
ACSSF,2009e5,wv,000,0033,0005225,312,54,   ,31200US132205405332,"Beckley city, WV; Beckley, WV Micro Area",7144,4312,2904,1408,405,1003,2832,2555,277
ACSSF,2009e5,wv,000,0033,0005226,312,54,   ,31200US141405408524,"Bluefield city, WV; Bluefield, WV-VA Micro Area",5069,2834,2029,805,129,676,2235,2030,205
ACSSF,2009e5,wv,000,0033,0005227,312,54,   ,31200US166205414600,"Charleston city, WV; Charleston, WV Metro Area",23701,12498,8913,3585,688,2897,11203,9634,1569
ACSSF,2009e5,wv,000,0033,0005228,312,54,   ,31200US172205415628,"Clarksburg city, WV; Clarksburg, WV Micro Area",7334,4363,3025,1338,308,1030,2971,2584,387
ACSSF,2009e5,wv,000,0033,0005229,312,54,   ,31200US219005426452,"Fairmont city, WV; Fairmont, WV Micro Area",7968,4385,2958,1427,267,1160,3583,2670,913
ACSSF,2009e5,wv,000,0033,0005230,312,54,   ,31200US251805452060,"Martinsburg city, WV; Hagerstown-Martinsburg, MD-WV Metro Area",7263,3882,2430,1452,297,1155,3381,2783,598
ACSSF,2009e5,wv,000,0033,0005231,312,54,   ,31200US265805439460,"Huntington city, WV; Huntington-Ashland, WV-KY-OH Metro Area",21847,11340,7694,3646,837,2809,10507,8233,2274
ACSSF,2009e5,wv,000,0033,0005232,312,54,   ,31200US340605455756,"Morgantown city, WV; Morgantown, WV Metro Area",9706,4007,2986,1021,398,623,5699,4119,1580
ACSSF,2009e5,wv,000,0033,0005233,312,54,   ,31200US360605460028,"Oak Hill city, WV; Oak Hill, WV Micro Area",3589,2113,1603,510,161,349,1476,1389,87
ACSSF,2009e5,wv,000,0033,0005234,312,54,   ,31200US376205462140,"Parkersburg city, WV; Parkersburg-Marietta-Vienna, WV-OH Metro Area",14355,8459,5592,2867,633,2234,5896,4994,902
ACSSF,2009e5,wv,000,0033,0005235,312,54,   ,31200US376205483500,"Vienna city, WV; Parkersburg-Marietta-Vienna, WV-OH Metro Area",4871,3046,2593,453,162,291,1825,1547,278
ACSSF,2009e5,wv,000,0033,0005236,312,54,   ,31200US385805464708,"Point Pleasant city, WV; Point Pleasant, WV-OH Micro Area",1989,1118,750,368,96,272,871,826,45
ACSSF,2009e5,wv,000,0033,0005237,312,54,   ,31200US482605485156,"Weirton city, WV; Weirton-Steubenville, WV-OH Metro Area",8796,5554,3824,1730,450,1280,3242,2807,435
ACSSF,2009e5,wv,000,0033,0005238,312,54,   ,31200US485405486452,"Wheeling city, WV; Wheeling, WV-OH Metro Area",13684,7598,5535,2063,446,1617,6086,5450,636
ACSSF,2009e5,wv,000,0033,0005239,313,54,081,31300US1322054081,"Raleigh County; West Virginia (part); Beckley, WV Micro Area",32221,21575,15947,5628,1515,4113,10646,9521,1125
ACSSF,2009e5,wv,000,0033,0005240,313,54,055,31300US1414054055,"Mercer County; West Virginia (part); Bluefield, WV-VA Micro Area",25632,16426,12454,3972,1137,2835,9206,7955,1251
ACSSF,2009e5,wv,000,0033,0005241,313,54,005,31300US1662054005,"Boone County; West Virginia (part); Charleston, WV Metro Area",10565,7298,5898,1400,494,906,3267,2866,401
ACSSF,2009e5,wv,000,0033,0005242,313,54,015,31300US1662054015,"Clay County; West Virginia (part); Charleston, WV Metro Area",3834,2708,2048,660,259,401,1126,1024,102
ACSSF,2009e5,wv,000,0033,0005243,313,54,039,31300US1662054039,"Kanawha County; West Virginia (part); Charleston, WV Metro Area",83590,52075,38902,13173,2846,10327,31515,27431,4084
ACSSF,2009e5,wv,000,0033,0005244,313,54,043,31300US1662054043,"Lincoln County; West Virginia (part); Charleston, WV Metro Area",8807,6608,4887,1721,484,1237,2199,2011,188
ACSSF,2009e5,wv,000,0033,0005245,313,54,079,31300US1662054079,"Putnam County; West Virginia (part); Charleston, WV Metro Area",21282,16068,13276,2792,885,1907,5214,4575,639
ACSSF,2009e5,wv,000,0033,0005246,313,54,017,31300US1722054017,"Doddridge County; West Virginia (part); Clarksburg, WV Micro Area",2839,1982,1524,458,157,301,857,747,110
ACSSF,2009e5,wv,000,0033,0005247,313,54,033,31300US1722054033,"Harrison County; West Virginia (part); Clarksburg, WV Micro Area",28210,19378,14957,4421,1009,3412,8832,7723,1109
ACSSF,2009e5,wv,000,0033,0005248,313,54,091,31300US1722054091,"Taylor County; West Virginia (part); Clarksburg, WV Micro Area",6302,4457,3388,1069,278,791,1845,1693,152
ACSSF,2009e5,wv,000,0033,0005249,313,54,057,31300US1906054057,"Mineral County; West Virginia (part); Cumberland, MD-WV Metro Area",11306,7946,6215,1731,556,1175,3360,2966,394
ACSSF,2009e5,wv,000,0033,0005250,313,54,049,31300US2190054049,"Marion County; West Virginia (part); Fairmont, WV Micro Area",23166,15298,11567,3731,928,2803,7868,6304,1564
ACSSF,2009e5,wv,000,0033,0005251,313,54,003,31300US2518054003,"Berkeley County; West Virginia (part); Hagerstown-Martinsburg, MD-WV Metro Area",38157,25871,19791,6080,2009,4071,12286,10027,2259
ACSSF,2009e5,wv,000,0033,0005252,313,54,065,31300US2518054065,"Morgan County; West Virginia (part); Hagerstown-Martinsburg, MD-WV Metro Area",6857,4293,3354,939,296,643,2564,2239,325
ACSSF,2009e5,wv,000,0033,0005253,313,54,011,31300US2658054011,"Cabell County; West Virginia (part); Huntington-Ashland, WV-KY-OH Metro Area",40671,24454,18463,5991,1495,4496,16217,12993,3224
ACSSF,2009e5,wv,000,0033,0005254,313,54,099,31300US2658054099,"Wayne County; West Virginia (part); Huntington-Ashland, WV-KY-OH Metro Area",16966,12174,9726,2448,649,1799,4792,4233,559
ACSSF,2009e5,wv,000,0033,0005255,313,54,061,31300US3406054061,"Monongalia County; West Virginia (part); Morgantown, WV Metro Area",31661,17416,14011,3405,1100,2305,14245,11121,3124
ACSSF,2009e5,wv,000,0033,0005256,313,54,077,31300US3406054077,"Preston County; West Virginia (part); Morgantown, WV Metro Area",11946,8479,6853,1626,324,1302,3467,2854,613
ACSSF,2009e5,wv,000,0033,0005257,313,54,019,31300US3606054019,"Fayette County; West Virginia (part); Oak Hill, WV Micro Area",18887,12807,9640,3167,858,2309,6080,5372,708
ACSSF,2009e5,wv,000,0033,0005258,313,54,073,31300US3762054073,"Pleasants County; West Virginia (part); Parkersburg-Marietta-Vienna, WV-OH Metro Area",2597,1732,1468,264,39,225,865,778,87
ACSSF,2009e5,wv,000,0033,0005259,313,54,105,31300US3762054105,"Wirt County; West Virginia (part); Parkersburg-Marietta-Vienna, WV-OH Metro Area",2532,1768,1531,237,101,136,764,652,112
ACSSF,2009e5,wv,000,0033,0005260,313,54,107,31300US3762054107,"Wood County; West Virginia (part); Parkersburg-Marietta-Vienna, WV-OH Metro Area",37034,24497,18875,5622,1527,4095,12537,10693,1844
ACSSF,2009e5,wv,000,0033,0005261,313,54,053,31300US3858054053,"Mason County; West Virginia (part); Point Pleasant, WV-OH Micro Area",10715,7212,5409,1803,450,1353,3503,2956,547
ACSSF,2009e5,wv,000,0033,0005262,313,54,037,31300US4790054037,"Jefferson County; West Virginia (part); Washington-Arlington-Alexandria, DC-VA-MD-WV Metro Area",19491,13695,10986,2709,953,1756,5796,4376,1420
ACSSF,2009e5,wv,000,0033,0005263,313,54,009,31300US4826054009,"Brooke County; West Virginia (part); Weirton-Steubenville, WV-OH Metro Area",10006,6797,5201,1596,418,1178,3209,2821,388
ACSSF,2009e5,wv,000,0033,0005264,313,54,029,31300US4826054029,"Hancock County; West Virginia (part); Weirton-Steubenville, WV-OH Metro Area",13429,9045,6849,2196,600,1596,4384,3818,566
ACSSF,2009e5,wv,000,0033,0005265,313,54,051,31300US4854054051,"Marshall County; West Virginia (part); Wheeling, WV-OH Metro Area",14155,9536,7446,2090,687,1403,4619,4098,521
ACSSF,2009e5,wv,000,0033,0005266,313,54,069,31300US4854054069,"Ohio County; West Virginia (part); Wheeling, WV-OH Metro Area",19797,11929,9230,2699,541,2158,7868,6929,939
ACSSF,2009e5,wv,000,0033,0005267,313,54,027,31300US4902054027,"Hampshire County; West Virginia (part); Winchester, VA-WV Metro Area",8851,5780,4495,1285,314,971,3071,2714,357
ACSSF,2009e5,wv,000,0033,0005268,315,54,   ,31500US479004789454,"West Virginia (part); Washington-Arlington-Alexandria, DC-VA-MD-WV Metro Division; Washington-Arlington-Alexandria, DC-VA-MD-WV Metro Area",19491,13695,10986,2709,953,1756,5796,4376,1420
ACSSF,2009e5,wv,000,0033,0005269,316,54,037,31600US479004789454037,"Jefferson County; West Virginia (part); Washington-Arlington-Alexandria, DC-VA-MD-WV Metro Division; Washington-Arlington-Alexandria, DC-VA-MD-WV Metro Area",19491,13695,10986,2709,953,1756,5796,4376,1420
ACSSF,2009e5,wv,000,0033,0005270,320,54,   ,32000US5413220,"Beckley, WV Micro Area; West Virginia",32221,21575,15947,5628,1515,4113,10646,9521,1125
ACSSF,2009e5,wv,000,0033,0005271,320,54,   ,32000US5414140,"Bluefield, WV-VA Micro Area (part); West Virginia",25632,16426,12454,3972,1137,2835,9206,7955,1251
ACSSF,2009e5,wv,000,0033,0005272,320,54,   ,32000US5416620,"Charleston, WV Metro Area; West Virginia",128078,84757,65011,19746,4968,14778,43321,37907,5414
ACSSF,2009e5,wv,000,0033,0005273,320,54,   ,32000US5417220,"Clarksburg, WV Micro Area; West Virginia",37351,25817,19869,5948,1444,4504,11534,10163,1371
ACSSF,2009e5,wv,000,0033,0005274,320,54,   ,32000US5419060,"Cumberland, MD-WV Metro Area (part); West Virginia",11306,7946,6215,1731,556,1175,3360,2966,394
ACSSF,2009e5,wv,000,0033,0005275,320,54,   ,32000US5421900,"Fairmont, WV Micro Area; West Virginia",23166,15298,11567,3731,928,2803,7868,6304,1564
ACSSF,2009e5,wv,000,0033,0005276,320,54,   ,32000US5425180,"Hagerstown-Martinsburg, MD-WV Metro Area (part); West Virginia",45014,30164,23145,7019,2305,4714,14850,12266,2584
ACSSF,2009e5,wv,000,0033,0005277,320,54,   ,32000US5426580,"Huntington-Ashland, WV-KY-OH Metro Area (part); West Virginia",57637,36628,28189,8439,2144,6295,21009,17226,3783
ACSSF,2009e5,wv,000,0033,0005278,320,54,   ,32000US5434060,"Morgantown, WV Metro Area; West Virginia",43607,25895,20864,5031,1424,3607,17712,13975,3737
ACSSF,2009e5,wv,000,0033,0005279,320,54,   ,32000US5436060,"Oak Hill, WV Micro Area; West Virginia",18887,12807,9640,3167,858,2309,6080,5372,708
ACSSF,2009e5,wv,000,0033,0005280,320,54,   ,32000US5437620,"Parkersburg-Marietta-Vienna, WV-OH Metro Area (part); West Virginia",42163,27997,21874,6123,1667,4456,14166,12123,2043
ACSSF,2009e5,wv,000,0033,0005281,320,54,   ,32000US5438580,"Point Pleasant, WV-OH Micro Area (part); West Virginia",10715,7212,5409,1803,450,1353,3503,2956,547
ACSSF,2009e5,wv,000,0033,0005282,320,54,   ,32000US5447900,"Washington-Arlington-Alexandria, DC-VA-MD-WV Metro Area (part); West Virginia",19491,13695,10986,2709,953,1756,5796,4376,1420
ACSSF,2009e5,wv,000,0033,0005283,320,54,   ,32000US5448260,"Weirton-Steubenville, WV-OH Metro Area (part); West Virginia",23435,15842,12050,3792,1018,2774,7593,6639,954
ACSSF,2009e5,wv,000,0033,0005284,320,54,   ,32000US5448540,"Wheeling, WV-OH Metro Area (part); West Virginia",33952,21465,16676,4789,1228,3561,12487,11027,1460
ACSSF,2009e5,wv,000,0033,0005285,320,54,   ,32000US5449020,"Winchester, VA-WV Metro Area (part); West Virginia",8851,5780,4495,1285,314,971,3071,2714,357
ACSSF,2009e5,wv,000,0033,0005286,321,54,   ,32100US541322005332,"Beckley city; Beckley, WV Micro Area; West Virginia",7144,4312,2904,1408,405,1003,2832,2555,277
ACSSF,2009e5,wv,000,0033,0005287,321,54,   ,32100US541414008524,"Bluefield city; Bluefield, WV-VA Micro Area (part); West Virginia",5069,2834,2029,805,129,676,2235,2030,205
ACSSF,2009e5,wv,000,0033,0005288,321,54,   ,32100US541662014600,"Charleston city; Charleston, WV Metro Area; West Virginia",23701,12498,8913,3585,688,2897,11203,9634,1569
ACSSF,2009e5,wv,000,0033,0005289,321,54,   ,32100US541722015628,"Clarksburg city; Clarksburg, WV Micro Area; West Virginia",7334,4363,3025,1338,308,1030,2971,2584,387
ACSSF,2009e5,wv,000,0033,0005290,321,54,   ,32100US542190026452,"Fairmont city; Fairmont, WV Micro Area; West Virginia",7968,4385,2958,1427,267,1160,3583,2670,913
ACSSF,2009e5,wv,000,0033,0005291,321,54,   ,32100US542518052060,"Martinsburg city; Hagerstown-Martinsburg, MD-WV Metro Area (part); West Virginia",7263,3882,2430,1452,297,1155,3381,2783,598
ACSSF,2009e5,wv,000,0033,0005292,321,54,   ,32100US542658039460,"Huntington city; Huntington-Ashland, WV-KY-OH Metro Area (part); West Virginia",21847,11340,7694,3646,837,2809,10507,8233,2274
ACSSF,2009e5,wv,000,0033,0005293,321,54,   ,32100US543406055756,"Morgantown city; Morgantown, WV Metro Area; West Virginia",9706,4007,2986,1021,398,623,5699,4119,1580
ACSSF,2009e5,wv,000,0033,0005294,321,54,   ,32100US543606060028,"Oak Hill city; Oak Hill, WV Micro Area; West Virginia",3589,2113,1603,510,161,349,1476,1389,87
ACSSF,2009e5,wv,000,0033,0005295,321,54,   ,32100US543762062140,"Parkersburg city; Parkersburg-Marietta-Vienna, WV-OH Metro Area (part); West Virginia",14355,8459,5592,2867,633,2234,5896,4994,902
ACSSF,2009e5,wv,000,0033,0005296,321,54,   ,32100US543762083500,"Vienna city; Parkersburg-Marietta-Vienna, WV-OH Metro Area (part); West Virginia",4871,3046,2593,453,162,291,1825,1547,278
ACSSF,2009e5,wv,000,0033,0005297,321,54,   ,32100US543858064708,"Point Pleasant city; Point Pleasant, WV-OH Micro Area (part); West Virginia",1989,1118,750,368,96,272,871,826,45
ACSSF,2009e5,wv,000,0033,0005298,321,54,   ,32100US544826085156,"Weirton city; Weirton-Steubenville, WV-OH Metro Area (part); West Virginia",8796,5554,3824,1730,450,1280,3242,2807,435
ACSSF,2009e5,wv,000,0033,0005299,321,54,   ,32100US544854086452,"Wheeling city; Wheeling, WV-OH Metro Area (part); West Virginia",13684,7598,5535,2063,446,1617,6086,5450,636
ACSSF,2009e5,wv,000,0033,0005300,322,54,081,32200US5413220081,"Raleigh County; Beckley, WV Micro Area; West Virginia",32221,21575,15947,5628,1515,4113,10646,9521,1125
ACSSF,2009e5,wv,000,0033,0005301,322,54,055,32200US5414140055,"Mercer County; Bluefield, WV-VA Micro Area (part); West Virginia",25632,16426,12454,3972,1137,2835,9206,7955,1251
ACSSF,2009e5,wv,000,0033,0005302,322,54,005,32200US5416620005,"Boone County; Charleston, WV Metro Area; West Virginia",10565,7298,5898,1400,494,906,3267,2866,401
ACSSF,2009e5,wv,000,0033,0005303,322,54,015,32200US5416620015,"Clay County; Charleston, WV Metro Area; West Virginia",3834,2708,2048,660,259,401,1126,1024,102
ACSSF,2009e5,wv,000,0033,0005304,322,54,039,32200US5416620039,"Kanawha County; Charleston, WV Metro Area; West Virginia",83590,52075,38902,13173,2846,10327,31515,27431,4084
ACSSF,2009e5,wv,000,0033,0005305,322,54,043,32200US5416620043,"Lincoln County; Charleston, WV Metro Area; West Virginia",8807,6608,4887,1721,484,1237,2199,2011,188
ACSSF,2009e5,wv,000,0033,0005306,322,54,079,32200US5416620079,"Putnam County; Charleston, WV Metro Area; West Virginia",21282,16068,13276,2792,885,1907,5214,4575,639
ACSSF,2009e5,wv,000,0033,0005307,322,54,017,32200US5417220017,"Doddridge County; Clarksburg, WV Micro Area; West Virginia",2839,1982,1524,458,157,301,857,747,110
ACSSF,2009e5,wv,000,0033,0005308,322,54,033,32200US5417220033,"Harrison County; Clarksburg, WV Micro Area; West Virginia",28210,19378,14957,4421,1009,3412,8832,7723,1109
ACSSF,2009e5,wv,000,0033,0005309,322,54,091,32200US5417220091,"Taylor County; Clarksburg, WV Micro Area; West Virginia",6302,4457,3388,1069,278,791,1845,1693,152
ACSSF,2009e5,wv,000,0033,0005310,322,54,057,32200US5419060057,"Mineral County; Cumberland, MD-WV Metro Area (part); West Virginia",11306,7946,6215,1731,556,1175,3360,2966,394
ACSSF,2009e5,wv,000,0033,0005311,322,54,049,32200US5421900049,"Marion County; Fairmont, WV Micro Area; West Virginia",23166,15298,11567,3731,928,2803,7868,6304,1564
ACSSF,2009e5,wv,000,0033,0005312,322,54,003,32200US5425180003,"Berkeley County; Hagerstown-Martinsburg, MD-WV Metro Area (part); West Virginia",38157,25871,19791,6080,2009,4071,12286,10027,2259
ACSSF,2009e5,wv,000,0033,0005313,322,54,065,32200US5425180065,"Morgan County; Hagerstown-Martinsburg, MD-WV Metro Area (part); West Virginia",6857,4293,3354,939,296,643,2564,2239,325
ACSSF,2009e5,wv,000,0033,0005314,322,54,011,32200US5426580011,"Cabell County; Huntington-Ashland, WV-KY-OH Metro Area (part); West Virginia",40671,24454,18463,5991,1495,4496,16217,12993,3224
ACSSF,2009e5,wv,000,0033,0005315,322,54,099,32200US5426580099,"Wayne County; Huntington-Ashland, WV-KY-OH Metro Area (part); West Virginia",16966,12174,9726,2448,649,1799,4792,4233,559
ACSSF,2009e5,wv,000,0033,0005316,322,54,061,32200US5434060061,"Monongalia County; Morgantown, WV Metro Area; West Virginia",31661,17416,14011,3405,1100,2305,14245,11121,3124
ACSSF,2009e5,wv,000,0033,0005317,322,54,077,32200US5434060077,"Preston County; Morgantown, WV Metro Area; West Virginia",11946,8479,6853,1626,324,1302,3467,2854,613
ACSSF,2009e5,wv,000,0033,0005318,322,54,019,32200US5436060019,"Fayette County; Oak Hill, WV Micro Area; West Virginia",18887,12807,9640,3167,858,2309,6080,5372,708
ACSSF,2009e5,wv,000,0033,0005319,322,54,073,32200US5437620073,"Pleasants County; Parkersburg-Marietta-Vienna, WV-OH Metro Area (part); West Virginia",2597,1732,1468,264,39,225,865,778,87
ACSSF,2009e5,wv,000,0033,0005320,322,54,105,32200US5437620105,"Wirt County; Parkersburg-Marietta-Vienna, WV-OH Metro Area (part); West Virginia",2532,1768,1531,237,101,136,764,652,112
ACSSF,2009e5,wv,000,0033,0005321,322,54,107,32200US5437620107,"Wood County; Parkersburg-Marietta-Vienna, WV-OH Metro Area (part); West Virginia",37034,24497,18875,5622,1527,4095,12537,10693,1844
ACSSF,2009e5,wv,000,0033,0005322,322,54,053,32200US5438580053,"Mason County; Point Pleasant, WV-OH Micro Area (part); West Virginia",10715,7212,5409,1803,450,1353,3503,2956,547
ACSSF,2009e5,wv,000,0033,0005323,322,54,037,32200US5447900037,"Jefferson County; Washington-Arlington-Alexandria, DC-VA-MD-WV Metro Area (part); West Virginia",19491,13695,10986,2709,953,1756,5796,4376,1420
ACSSF,2009e5,wv,000,0033,0005324,322,54,009,32200US5448260009,"Brooke County; Weirton-Steubenville, WV-OH Metro Area (part); West Virginia",10006,6797,5201,1596,418,1178,3209,2821,388
ACSSF,2009e5,wv,000,0033,0005325,322,54,029,32200US5448260029,"Hancock County; Weirton-Steubenville, WV-OH Metro Area (part); West Virginia",13429,9045,6849,2196,600,1596,4384,3818,566
ACSSF,2009e5,wv,000,0033,0005326,322,54,051,32200US5448540051,"Marshall County; Wheeling, WV-OH Metro Area (part); West Virginia",14155,9536,7446,2090,687,1403,4619,4098,521
ACSSF,2009e5,wv,000,0033,0005327,322,54,069,32200US5448540069,"Ohio County; Wheeling, WV-OH Metro Area (part); West Virginia",19797,11929,9230,2699,541,2158,7868,6929,939
ACSSF,2009e5,wv,000,0033,0005328,322,54,027,32200US5449020027,"Hampshire County; Winchester, VA-WV Metro Area (part); West Virginia",8851,5780,4495,1285,314,971,3071,2714,357
ACSSF,2009e5,wv,000,0033,0005329,323,54,   ,32300US544790047894,"Washington-Arlington-Alexandria, DC-VA-MD-WV Metro Division (part); Washington-Arlington-Alexandria, DC-VA-MD-WV Metro Area (part); West Virginia",19491,13695,10986,2709,953,1756,5796,4376,1420
ACSSF,2009e5,wv,000,0033,0005330,324,54,037,32400US544790047894037,"Jefferson County; Washington-Arlington-Alexandria, DC-VA-MD-WV Metro Division (part); Washington-Arlington-Alexandria, DC-VA-MD-WV Metro Area (part); West Virginia",19491,13695,10986,2709,953,1756,5796,4376,1420
ACSSF,2009e5,wv,000,0033,0005331,331,54,   ,33100US13854,"West Virginia (part); Beckley-Oak Hill, WV CSA",51108,34382,25587,8795,2373,6422,16726,14893,1833
ACSSF,2009e5,wv,000,0033,0005332,331,54,   ,33100US24254,"West Virginia (part); Fairmont-Clarksburg, WV CSA",60517,41115,31436,9679,2372,7307,19402,16467,2935
ACSSF,2009e5,wv,000,0033,0005333,331,54,   ,33100US54854,"West Virginia (part); Washington-Baltimore-Northern Virginia, DC-MD-VA-WV CSA",28342,19475,15481,3994,1267,2727,8867,7090,1777
ACSSF,2009e5,wv,000,0033,0005334,333,54,   ,33300US1381322054,"West Virginia (part); Beckley, WV Micro Area; Beckley-Oak Hill, WV CSA",32221,21575,15947,5628,1515,4113,10646,9521,1125
ACSSF,2009e5,wv,000,0033,0005335,333,54,   ,33300US1383606054,"West Virginia (part); Oak Hill, WV Micro Area; Beckley-Oak Hill, WV CSA",18887,12807,9640,3167,858,2309,6080,5372,708
ACSSF,2009e5,wv,000,0033,0005336,333,54,   ,33300US2421722054,"West Virginia (part); Clarksburg, WV Micro Area; Fairmont-Clarksburg, WV CSA",37351,25817,19869,5948,1444,4504,11534,10163,1371
ACSSF,2009e5,wv,000,0033,0005337,333,54,   ,33300US2422190054,"West Virginia (part); Fairmont, WV Micro Area; Fairmont-Clarksburg, WV CSA",23166,15298,11567,3731,928,2803,7868,6304,1564
ACSSF,2009e5,wv,000,0033,0005338,333,54,   ,33300US5484790054,"West Virginia (part); Washington-Arlington-Alexandria, DC-VA-MD-WV Metro Area; Washington-Baltimore-Northern Virginia, DC-MD-VA-WV CSA",19491,13695,10986,2709,953,1756,5796,4376,1420
ACSSF,2009e5,wv,000,0033,0005339,333,54,   ,33300US5484902054,"West Virginia (part); Winchester, VA-WV Metro Area; Washington-Baltimore-Northern Virginia, DC-MD-VA-WV CSA",8851,5780,4495,1285,314,971,3071,2714,357
ACSSF,2009e5,wv,000,0033,0005340,340,54,   ,34000US54138,"Beckley-Oak Hill, WV CSA; West Virginia",51108,34382,25587,8795,2373,6422,16726,14893,1833
ACSSF,2009e5,wv,000,0033,0005341,340,54,   ,34000US54242,"Fairmont-Clarksburg, WV CSA; West Virginia",60517,41115,31436,9679,2372,7307,19402,16467,2935
ACSSF,2009e5,wv,000,0033,0005342,340,54,   ,34000US54548,"Washington-Baltimore-Northern Virginia, DC-MD-VA-WV CSA (part); West Virginia",28342,19475,15481,3994,1267,2727,8867,7090,1777
ACSSF,2009e5,wv,000,0033,0005343,341,54,   ,34100US5413813220,"Beckley, WV Micro Area; Beckley-Oak Hill, WV CSA; West Virginia",32221,21575,15947,5628,1515,4113,10646,9521,1125
ACSSF,2009e5,wv,000,0033,0005344,341,54,   ,34100US5413836060,"Oak Hill, WV Micro Area; Beckley-Oak Hill, WV CSA; West Virginia",18887,12807,9640,3167,858,2309,6080,5372,708
ACSSF,2009e5,wv,000,0033,0005345,341,54,   ,34100US5424217220,"Clarksburg, WV Micro Area; Fairmont-Clarksburg, WV CSA; West Virginia",37351,25817,19869,5948,1444,4504,11534,10163,1371
ACSSF,2009e5,wv,000,0033,0005346,341,54,   ,34100US5424221900,"Fairmont, WV Micro Area; Fairmont-Clarksburg, WV CSA; West Virginia",23166,15298,11567,3731,928,2803,7868,6304,1564
ACSSF,2009e5,wv,000,0033,0005347,341,54,   ,34100US5454847900,"Washington-Arlington-Alexandria, DC-VA-MD-WV Metro Area (part); Washington-Baltimore-Northern Virginia, DC-MD-VA-WV CSA (part); West Virginia",19491,13695,10986,2709,953,1756,5796,4376,1420
ACSSF,2009e5,wv,000,0033,0005348,341,54,   ,34100US5454849020,"Winchester, VA-WV Metro Area (part); Washington-Baltimore-Northern Virginia, DC-MD-VA-WV CSA (part); West Virginia",8851,5780,4495,1285,314,971,3071,2714,357
ACSSF,2009e5,wv,000,0033,0005349,500,54,   ,50000US5401,"Congressional District 1, West Virginia (111th Congress)",243924,160260,125015,35245,9537,25708,83664,70803,12861
ACSSF,2009e5,wv,000,0033,0005350,500,54,   ,50000US5402,"Congressional District 2, West Virginia (111th Congress)",258219,171929,134048,37881,10604,27277,86290,73466,12824
ACSSF,2009e5,wv,000,0033,0005351,500,54,   ,50000US5403,"Congressional District 3, West Virginia (111th Congress)",244276,164467,125661,38806,10983,27823,79809,68965,10844
ACSSF,2009e5,wv,000,0033,0005352,510,54,001,51000US5401001,"Barbour County, Congressional District 1 (111th Congress), West Virginia",6107,4271,3262,1009,329,680,1836,1646,190
ACSSF,2009e5,wv,000,0033,0005353,510,54,009,51000US5401009,"Brooke County, Congressional District 1 (111th Congress), West Virginia",10006,6797,5201,1596,418,1178,3209,2821,388
ACSSF,2009e5,wv,000,0033,0005354,510,54,017,51000US5401017,"Doddridge County, Congressional District 1 (111th Congress), West Virginia",2839,1982,1524,458,157,301,857,747,110
ACSSF,2009e5,wv,000,0033,0005355,510,54,021,51000US5401021,"Gilmer County, Congressional District 1 (111th Congress), West Virginia",2207,1365,1045,320,73,247,842,624,218
ACSSF,2009e5,wv,000,0033,0005356,510,54,023,51000US5401023,"Grant County, Congressional District 1 (111th Congress), West Virginia",5209,3618,2972,646,235,411,1591,1361,230
ACSSF,2009e5,wv,000,0033,0005357,510,54,029,51000US5401029,"Hancock County, Congressional District 1 (111th Congress), West Virginia",13429,9045,6849,2196,600,1596,4384,3818,566
ACSSF,2009e5,wv,000,0033,0005358,510,54,033,51000US5401033,"Harrison County, Congressional District 1 (111th Congress), West Virginia",28210,19378,14957,4421,1009,3412,8832,7723,1109
ACSSF,2009e5,wv,000,0033,0005359,510,54,049,51000US5401049,"Marion County, Congressional District 1 (111th Congress), West Virginia",23166,15298,11567,3731,928,2803,7868,6304,1564
ACSSF,2009e5,wv,000,0033,0005360,510,54,051,51000US5401051,"Marshall County, Congressional District 1 (111th Congress), West Virginia",14155,9536,7446,2090,687,1403,4619,4098,521
ACSSF,2009e5,wv,000,0033,0005361,510,54,057,51000US5401057,"Mineral County, Congressional District 1 (111th Congress), West Virginia",11306,7946,6215,1731,556,1175,3360,2966,394
ACSSF,2009e5,wv,000,0033,0005362,510,54,061,51000US5401061,"Monongalia County, Congressional District 1 (111th Congress), West Virginia",31661,17416,14011,3405,1100,2305,14245,11121,3124
ACSSF,2009e5,wv,000,0033,0005363,510,54,069,51000US5401069,"Ohio County, Congressional District 1 (111th Congress), West Virginia",19797,11929,9230,2699,541,2158,7868,6929,939
ACSSF,2009e5,wv,000,0033,0005364,510,54,073,51000US5401073,"Pleasants County, Congressional District 1 (111th Congress), West Virginia",2597,1732,1468,264,39,225,865,778,87
ACSSF,2009e5,wv,000,0033,0005365,510,54,077,51000US5401077,"Preston County, Congressional District 1 (111th Congress), West Virginia",11946,8479,6853,1626,324,1302,3467,2854,613
ACSSF,2009e5,wv,000,0033,0005366,510,54,085,51000US5401085,"Ritchie County, Congressional District 1 (111th Congress), West Virginia",4092,2933,2295,638,210,428,1159,906,253
ACSSF,2009e5,wv,000,0033,0005367,510,54,091,51000US5401091,"Taylor County, Congressional District 1 (111th Congress), West Virginia",6302,4457,3388,1069,278,791,1845,1693,152
ACSSF,2009e5,wv,000,0033,0005368,510,54,093,51000US5401093,"Tucker County, Congressional District 1 (111th Congress), West Virginia",3001,2015,1655,360,150,210,986,840,146
ACSSF,2009e5,wv,000,0033,0005369,510,54,095,51000US5401095,"Tyler County, Congressional District 1 (111th Congress), West Virginia",3789,2625,2102,523,168,355,1164,974,190
ACSSF,2009e5,wv,000,0033,0005370,510,54,103,51000US5401103,"Wetzel County, Congressional District 1 (111th Congress), West Virginia",7071,4941,4100,841,208,633,2130,1907,223
ACSSF,2009e5,wv,000,0033,0005371,510,54,107,51000US5401107,"Wood County, Congressional District 1 (111th Congress), West Virginia",37034,24497,18875,5622,1527,4095,12537,10693,1844
ACSSF,2009e5,wv,000,0033,0005372,510,54,003,51000US5402003,"Berkeley County, Congressional District 2 (111th Congress), West Virginia",38157,25871,19791,6080,2009,4071,12286,10027,2259
ACSSF,2009e5,wv,000,0033,0005373,510,54,007,51000US5402007,"Braxton County, Congressional District 2 (111th Congress), West Virginia",6138,3965,3140,825,211,614,2173,1832,341
ACSSF,2009e5,wv,000,0033,0005374,510,54,013,51000US5402013,"Calhoun County, Congressional District 2 (111th Congress), West Virginia",3135,2164,1620,544,267,277,971,841,130
ACSSF,2009e5,wv,000,0033,0005375,510,54,015,51000US5402015,"Clay County, Congressional District 2 (111th Congress), West Virginia",3834,2708,2048,660,259,401,1126,1024,102
ACSSF,2009e5,wv,000,0033,0005376,510,54,027,51000US5402027,"Hampshire County, Congressional District 2 (111th Congress), West Virginia",8851,5780,4495,1285,314,971,3071,2714,357
ACSSF,2009e5,wv,000,0033,0005377,510,54,031,51000US5402031,"Hardy County, Congressional District 2 (111th Congress), West Virginia",4795,3108,2461,647,210,437,1687,1488,199
ACSSF,2009e5,wv,000,0033,0005378,510,54,035,51000US5402035,"Jackson County, Congressional District 2 (111th Congress), West Virginia",11251,8218,6706,1512,499,1013,3033,2404,629
ACSSF,2009e5,wv,000,0033,0005379,510,54,037,51000US5402037,"Jefferson County, Congressional District 2 (111th Congress), West Virginia",19491,13695,10986,2709,953,1756,5796,4376,1420
ACSSF,2009e5,wv,000,0033,0005380,510,54,039,51000US5402039,"Kanawha County, Congressional District 2 (111th Congress), West Virginia",83590,52075,38902,13173,2846,10327,31515,27431,4084
ACSSF,2009e5,wv,000,0033,0005381,510,54,041,51000US5402041,"Lewis County, Congressional District 2 (111th Congress), West Virginia",6820,4383,3564,819,252,567,2437,2039,398
ACSSF,2009e5,wv,000,0033,0005382,510,54,053,51000US5402053,"Mason County, Congressional District 2 (111th Congress), West Virginia",10715,7212,5409,1803,450,1353,3503,2956,547
ACSSF,2009e5,wv,000,0033,0005383,510,54,065,51000US5402065,"Morgan County, Congressional District 2 (111th Congress), West Virginia",6857,4293,3354,939,296,643,2564,2239,325
ACSSF,2009e5,wv,000,0033,0005384,510,54,071,51000US5402071,"Pendleton County, Congressional District 2 (111th Congress), West Virginia",3717,2432,2013,419,84,335,1285,1189,96
ACSSF,2009e5,wv,000,0033,0005385,510,54,079,51000US5402079,"Putnam County, Congressional District 2 (111th Congress), West Virginia",21282,16068,13276,2792,885,1907,5214,4575,639
ACSSF,2009e5,wv,000,0033,0005386,510,54,083,51000US5402083,"Randolph County, Congressional District 2 (111th Congress), West Virginia",11261,7584,6085,1499,384,1115,3677,3247,430
ACSSF,2009e5,wv,000,0033,0005387,510,54,087,51000US5402087,"Roane County, Congressional District 2 (111th Congress), West Virginia",6149,4007,3225,782,211,571,2142,1888,254
ACSSF,2009e5,wv,000,0033,0005388,510,54,097,51000US5402097,"Upshur County, Congressional District 2 (111th Congress), West Virginia",9644,6598,5442,1156,373,783,3046,2544,502
ACSSF,2009e5,wv,000,0033,0005389,510,54,105,51000US5402105,"Wirt County, Congressional District 2 (111th Congress), West Virginia",2532,1768,1531,237,101,136,764,652,112
ACSSF,2009e5,wv,000,0033,0005390,510,54,005,51000US5403005,"Boone County, Congressional District 3 (111th Congress), West Virginia",10565,7298,5898,1400,494,906,3267,2866,401
ACSSF,2009e5,wv,000,0033,0005391,510,54,011,51000US5403011,"Cabell County, Congressional District 3 (111th Congress), West Virginia",40671,24454,18463,5991,1495,4496,16217,12993,3224
ACSSF,2009e5,wv,000,0033,0005392,510,54,019,51000US5403019,"Fayette County, Congressional District 3 (111th Congress), West Virginia",18887,12807,9640,3167,858,2309,6080,5372,708
ACSSF,2009e5,wv,000,0033,0005393,510,54,025,51000US5403025,"Greenbrier County, Congressional District 3 (111th Congress), West Virginia",15503,10088,7483,2605,704,1901,5415,4514,901
ACSSF,2009e5,wv,000,0033,0005394,510,54,043,51000US5403043,"Lincoln County, Congressional District 3 (111th Congress), West Virginia",8807,6608,4887,1721,484,1237,2199,2011,188
ACSSF,2009e5,wv,000,0033,0005395,510,54,045,51000US5403045,"Logan County, Congressional District 3 (111th Congress), West Virginia",15261,11242,8208,3034,764,2270,4019,3461,558
ACSSF,2009e5,wv,000,0033,0005396,510,54,047,51000US5403047,"McDowell County, Congressional District 3 (111th Congress), West Virginia",9492,6339,4629,1710,371,1339,3153,2844,309
ACSSF,2009e5,wv,000,0033,0005397,510,54,055,51000US5403055,"Mercer County, Congressional District 3 (111th Congress), West Virginia",25632,16426,12454,3972,1137,2835,9206,7955,1251
ACSSF,2009e5,wv,000,0033,0005398,510,54,059,51000US5403059,"Mingo County, Congressional District 3 (111th Congress), West Virginia",11591,8023,6023,2000,697,1303,3568,3208,360
ACSSF,2009e5,wv,000,0033,0005399,510,54,063,51000US5403063,"Monroe County, Congressional District 3 (111th Congress), West Virginia",5534,3891,3297,594,232,362,1643,1466,177
ACSSF,2009e5,wv,000,0033,0005400,510,54,067,51000US5403067,"Nicholas County, Congressional District 3 (111th Congress), West Virginia",10247,7668,6395,1273,581,692,2579,2416,163
ACSSF,2009e5,wv,000,0033,0005401,510,54,075,51000US5403075,"Pocahontas County, Congressional District 3 (111th Congress), West Virginia",3600,2526,2108,418,154,264,1074,929,145
ACSSF,2009e5,wv,000,0033,0005402,510,54,081,51000US5403081,"Raleigh County, Congressional District 3 (111th Congress), West Virginia",32221,21575,15947,5628,1515,4113,10646,9521,1125
ACSSF,2009e5,wv,000,0033,0005403,510,54,089,51000US5403089,"Summers County, Congressional District 3 (111th Congress), West Virginia",5201,3242,2467,775,222,553,1959,1755,204
ACSSF,2009e5,wv,000,0033,0005404,510,54,099,51000US5403099,"Wayne County, Congressional District 3 (111th Congress), West Virginia",16966,12174,9726,2448,649,1799,4792,4233,559
ACSSF,2009e5,wv,000,0033,0005405,510,54,101,51000US5403101,"Webster County, Congressional District 3 (111th Congress), West Virginia",4216,2882,2304,578,229,349,1334,1116,218
ACSSF,2009e5,wv,000,0033,0005406,510,54,109,51000US5403109,"Wyoming County, Congressional District 3 (111th Congress), West Virginia",9882,7224,5732,1492,397,1095,2658,2305,353
ACSSF,2009e5,wv,000,0033,0005407,610,54,   ,61000US54001,"State Senate District 1, West Virginia",41649,26886,20718,6168,1487,4681,14763,12965,1798
ACSSF,2009e5,wv,000,0033,0005408,610,54,   ,61000US54002,"State Senate District 2, West Virginia",41039,28451,22492,5959,1895,4064,12588,10901,1687
ACSSF,2009e5,wv,000,0033,0005409,610,54,   ,61000US54003,"State Senate District 3, West Virginia",45782,30583,24026,6557,1792,4765,15199,13006,2193
ACSSF,2009e5,wv,000,0033,0005410,610,54,   ,61000US54004,"State Senate District 4, West Virginia",45778,32919,26464,6455,1920,4535,12859,10940,1919
ACSSF,2009e5,wv,000,0033,0005411,610,54,   ,61000US54005,"State Senate District 5, West Virginia",44016,26584,20049,6535,1579,4956,17432,14058,3374
ACSSF,2009e5,wv,000,0033,0005412,610,54,   ,61000US54006,"State Senate District 6, West Virginia",37501,26057,20072,5985,1802,4183,11444,10154,1290
ACSSF,2009e5,wv,000,0033,0005413,610,54,   ,61000US54007,"State Senate District 7, West Virginia",41072,29958,22920,7038,1895,5143,11114,9744,1370
ACSSF,2009e5,wv,000,0033,0005414,610,54,   ,61000US54009,"State Senate District 9, West Virginia",41046,27980,20972,7008,1912,5096,13066,11624,1442
ACSSF,2009e5,wv,000,0033,0005415,610,54,   ,61000US54010,"State Senate District 10, West Virginia",44970,28937,21847,7090,2049,5041,16033,13865,2168
ACSSF,2009e5,wv,000,0033,0005416,610,54,   ,61000US54011,"State Senate District 11, West Virginia",44410,30827,24401,6426,2142,4284,13583,11958,1625
ACSSF,2009e5,wv,000,0033,0005417,610,54,   ,61000US54012,"State Senate District 12, West Virginia",43375,29091,22706,6385,1545,4840,14284,12218,2066
ACSSF,2009e5,wv,000,0033,0005418,610,54,   ,61000US54013,"State Senate District 13, West Virginia",45445,25771,19725,6046,1759,4287,19674,15525,4149
ACSSF,2009e5,wv,000,0033,0005419,610,54,   ,61000US54014,"State Senate District 14, West Virginia",44759,31521,25095,6426,1804,4622,13238,11330,1908
ACSSF,2009e5,wv,000,0033,0005420,610,54,   ,61000US54015,"State Senate District 15, West Virginia",47747,32017,25476,6541,2076,4465,15730,13849,1881
ACSSF,2009e5,wv,000,0033,0005421,610,54,   ,61000US54016,"State Senate District 16, West Virginia",54240,36999,28859,8140,2621,5519,17241,13666,3575
ACSSF,2009e5,wv,000,0033,0005422,610,54,   ,61000US54817,"State Senate District 817, West Virginia",83590,52075,38902,13173,2846,10327,31515,27431,4084
ACSSF,2009e5,wv,000,0033,0005423,612,54,009,61200US54001009,"Brooke County, State Senate District 1, West Virginia",10006,6797,5201,1596,418,1178,3209,2821,388
ACSSF,2009e5,wv,000,0033,0005424,612,54,029,61200US54001029,"Hancock County, State Senate District 1, West Virginia",13429,9045,6849,2196,600,1596,4384,3818,566
ACSSF,2009e5,wv,000,0033,0005425,612,54,069,61200US54001069,"Ohio County (part), State Senate District 1, West Virginia",18214,11044,8668,2376,469,1907,7170,6326,844
ACSSF,2009e5,wv,000,0033,0005426,612,54,013,61200US54002013,"Calhoun County, State Senate District 2, West Virginia",3135,2164,1620,544,267,277,971,841,130
ACSSF,2009e5,wv,000,0033,0005427,612,54,017,61200US54002017,"Doddridge County, State Senate District 2, West Virginia",2839,1982,1524,458,157,301,857,747,110
ACSSF,2009e5,wv,000,0033,0005428,612,54,049,61200US54002049,"Marion County (part), State Senate District 2, West Virginia",1901,1421,1126,295,77,218,480,358,122
ACSSF,2009e5,wv,000,0033,0005429,612,54,051,61200US54002051,"Marshall County, State Senate District 2, West Virginia",14155,9536,7446,2090,687,1403,4619,4098,521
ACSSF,2009e5,wv,000,0033,0005430,612,54,061,61200US54002061,"Monongalia County (part), State Senate District 2, West Virginia",2474,1964,1717,247,49,198,510,467,43
ACSSF,2009e5,wv,000,0033,0005431,612,54,069,61200US54002069,"Ohio County (part), State Senate District 2, West Virginia",1583,885,562,323,72,251,698,603,95
ACSSF,2009e5,wv,000,0033,0005432,612,54,085,61200US54002085,"Ritchie County, State Senate District 2, West Virginia",4092,2933,2295,638,210,428,1159,906,253
ACSSF,2009e5,wv,000,0033,0005433,612,54,095,61200US54002095,"Tyler County, State Senate District 2, West Virginia",3789,2625,2102,523,168,355,1164,974,190
ACSSF,2009e5,wv,000,0033,0005434,612,54,103,61200US54002103,"Wetzel County, State Senate District 2, West Virginia",7071,4941,4100,841,208,633,2130,1907,223
ACSSF,2009e5,wv,000,0033,0005435,612,54,073,61200US54003073,"Pleasants County, State Senate District 3, West Virginia",2597,1732,1468,264,39,225,865,778,87
ACSSF,2009e5,wv,000,0033,0005436,612,54,087,61200US54003087,"Roane County (part), State Senate District 3, West Virginia",3619,2586,2152,434,125,309,1033,883,150
ACSSF,2009e5,wv,000,0033,0005437,612,54,105,61200US54003105,"Wirt County, State Senate District 3, West Virginia",2532,1768,1531,237,101,136,764,652,112
ACSSF,2009e5,wv,000,0033,0005438,612,54,107,61200US54003107,"Wood County, State Senate District 3, West Virginia",37034,24497,18875,5622,1527,4095,12537,10693,1844
ACSSF,2009e5,wv,000,0033,0005439,612,54,035,61200US54004035,"Jackson County, State Senate District 4, West Virginia",11251,8218,6706,1512,499,1013,3033,2404,629
ACSSF,2009e5,wv,000,0033,0005440,612,54,053,61200US54004053,"Mason County, State Senate District 4, West Virginia",10715,7212,5409,1803,450,1353,3503,2956,547
ACSSF,2009e5,wv,000,0033,0005441,612,54,079,61200US54004079,"Putnam County, State Senate District 4, West Virginia",21282,16068,13276,2792,885,1907,5214,4575,639
ACSSF,2009e5,wv,000,0033,0005442,612,54,087,61200US54004087,"Roane County (part), State Senate District 4, West Virginia",2530,1421,1073,348,86,262,1109,1005,104
ACSSF,2009e5,wv,000,0033,0005443,612,54,011,61200US54005011,"Cabell County, State Senate District 5, West Virginia",40671,24454,18463,5991,1495,4496,16217,12993,3224
ACSSF,2009e5,wv,000,0033,0005444,612,54,099,61200US54005099,"Wayne County (part), State Senate District 5, West Virginia",3345,2130,1586,544,84,460,1215,1065,150
ACSSF,2009e5,wv,000,0033,0005445,612,54,047,61200US54006047,"McDowell County, State Senate District 6, West Virginia",9492,6339,4629,1710,371,1339,3153,2844,309
ACSSF,2009e5,wv,000,0033,0005446,612,54,055,61200US54006055,"Mercer County (part), State Senate District 6, West Virginia",8179,5642,4500,1142,322,820,2537,2138,399
ACSSF,2009e5,wv,000,0033,0005447,612,54,059,61200US54006059,"Mingo County, State Senate District 6, West Virginia",11591,8023,6023,2000,697,1303,3568,3208,360
ACSSF,2009e5,wv,000,0033,0005448,612,54,099,61200US54006099,"Wayne County (part), State Senate District 6, West Virginia",7182,5234,4213,1021,412,609,1948,1762,186
ACSSF,2009e5,wv,000,0033,0005449,612,54,109,61200US54006109,"Wyoming County (part), State Senate District 6, West Virginia",1057,819,707,112,0,112,238,202,36
ACSSF,2009e5,wv,000,0033,0005450,612,54,005,61200US54007005,"Boone County, State Senate District 7, West Virginia",10565,7298,5898,1400,494,906,3267,2866,401
ACSSF,2009e5,wv,000,0033,0005451,612,54,043,61200US54007043,"Lincoln County, State Senate District 7, West Virginia",8807,6608,4887,1721,484,1237,2199,2011,188
ACSSF,2009e5,wv,000,0033,0005452,612,54,045,61200US54007045,"Logan County, State Senate District 7, West Virginia",15261,11242,8208,3034,764,2270,4019,3461,558
ACSSF,2009e5,wv,000,0033,0005453,612,54,099,61200US54007099,"Wayne County (part), State Senate District 7, West Virginia",6439,4810,3927,883,153,730,1629,1406,223
ACSSF,2009e5,wv,000,0033,0005454,612,54,081,61200US54009081,"Raleigh County (part), State Senate District 9, West Virginia",32221,21575,15947,5628,1515,4113,10646,9521,1125
ACSSF,2009e5,wv,000,0033,0005455,612,54,109,61200US54009109,"Wyoming County (part), State Senate District 9, West Virginia",8825,6405,5025,1380,397,983,2420,2103,317
ACSSF,2009e5,wv,000,0033,0005456,612,54,019,61200US54010019,"Fayette County (part), State Senate District 10, West Virginia",1279,932,646,286,76,210,347,313,34
ACSSF,2009e5,wv,000,0033,0005457,612,54,025,61200US54010025,"Greenbrier County, State Senate District 10, West Virginia",15503,10088,7483,2605,704,1901,5415,4514,901
ACSSF,2009e5,wv,000,0033,0005458,612,54,055,61200US54010055,"Mercer County (part), State Senate District 10, West Virginia",17453,10784,7954,2830,815,2015,6669,5817,852
ACSSF,2009e5,wv,000,0033,0005459,612,54,063,61200US54010063,"Monroe County, State Senate District 10, West Virginia",5534,3891,3297,594,232,362,1643,1466,177
ACSSF,2009e5,wv,000,0033,0005460,612,54,089,61200US54010089,"Summers County, State Senate District 10, West Virginia",5201,3242,2467,775,222,553,1959,1755,204
ACSSF,2009e5,wv,000,0033,0005461,612,54,015,61200US54011015,"Clay County, State Senate District 11, West Virginia",3834,2708,2048,660,259,401,1126,1024,102
ACSSF,2009e5,wv,000,0033,0005462,612,54,019,61200US54011019,"Fayette County (part), State Senate District 11, West Virginia",17608,11875,8994,2881,782,2099,5733,5059,674
ACSSF,2009e5,wv,000,0033,0005463,612,54,067,61200US54011067,"Nicholas County, State Senate District 11, West Virginia",10247,7668,6395,1273,581,692,2579,2416,163
ACSSF,2009e5,wv,000,0033,0005464,612,54,081,61200US54011081,"Raleigh County (part), State Senate District 11, West Virginia",0,0,0,0,0,0,0,0,0
ACSSF,2009e5,wv,000,0033,0005465,612,54,097,61200US54011097,"Upshur County (part), State Senate District 11, West Virginia",8505,5694,4660,1034,291,743,2811,2343,468
ACSSF,2009e5,wv,000,0033,0005466,612,54,101,61200US54011101,"Webster County, State Senate District 11, West Virginia",4216,2882,2304,578,229,349,1334,1116,218
ACSSF,2009e5,wv,000,0033,0005467,612,54,007,61200US54012007,"Braxton County, State Senate District 12, West Virginia",6138,3965,3140,825,211,614,2173,1832,341
ACSSF,2009e5,wv,000,0033,0005468,612,54,021,61200US54012021,"Gilmer County, State Senate District 12, West Virginia",2207,1365,1045,320,73,247,842,624,218
ACSSF,2009e5,wv,000,0033,0005469,612,54,033,61200US54012033,"Harrison County, State Senate District 12, West Virginia",28210,19378,14957,4421,1009,3412,8832,7723,1109
ACSSF,2009e5,wv,000,0033,0005470,612,54,041,61200US54012041,"Lewis County, State Senate District 12, West Virginia",6820,4383,3564,819,252,567,2437,2039,398
ACSSF,2009e5,wv,000,0033,0005471,612,54,049,61200US54013049,"Marion County (part), State Senate District 13, West Virginia",21265,13877,10441,3436,851,2585,7388,5946,1442
ACSSF,2009e5,wv,000,0033,0005472,612,54,061,61200US54013061,"Monongalia County (part), State Senate District 13, West Virginia",24180,11894,9284,2610,908,1702,12286,9579,2707
ACSSF,2009e5,wv,000,0033,0005473,612,54,001,61200US54014001,"Barbour County, State Senate District 14, West Virginia",6107,4271,3262,1009,329,680,1836,1646,190
ACSSF,2009e5,wv,000,0033,0005474,612,54,023,61200US54014023,"Grant County (part), State Senate District 14, West Virginia",1090,795,712,83,24,59,295,256,39
ACSSF,2009e5,wv,000,0033,0005475,612,54,057,61200US54014057,"Mineral County, State Senate District 14, West Virginia",11306,7946,6215,1731,556,1175,3360,2966,394
ACSSF,2009e5,wv,000,0033,0005476,612,54,061,61200US54014061,"Monongalia County (part), State Senate District 14, West Virginia",5007,3558,3010,548,143,405,1449,1075,374
ACSSF,2009e5,wv,000,0033,0005477,612,54,077,61200US54014077,"Preston County, State Senate District 14, West Virginia",11946,8479,6853,1626,324,1302,3467,2854,613
ACSSF,2009e5,wv,000,0033,0005478,612,54,091,61200US54014091,"Taylor County, State Senate District 14, West Virginia",6302,4457,3388,1069,278,791,1845,1693,152
ACSSF,2009e5,wv,000,0033,0005479,612,54,093,61200US54014093,"Tucker County, State Senate District 14, West Virginia",3001,2015,1655,360,150,210,986,840,146
ACSSF,2009e5,wv,000,0033,0005480,612,54,003,61200US54015003,"Berkeley County (part), State Senate District 15, West Virginia",3408,2567,1918,649,341,308,841,737,104
ACSSF,2009e5,wv,000,0033,0005481,612,54,023,61200US54015023,"Grant County (part), State Senate District 15, West Virginia",4119,2823,2260,563,211,352,1296,1105,191
ACSSF,2009e5,wv,000,0033,0005482,612,54,027,61200US54015027,"Hampshire County, State Senate District 15, West Virginia",8851,5780,4495,1285,314,971,3071,2714,357
ACSSF,2009e5,wv,000,0033,0005483,612,54,031,61200US54015031,"Hardy County, State Senate District 15, West Virginia",4795,3108,2461,647,210,437,1687,1488,199
ACSSF,2009e5,wv,000,0033,0005484,612,54,065,61200US54015065,"Morgan County, State Senate District 15, West Virginia",6857,4293,3354,939,296,643,2564,2239,325
ACSSF,2009e5,wv,000,0033,0005485,612,54,071,61200US54015071,"Pendleton County, State Senate District 15, West Virginia",3717,2432,2013,419,84,335,1285,1189,96
ACSSF,2009e5,wv,000,0033,0005486,612,54,075,61200US54015075,"Pocahontas County, State Senate District 15, West Virginia",3600,2526,2108,418,154,264,1074,929,145
ACSSF,2009e5,wv,000,0033,0005487,612,54,083,61200US54015083,"Randolph County, State Senate District 15, West Virginia",11261,7584,6085,1499,384,1115,3677,3247,430
ACSSF,2009e5,wv,000,0033,0005488,612,54,097,61200US54015097,"Upshur County (part), State Senate District 15, West Virginia",1139,904,782,122,82,40,235,201,34
ACSSF,2009e5,wv,000,0033,0005489,612,54,003,61200US54016003,"Berkeley County (part), State Senate District 16, West Virginia",34749,23304,17873,5431,1668,3763,11445,9290,2155
ACSSF,2009e5,wv,000,0033,0005490,612,54,037,61200US54016037,"Jefferson County, State Senate District 16, West Virginia",19491,13695,10986,2709,953,1756,5796,4376,1420
ACSSF,2009e5,wv,000,0033,0005491,612,54,039,61200US54817039,"Kanawha County, State Senate District 817, West Virginia",83590,52075,38902,13173,2846,10327,31515,27431,4084
ACSSF,2009e5,wv,000,0033,0005492,620,54,   ,62000US54001,"State House District 1, West Virginia",14398,9639,7226,2413,614,1799,4759,4172,587
ACSSF,2009e5,wv,000,0033,0005493,620,54,   ,62000US54002,"State House District 2, West Virginia",13847,9307,7380,1927,537,1390,4540,3831,709
ACSSF,2009e5,wv,000,0033,0005494,620,54,   ,62000US54003,"State House District 3, West Virginia",14916,8786,6652,2134,408,1726,6130,5533,597
ACSSF,2009e5,wv,000,0033,0005495,620,54,   ,62000US54004,"State House District 4, West Virginia",14226,9575,7468,2107,687,1420,4651,4130,521
ACSSF,2009e5,wv,000,0033,0005496,620,54,   ,62000US54005,"State House District 5, West Virginia",7137,5002,4161,841,223,618,2135,1929,206
ACSSF,2009e5,wv,000,0033,0005497,620,54,   ,62000US54006,"State House District 6, West Virginia",6983,4848,3820,1028,337,691,2135,1818,317
ACSSF,2009e5,wv,000,0033,0005498,620,54,   ,62000US54007,"State House District 7, West Virginia",6689,4665,3763,902,249,653,2024,1684,340
ACSSF,2009e5,wv,000,0033,0005499,620,54,   ,62000US54008,"State House District 8, West Virginia",7838,5762,4719,1043,270,773,2076,1827,249
ACSSF,2009e5,wv,000,0033,0005500,620,54,   ,62000US54009,"State House District 9, West Virginia",8067,5763,4836,927,243,684,2304,1963,341
ACSSF,2009e5,wv,000,0033,0005501,620,54,   ,62000US54010,"State House District 10, West Virginia",23661,14740,10851,3889,1115,2774,8921,7555,1366
ACSSF,2009e5,wv,000,0033,0005502,620,54,   ,62000US54011,"State House District 11, West Virginia",7123,4840,3965,875,211,664,2283,1962,321
ACSSF,2009e5,wv,000,0033,0005503,620,54,   ,62000US54012,"State House District 12, West Virginia",7486,5441,4370,1071,456,615,2045,1627,418
ACSSF,2009e5,wv,000,0033,0005504,620,54,   ,62000US54013,"State House District 13, West Virginia",15599,11336,8920,2416,642,1774,4263,3614,649
ACSSF,2009e5,wv,000,0033,0005505,620,54,   ,62000US54014,"State House District 14, West Virginia",15357,10908,8885,2023,632,1391,4449,3791,658
ACSSF,2009e5,wv,000,0033,0005506,620,54,   ,62000US54015,"State House District 15, West Virginia",22000,12509,8897,3612,977,2635,9491,7286,2205
ACSSF,2009e5,wv,000,0033,0005507,620,54,   ,62000US54016,"State House District 16, West Virginia",22564,14634,11503,3131,706,2425,7930,6826,1104
ACSSF,2009e5,wv,000,0033,0005508,620,54,   ,62000US54017,"State House District 17, West Virginia",13900,10017,8139,1878,522,1356,3883,3367,516
ACSSF,2009e5,wv,000,0033,0005509,620,54,   ,62000US54018,"State House District 18, West Virginia",7589,5202,4158,1044,367,677,2387,2115,272
ACSSF,2009e5,wv,000,0033,0005510,620,54,   ,62000US54019,"State House District 19, West Virginia",29340,21833,16563,5270,1342,3928,7507,6651,856
ACSSF,2009e5,wv,000,0033,0005511,620,54,   ,62000US54020,"State House District 20, West Virginia",7141,4811,3637,1174,423,751,2330,2103,227
ACSSF,2009e5,wv,000,0033,0005512,620,54,   ,62000US54021,"State House District 21, West Virginia",6769,4952,3725,1227,396,831,1817,1667,150
ACSSF,2009e5,wv,000,0033,0005513,620,54,   ,62000US54022,"State House District 22, West Virginia",13425,9661,7797,1864,559,1305,3764,3276,488
ACSSF,2009e5,wv,000,0033,0005514,620,54,   ,62000US54023,"State House District 23, West Virginia",6482,4176,2803,1373,294,1079,2306,2050,256
ACSSF,2009e5,wv,000,0033,0005515,620,54,   ,62000US54024,"State House District 24, West Virginia",7755,4566,3288,1278,251,1027,3189,2835,354
ACSSF,2009e5,wv,000,0033,0005516,620,54,   ,62000US54025,"State House District 25, West Virginia",15734,10407,7986,2421,755,1666,5327,4529,798
ACSSF,2009e5,wv,000,0033,0005517,620,54,   ,62000US54026,"State House District 26, West Virginia",6856,4744,4017,727,289,438,2112,1879,233
ACSSF,2009e5,wv,000,0033,0005518,620,54,   ,62000US54027,"State House District 27, West Virginia",36100,23964,17694,6270,1680,4590,12136,10863,1273
ACSSF,2009e5,wv,000,0033,0005519,620,54,   ,62000US54028,"State House District 28, West Virginia",15503,10088,7483,2605,704,1901,5415,4514,901
ACSSF,2009e5,wv,000,0033,0005520,620,54,   ,62000US54029,"State House District 29, West Virginia",20788,14253,10860,3393,915,2478,6535,5804,731
ACSSF,2009e5,wv,000,0033,0005521,620,54,   ,62000US54030,"State House District 30, West Virginia",52977,33587,25463,8124,1746,6378,19390,16856,2534
ACSSF,2009e5,wv,000,0033,0005522,620,54,   ,62000US54031,"State House District 31, West Virginia",8557,3464,1741,1723,290,1433,5093,4337,756
ACSSF,2009e5,wv,000,0033,0005523,620,54,   ,62000US54032,"State House District 32, West Virginia",22056,15024,11698,3326,810,2516,7032,6238,794
ACSSF,2009e5,wv,000,0033,0005524,620,54,   ,62000US54033,"State House District 33, West Virginia",6456,4374,3250,1124,498,626,2082,1767,315
ACSSF,2009e5,wv,000,0033,0005525,620,54,   ,62000US54034,"State House District 34, West Virginia",7181,4572,3559,1013,255,758,2609,2156,453
ACSSF,2009e5,wv,000,0033,0005526,620,54,   ,62000US54035,"State House District 35, West Virginia",7190,5380,4513,867,440,427,1810,1694,116
ACSSF,2009e5,wv,000,0033,0005527,620,54,   ,62000US54036,"State House District 36, West Virginia",7049,4980,4010,970,370,600,2069,1804,265
ACSSF,2009e5,wv,000,0033,0005528,620,54,   ,62000US54037,"State House District 37, West Virginia",14861,10110,8193,1917,538,1379,4751,4176,575
ACSSF,2009e5,wv,000,0033,0005529,620,54,   ,62000US54038,"State House District 38, West Virginia",7240,4690,3871,819,252,567,2550,2152,398
ACSSF,2009e5,wv,000,0033,0005530,620,54,   ,62000US54039,"State House District 39, West Virginia",7789,5101,4093,1008,291,717,2688,2220,468
ACSSF,2009e5,wv,000,0033,0005531,620,54,   ,62000US54040,"State House District 40, West Virginia",7542,5461,4304,1157,411,746,2081,1857,224
ACSSF,2009e5,wv,000,0033,0005532,620,54,   ,62000US54041,"State House District 41, West Virginia",29152,20014,15451,4563,1029,3534,9138,8000,1138
ACSSF,2009e5,wv,000,0033,0005533,620,54,   ,62000US54042,"State House District 42, West Virginia",7225,5133,3927,1206,278,928,2092,1869,223
ACSSF,2009e5,wv,000,0033,0005534,620,54,   ,62000US54043,"State House District 43, West Virginia",22907,15106,11484,3622,963,2659,7801,6192,1609
ACSSF,2009e5,wv,000,0033,0005535,620,54,   ,62000US54044,"State House District 44, West Virginia",29634,15994,12806,3188,1018,2170,13640,10661,2979
ACSSF,2009e5,wv,000,0033,0005536,620,54,   ,62000US54045,"State House District 45, West Virginia",7531,5204,4213,991,150,841,2327,1912,415
ACSSF,2009e5,wv,000,0033,0005537,620,54,   ,62000US54046,"State House District 46, West Virginia",7416,5290,4295,995,324,671,2126,1782,344
ACSSF,2009e5,wv,000,0033,0005538,620,54,   ,62000US54047,"State House District 47, West Virginia",7725,4991,4001,990,270,720,2734,2439,295
ACSSF,2009e5,wv,000,0033,0005539,620,54,   ,62000US54048,"State House District 48, West Virginia",8370,5867,4774,1093,368,725,2503,2196,307
ACSSF,2009e5,wv,000,0033,0005540,620,54,   ,62000US54049,"State House District 49, West Virginia",7599,5278,3987,1291,447,844,2321,2035,286
ACSSF,2009e5,wv,000,0033,0005541,620,54,   ,62000US54050,"State House District 50, West Virginia",7625,5140,4132,1008,148,860,2485,2180,305
ACSSF,2009e5,wv,000,0033,0005542,620,54,   ,62000US54051,"State House District 51, West Virginia",7913,4813,3790,1023,425,598,3100,2781,319
ACSSF,2009e5,wv,000,0033,0005543,620,54,   ,62000US54052,"State House District 52, West Virginia",8860,6493,5162,1331,466,865,2367,1844,523
ACSSF,2009e5,wv,000,0033,0005544,620,54,   ,62000US54053,"State House District 53, West Virginia",8843,6313,4801,1512,672,840,2530,2123,407
ACSSF,2009e5,wv,000,0033,0005545,620,54,   ,62000US54054,"State House District 54, West Virginia",8087,4638,3116,1522,311,1211,3449,2812,637
ACSSF,2009e5,wv,000,0033,0005546,620,54,   ,62000US54055,"State House District 55, West Virginia",9037,6198,4969,1229,345,884,2839,2329,510
ACSSF,2009e5,wv,000,0033,0005547,620,54,   ,62000US54056,"State House District 56, West Virginia",8243,5952,4571,1381,447,934,2291,1830,461
ACSSF,2009e5,wv,000,0033,0005548,620,54,   ,62000US54057,"State House District 57, West Virginia",7499,5268,4510,758,344,414,2231,1519,712
ACSSF,2009e5,wv,000,0033,0005549,620,54,   ,62000US54058,"State House District 58, West Virginia",8582,5792,4474,1318,414,904,2790,2272,518
ACSSF,2009e5,wv,000,0033,0005550,622,54,009,62200US54001009,"Brooke County (part), State House District 1, West Virginia",969,594,377,217,14,203,375,354,21
ACSSF,2009e5,wv,000,0033,0005551,622,54,029,62200US54001029,"Hancock County, State House District 1, West Virginia",13429,9045,6849,2196,600,1596,4384,3818,566
ACSSF,2009e5,wv,000,0033,0005552,622,54,009,62200US54002009,"Brooke County (part), State House District 2, West Virginia",9037,6203,4824,1379,404,975,2834,2467,367
ACSSF,2009e5,wv,000,0033,0005553,622,54,069,62200US54002069,"Ohio County (part), State House District 2, West Virginia",4810,3104,2556,548,133,415,1706,1364,342
ACSSF,2009e5,wv,000,0033,0005554,622,54,069,62200US54003069,"Ohio County (part), State House District 3, West Virginia",14916,8786,6652,2134,408,1726,6130,5533,597
ACSSF,2009e5,wv,000,0033,0005555,622,54,051,62200US54004051,"Marshall County, State House District 4, West Virginia",14155,9536,7446,2090,687,1403,4619,4098,521
ACSSF,2009e5,wv,000,0033,0005556,622,54,069,62200US54004069,"Ohio County (part), State House District 4, West Virginia",71,39,22,17,0,17,32,32,0
ACSSF,2009e5,wv,000,0033,0005557,622,54,061,62200US54005061,"Monongalia County (part), State House District 5, West Virginia",421,302,255,47,27,20,119,119,0
ACSSF,2009e5,wv,000,0033,0005558,622,54,103,62200US54005103,"Wetzel County (part), State House District 5, West Virginia",6716,4700,3906,794,196,598,2016,1810,206
ACSSF,2009e5,wv,000,0033,0005559,622,54,017,62200US54006017,"Doddridge County, State House District 6, West Virginia",2839,1982,1524,458,157,301,857,747,110
ACSSF,2009e5,wv,000,0033,0005560,622,54,095,62200US54006095,"Tyler County, State House District 6, West Virginia",3789,2625,2102,523,168,355,1164,974,190
ACSSF,2009e5,wv,000,0033,0005561,622,54,103,62200US54006103,"Wetzel County (part), State House District 6, West Virginia",355,241,194,47,12,35,114,97,17
ACSSF,2009e5,wv,000,0033,0005562,622,54,073,62200US54007073,"Pleasants County, State House District 7, West Virginia",2597,1732,1468,264,39,225,865,778,87
ACSSF,2009e5,wv,000,0033,0005563,622,54,085,62200US54007085,"Ritchie County, State House District 7, West Virginia",4092,2933,2295,638,210,428,1159,906,253
ACSSF,2009e5,wv,000,0033,0005564,622,54,107,62200US54008107,"Wood County (part), State House District 8, West Virginia",7838,5762,4719,1043,270,773,2076,1827,249
ACSSF,2009e5,wv,000,0033,0005565,622,54,105,62200US54009105,"Wirt County, State House District 9, West Virginia",2532,1768,1531,237,101,136,764,652,112
ACSSF,2009e5,wv,000,0033,0005566,622,54,107,62200US54009107,"Wood County (part), State House District 9, West Virginia",5535,3995,3305,690,142,548,1540,1311,229
ACSSF,2009e5,wv,000,0033,0005567,622,54,107,62200US54010107,"Wood County (part), State House District 10, West Virginia",23661,14740,10851,3889,1115,2774,8921,7555,1366
ACSSF,2009e5,wv,000,0033,0005568,622,54,035,62200US54011035,"Jackson County (part), State House District 11, West Virginia",974,833,740,93,0,93,141,74,67
ACSSF,2009e5,wv,000,0033,0005569,622,54,087,62200US54011087,"Roane County, State House District 11, West Virginia",6149,4007,3225,782,211,571,2142,1888,254
ACSSF,2009e5,wv,000,0033,0005570,622,54,035,62200US54012035,"Jackson County (part), State House District 12, West Virginia",7486,5441,4370,1071,456,615,2045,1627,418
ACSSF,2009e5,wv,000,0033,0005571,622,54,035,62200US54013035,"Jackson County (part), State House District 13, West Virginia",2791,1944,1596,348,43,305,847,703,144
ACSSF,2009e5,wv,000,0033,0005572,622,54,053,62200US54013053,"Mason County (part), State House District 13, West Virginia",5079,3622,2701,921,228,693,1457,1251,206
ACSSF,2009e5,wv,000,0033,0005573,622,54,079,62200US54013079,"Putnam County (part), State House District 13, West Virginia",7729,5770,4623,1147,371,776,1959,1660,299
ACSSF,2009e5,wv,000,0033,0005574,622,54,053,62200US54014053,"Mason County (part), State House District 14, West Virginia",5636,3590,2708,882,222,660,2046,1705,341
ACSSF,2009e5,wv,000,0033,0005575,622,54,079,62200US54014079,"Putnam County (part), State House District 14, West Virginia",9721,7318,6177,1141,410,731,2403,2086,317
ACSSF,2009e5,wv,000,0033,0005576,622,54,011,62200US54015011,"Cabell County (part), State House District 15, West Virginia",20464,11416,8149,3267,840,2427,9048,6885,2163
ACSSF,2009e5,wv,000,0033,0005577,622,54,043,62200US54015043,"Lincoln County (part), State House District 15, West Virginia",1536,1093,748,345,137,208,443,401,42
ACSSF,2009e5,wv,000,0033,0005578,622,54,011,62200US54016011,"Cabell County (part), State House District 16, West Virginia",20207,13038,10314,2724,655,2069,7169,6108,1061
ACSSF,2009e5,wv,000,0033,0005579,622,54,099,62200US54016099,"Wayne County (part), State House District 16, West Virginia",2357,1596,1189,407,51,356,761,718,43
ACSSF,2009e5,wv,000,0033,0005580,622,54,099,62200US54017099,"Wayne County (part), State House District 17, West Virginia",13900,10017,8139,1878,522,1356,3883,3367,516
ACSSF,2009e5,wv,000,0033,0005581,622,54,005,62200US54018005,"Boone County (part), State House District 18, West Virginia",7589,5202,4158,1044,367,677,2387,2115,272
ACSSF,2009e5,wv,000,0033,0005582,622,54,005,62200US54019005,"Boone County (part), State House District 19, West Virginia",2976,2096,1740,356,127,229,880,751,129
ACSSF,2009e5,wv,000,0033,0005583,622,54,043,62200US54019043,"Lincoln County (part), State House District 19, West Virginia",7271,5515,4139,1376,347,1029,1756,1610,146
ACSSF,2009e5,wv,000,0033,0005584,622,54,045,62200US54019045,"Logan County, State House District 19, West Virginia",15261,11242,8208,3034,764,2270,4019,3461,558
ACSSF,2009e5,wv,000,0033,0005585,622,54,079,62200US54019079,"Putnam County (part), State House District 19, West Virginia",3832,2980,2476,504,104,400,852,829,23
ACSSF,2009e5,wv,000,0033,0005586,622,54,059,62200US54020059,"Mingo County (part), State House District 20, West Virginia",6432,4250,3239,1011,347,664,2182,1955,227
ACSSF,2009e5,wv,000,0033,0005587,622,54,099,62200US54020099,"Wayne County (part), State House District 20, West Virginia",709,561,398,163,76,87,148,148,0
ACSSF,2009e5,wv,000,0033,0005588,622,54,047,62200US54021047,"McDowell County (part), State House District 21, West Virginia",1610,1179,941,238,46,192,431,414,17
ACSSF,2009e5,wv,000,0033,0005589,622,54,059,62200US54021059,"Mingo County (part), State House District 21, West Virginia",5159,3773,2784,989,350,639,1386,1253,133
ACSSF,2009e5,wv,000,0033,0005590,622,54,109,62200US54021109,"Wyoming County (part), State House District 21, West Virginia",0,0,0,0,0,0,0,0,0
ACSSF,2009e5,wv,000,0033,0005591,622,54,047,62200US54022047,"McDowell County (part), State House District 22, West Virginia",1400,984,885,99,31,68,416,380,36
ACSSF,2009e5,wv,000,0033,0005592,622,54,055,62200US54022055,"Mercer County (part), State House District 22, West Virginia",2143,1453,1180,273,131,142,690,591,99
ACSSF,2009e5,wv,000,0033,0005593,622,54,081,62200US54022081,"Raleigh County (part), State House District 22, West Virginia",0,0,0,0,0,0,0,0,0
ACSSF,2009e5,wv,000,0033,0005594,622,54,109,62200US54022109,"Wyoming County (part), State House District 22, West Virginia",9882,7224,5732,1492,397,1095,2658,2305,353
ACSSF,2009e5,wv,000,0033,0005595,622,54,047,62200US54023047,"McDowell County (part), State House District 23, West Virginia",6482,4176,2803,1373,294,1079,2306,2050,256
ACSSF,2009e5,wv,000,0033,0005596,622,54,055,62200US54024055,"Mercer County (part), State House District 24, West Virginia",7755,4566,3288,1278,251,1027,3189,2835,354
ACSSF,2009e5,wv,000,0033,0005597,622,54,055,62200US54025055,"Mercer County (part), State House District 25, West Virginia",15734,10407,7986,2421,755,1666,5327,4529,798
ACSSF,2009e5,wv,000,0033,0005598,622,54,063,62200US54026063,"Monroe County, State House District 26, West Virginia",5534,3891,3297,594,232,362,1643,1466,177
ACSSF,2009e5,wv,000,0033,0005599,622,54,089,62200US54026089,"Summers County (part), State House District 26, West Virginia",1322,853,720,133,57,76,469,413,56
ACSSF,2009e5,wv,000,0033,0005600,622,54,081,62200US54027081,"Raleigh County (part), State House District 27, West Virginia",32221,21575,15947,5628,1515,4113,10646,9521,1125
ACSSF,2009e5,wv,000,0033,0005601,622,54,089,62200US54027089,"Summers County (part), State House District 27, West Virginia",3879,2389,1747,642,165,477,1490,1342,148
ACSSF,2009e5,wv,000,0033,0005602,622,54,025,62200US54028025,"Greenbrier County, State House District 28, West Virginia",15503,10088,7483,2605,704,1901,5415,4514,901
ACSSF,2009e5,wv,000,0033,0005603,622,54,015,62200US54029015,"Clay County (part), State House District 29, West Virginia",1677,1256,1044,212,57,155,421,398,23
ACSSF,2009e5,wv,000,0033,0005604,622,54,019,62200US54029019,"Fayette County, State House District 29, West Virginia",18887,12807,9640,3167,858,2309,6080,5372,708
ACSSF,2009e5,wv,000,0033,0005605,622,54,067,62200US54029067,"Nicholas County (part), State House District 29, West Virginia",224,190,176,14,0,14,34,34,0
ACSSF,2009e5,wv,000,0033,0005606,622,54,081,62200US54029081,"Raleigh County (part), State House District 29, West Virginia",0,0,0,0,0,0,0,0,0
ACSSF,2009e5,wv,000,0033,0005607,622,54,039,62200US54030039,"Kanawha County (part), State House District 30, West Virginia",52977,33587,25463,8124,1746,6378,19390,16856,2534
ACSSF,2009e5,wv,000,0033,0005608,622,54,039,62200US54031039,"Kanawha County (part), State House District 31, West Virginia",8557,3464,1741,1723,290,1433,5093,4337,756
ACSSF,2009e5,wv,000,0033,0005609,622,54,039,62200US54032039,"Kanawha County (part), State House District 32, West Virginia",22056,15024,11698,3326,810,2516,7032,6238,794
ACSSF,2009e5,wv,000,0033,0005610,622,54,013,62200US54033013,"Calhoun County, State House District 33, West Virginia",3135,2164,1620,544,267,277,971,841,130
ACSSF,2009e5,wv,000,0033,0005611,622,54,015,62200US54033015,"Clay County (part), State House District 33, West Virginia",2157,1452,1004,448,202,246,705,626,79
ACSSF,2009e5,wv,000,0033,0005612,622,54,021,62200US54033021,"Gilmer County (part), State House District 33, West Virginia",1164,758,626,132,29,103,406,300,106
ACSSF,2009e5,wv,000,0033,0005613,622,54,007,62200US54034007,"Braxton County, State House District 34, West Virginia",6138,3965,3140,825,211,614,2173,1832,341
ACSSF,2009e5,wv,000,0033,0005614,622,54,021,62200US54034021,"Gilmer County (part), State House District 34, West Virginia",1043,607,419,188,44,144,436,324,112
ACSSF,2009e5,wv,000,0033,0005615,622,54,067,62200US54035067,"Nicholas County (part), State House District 35, West Virginia",7190,5380,4513,867,440,427,1810,1694,116
ACSSF,2009e5,wv,000,0033,0005616,622,54,067,62200US54036067,"Nicholas County (part), State House District 36, West Virginia",2833,2098,1706,392,141,251,735,688,47
ACSSF,2009e5,wv,000,0033,0005617,622,54,101,62200US54036101,"Webster County, State House District 36, West Virginia",4216,2882,2304,578,229,349,1334,1116,218
ACSSF,2009e5,wv,000,0033,0005618,622,54,075,62200US54037075,"Pocahontas County, State House District 37, West Virginia",3600,2526,2108,418,154,264,1074,929,145
ACSSF,2009e5,wv,000,0033,0005619,622,54,083,62200US54037083,"Randolph County, State House District 37, West Virginia",11261,7584,6085,1499,384,1115,3677,3247,430
ACSSF,2009e5,wv,000,0033,0005620,622,54,041,62200US54038041,"Lewis County, State House District 38, West Virginia",6820,4383,3564,819,252,567,2437,2039,398
ACSSF,2009e5,wv,000,0033,0005621,622,54,097,62200US54038097,"Upshur County (part), State House District 38, West Virginia",420,307,307,0,0,0,113,113,0
ACSSF,2009e5,wv,000,0033,0005622,622,54,097,62200US54039097,"Upshur County (part), State House District 39, West Virginia",7789,5101,4093,1008,291,717,2688,2220,468
ACSSF,2009e5,wv,000,0033,0005623,622,54,001,62200US54040001,"Barbour County, State House District 40, West Virginia",6107,4271,3262,1009,329,680,1836,1646,190
ACSSF,2009e5,wv,000,0033,0005624,622,54,097,62200US54040097,"Upshur County (part), State House District 40, West Virginia",1435,1190,1042,148,82,66,245,211,34
ACSSF,2009e5,wv,000,0033,0005625,622,54,033,62200US54041033,"Harrison County, State House District 41, West Virginia",28210,19378,14957,4421,1009,3412,8832,7723,1109
ACSSF,2009e5,wv,000,0033,0005626,622,54,049,62200US54041049,"Marion County (part), State House District 41, West Virginia",942,636,494,142,20,122,306,277,29
ACSSF,2009e5,wv,000,0033,0005627,622,54,049,62200US54042049,"Marion County (part), State House District 42, West Virginia",358,282,231,51,0,51,76,52,24
ACSSF,2009e5,wv,000,0033,0005628,622,54,061,62200US54042061,"Monongalia County (part), State House District 42, West Virginia",565,394,308,86,0,86,171,124,47
ACSSF,2009e5,wv,000,0033,0005629,622,54,091,62200US54042091,"Taylor County, State House District 42, West Virginia",6302,4457,3388,1069,278,791,1845,1693,152
ACSSF,2009e5,wv,000,0033,0005630,622,54,049,62200US54043049,"Marion County (part), State House District 43, West Virginia",21866,14380,10842,3538,908,2630,7486,5975,1511
ACSSF,2009e5,wv,000,0033,0005631,622,54,061,62200US54043061,"Monongalia County (part), State House District 43, West Virginia",1041,726,642,84,55,29,315,217,98
ACSSF,2009e5,wv,000,0033,0005632,622,54,061,62200US54044061,"Monongalia County (part), State House District 44, West Virginia",29634,15994,12806,3188,1018,2170,13640,10661,2979
ACSSF,2009e5,wv,000,0033,0005633,622,54,077,62200US54045077,"Preston County (part), State House District 45, West Virginia",7531,5204,4213,991,150,841,2327,1912,415
ACSSF,2009e5,wv,000,0033,0005634,622,54,077,62200US54046077,"Preston County (part), State House District 46, West Virginia",4415,3275,2640,635,174,461,1140,942,198
ACSSF,2009e5,wv,000,0033,0005635,622,54,093,62200US54046093,"Tucker County, State House District 46, West Virginia",3001,2015,1655,360,150,210,986,840,146
ACSSF,2009e5,wv,000,0033,0005636,622,54,031,62200US54047031,"Hardy County, State House District 47, West Virginia",4795,3108,2461,647,210,437,1687,1488,199
ACSSF,2009e5,wv,000,0033,0005637,622,54,071,62200US54047071,"Pendleton County (part), State House District 47, West Virginia",2930,1883,1540,343,60,283,1047,951,96
ACSSF,2009e5,wv,000,0033,0005638,622,54,023,62200US54048023,"Grant County, State House District 48, West Virginia",5209,3618,2972,646,235,411,1591,1361,230
ACSSF,2009e5,wv,000,0033,0005639,622,54,057,62200US54048057,"Mineral County (part), State House District 48, West Virginia",2374,1700,1329,371,109,262,674,597,77
ACSSF,2009e5,wv,000,0033,0005640,622,54,071,62200US54048071,"Pendleton County (part), State House District 48, West Virginia",787,549,473,76,24,52,238,238,0
ACSSF,2009e5,wv,000,0033,0005641,622,54,057,62200US54049057,"Mineral County (part), State House District 49, West Virginia",7599,5278,3987,1291,447,844,2321,2035,286
ACSSF,2009e5,wv,000,0033,0005642,622,54,027,62200US54050027,"Hampshire County (part), State House District 50, West Virginia",6292,4172,3233,939,148,791,2120,1846,274
ACSSF,2009e5,wv,000,0033,0005643,622,54,057,62200US54050057,"Mineral County (part), State House District 50, West Virginia",1333,968,899,69,0,69,365,334,31
ACSSF,2009e5,wv,000,0033,0005644,622,54,027,62200US54051027,"Hampshire County (part), State House District 51, West Virginia",2559,1608,1262,346,166,180,951,868,83
ACSSF,2009e5,wv,000,0033,0005645,622,54,065,62200US54051065,"Morgan County (part), State House District 51, West Virginia",5354,3205,2528,677,259,418,2149,1913,236
ACSSF,2009e5,wv,000,0033,0005646,622,54,003,62200US54052003,"Berkeley County (part), State House District 52, West Virginia",7357,5405,4336,1069,429,640,1952,1518,434
ACSSF,2009e5,wv,000,0033,0005647,622,54,065,62200US54052065,"Morgan County (part), State House District 52, West Virginia",1503,1088,826,262,37,225,415,326,89
ACSSF,2009e5,wv,000,0033,0005648,622,54,003,62200US54053003,"Berkeley County (part), State House District 53, West Virginia",8843,6313,4801,1512,672,840,2530,2123,407
ACSSF,2009e5,wv,000,0033,0005649,622,54,003,62200US54054003,"Berkeley County (part), State House District 54, West Virginia",8087,4638,3116,1522,311,1211,3449,2812,637
ACSSF,2009e5,wv,000,0033,0005650,622,54,003,62200US54055003,"Berkeley County (part), State House District 55, West Virginia",9037,6198,4969,1229,345,884,2839,2329,510
ACSSF,2009e5,wv,000,0033,0005651,622,54,003,62200US54056003,"Berkeley County (part), State House District 56, West Virginia",4833,3317,2569,748,252,496,1516,1245,271
ACSSF,2009e5,wv,000,0033,0005652,622,54,037,62200US54056037,"Jefferson County (part), State House District 56, West Virginia",3410,2635,2002,633,195,438,775,585,190
ACSSF,2009e5,wv,000,0033,0005653,622,54,037,62200US54057037,"Jefferson County (part), State House District 57, West Virginia",7499,5268,4510,758,344,414,2231,1519,712
ACSSF,2009e5,wv,000,0033,0005654,622,54,037,62200US54058037,"Jefferson County (part), State House District 58, West Virginia",8582,5792,4474,1318,414,904,2790,2272,518
ACSSF,2009e5,wv,000,0033,0005655,795,54,   ,79500US5400100,"PUMA5 00100, West Virginia",64458,42248,32826,9422,2454,6968,22210,19573,2637
ACSSF,2009e5,wv,000,0033,0005656,795,54,   ,79500US5400200,"PUMA5 00200, West Virginia",60517,41115,31436,9679,2372,7307,19402,16467,2935
ACSSF,2009e5,wv,000,0033,0005657,795,54,   ,79500US5400300,"PUMA5 00300, West Virginia",43607,25895,20864,5031,1424,3607,17712,13975,3737
ACSSF,2009e5,wv,000,0033,0005658,795,54,   ,79500US5400400,"PUMA5 00400, West Virginia",98383,66743,52287,14456,4657,9799,31640,26360,5280
ACSSF,2009e5,wv,000,0033,0005659,795,54,   ,79500US5400500,"PUMA5 00500, West Virginia",45178,30181,24193,5988,1772,4216,14997,12772,2225
ACSSF,2009e5,wv,000,0033,0005660,795,54,   ,79500US5400600,"PUMA5 00600, West Virginia",70579,47944,37822,10122,3022,7100,22635,19136,3499
ACSSF,2009e5,wv,000,0033,0005661,795,54,   ,79500US5400700,"PUMA5 00700, West Virginia",51386,31666,23872,7794,1945,5849,19720,15949,3771
ACSSF,2009e5,wv,000,0033,0005662,795,54,   ,79500US5400800,"PUMA5 00800, West Virginia",119271,78149,60124,18025,4484,13541,41122,35896,5226
ACSSF,2009e5,wv,000,0033,0005663,795,54,   ,79500US5400900,"PUMA5 00900, West Virginia",52453,35971,27930,8041,2526,5515,16482,14347,2135
ACSSF,2009e5,wv,000,0033,0005664,795,54,   ,79500US5401000,"PUMA5 01000, West Virginia",42956,28708,21711,6997,1969,5028,14248,12742,1506
ACSSF,2009e5,wv,000,0033,0005665,795,54,   ,79500US5401100,"PUMA5 01100, West Virginia",45006,29989,22815,7174,1905,5269,15017,13104,1913
ACSSF,2009e5,wv,000,0033,0005666,795,54,   ,79500US5401200,"PUMA5 01200, West Virginia",52625,38047,28844,9203,2594,6609,14578,12913,1665
ACSSF,2009e5,wv,000,0033,0005667,970,54,   ,97000US5400030,"Barbour County School District, West Virginia",6107,4271,3262,1009,329,680,1836,1646,190
ACSSF,2009e5,wv,000,0033,0005668,970,54,   ,97000US5400060,"Berkeley County School District, West Virginia",38157,25871,19791,6080,2009,4071,12286,10027,2259
ACSSF,2009e5,wv,000,0033,0005669,970,54,   ,97000US5400090,"Boone County School District, West Virginia",10565,7298,5898,1400,494,906,3267,2866,401
ACSSF,2009e5,wv,000,0033,0005670,970,54,   ,97000US5400120,"Braxton County School District, West Virginia",6138,3965,3140,825,211,614,2173,1832,341
ACSSF,2009e5,wv,000,0033,0005671,970,54,   ,97000US5400150,"Brooke County School District, West Virginia",10006,6797,5201,1596,418,1178,3209,2821,388
ACSSF,2009e5,wv,000,0033,0005672,970,54,   ,97000US5400180,"Cabell County School District, West Virginia",40671,24454,18463,5991,1495,4496,16217,12993,3224
ACSSF,2009e5,wv,000,0033,0005673,970,54,   ,97000US5400210,"Calhoun County School District, West Virginia",3135,2164,1620,544,267,277,971,841,130
ACSSF,2009e5,wv,000,0033,0005674,970,54,   ,97000US5400240,"Clay County School District, West Virginia",3834,2708,2048,660,259,401,1126,1024,102
ACSSF,2009e5,wv,000,0033,0005675,970,54,   ,97000US5400270,"Doddridge County School District, West Virginia",2839,1982,1524,458,157,301,857,747,110
ACSSF,2009e5,wv,000,0033,0005676,970,54,   ,97000US5400300,"Fayette County School District, West Virginia",18887,12807,9640,3167,858,2309,6080,5372,708
ACSSF,2009e5,wv,000,0033,0005677,970,54,   ,97000US5400330,"Gilmer County School District, West Virginia",2207,1365,1045,320,73,247,842,624,218
ACSSF,2009e5,wv,000,0033,0005678,970,54,   ,97000US5400360,"Grant County School District, West Virginia",5209,3618,2972,646,235,411,1591,1361,230
ACSSF,2009e5,wv,000,0033,0005679,970,54,   ,97000US5400390,"Greenbrier County School District, West Virginia",15503,10088,7483,2605,704,1901,5415,4514,901
ACSSF,2009e5,wv,000,0033,0005680,970,54,   ,97000US5400420,"Hampshire County School District, West Virginia",8851,5780,4495,1285,314,971,3071,2714,357
ACSSF,2009e5,wv,000,0033,0005681,970,54,   ,97000US5400450,"Hancock County School District, West Virginia",13429,9045,6849,2196,600,1596,4384,3818,566
ACSSF,2009e5,wv,000,0033,0005682,970,54,   ,97000US5400480,"Hardy County School District, West Virginia",4795,3108,2461,647,210,437,1687,1488,199
ACSSF,2009e5,wv,000,0033,0005683,970,54,   ,97000US5400510,"Harrison County School District, West Virginia",28210,19378,14957,4421,1009,3412,8832,7723,1109
ACSSF,2009e5,wv,000,0033,0005684,970,54,   ,97000US5400540,"Jackson County School District, West Virginia",11251,8218,6706,1512,499,1013,3033,2404,629
ACSSF,2009e5,wv,000,0033,0005685,970,54,   ,97000US5400570,"Jefferson County School District, West Virginia",19491,13695,10986,2709,953,1756,5796,4376,1420
ACSSF,2009e5,wv,000,0033,0005686,970,54,   ,97000US5400600,"Kanawha County School District, West Virginia",83590,52075,38902,13173,2846,10327,31515,27431,4084
ACSSF,2009e5,wv,000,0033,0005687,970,54,   ,97000US5400630,"Lewis County School District, West Virginia",6820,4383,3564,819,252,567,2437,2039,398
ACSSF,2009e5,wv,000,0033,0005688,970,54,   ,97000US5400660,"Lincoln County School District, West Virginia",8807,6608,4887,1721,484,1237,2199,2011,188
ACSSF,2009e5,wv,000,0033,0005689,970,54,   ,97000US5400690,"Logan County School District, West Virginia",15261,11242,8208,3034,764,2270,4019,3461,558
ACSSF,2009e5,wv,000,0033,0005690,970,54,   ,97000US5400720,"Marion County School District, West Virginia",23166,15298,11567,3731,928,2803,7868,6304,1564
ACSSF,2009e5,wv,000,0033,0005691,970,54,   ,97000US5400750,"Marshall County School District, West Virginia",14155,9536,7446,2090,687,1403,4619,4098,521
ACSSF,2009e5,wv,000,0033,0005692,970,54,   ,97000US5400780,"Mason County School District, West Virginia",10715,7212,5409,1803,450,1353,3503,2956,547
ACSSF,2009e5,wv,000,0033,0005693,970,54,   ,97000US5400810,"McDowell County School District, West Virginia",9492,6339,4629,1710,371,1339,3153,2844,309
ACSSF,2009e5,wv,000,0033,0005694,970,54,   ,97000US5400840,"Mercer County School District, West Virginia",25632,16426,12454,3972,1137,2835,9206,7955,1251
ACSSF,2009e5,wv,000,0033,0005695,970,54,   ,97000US5400870,"Mineral County School District, West Virginia",11306,7946,6215,1731,556,1175,3360,2966,394
ACSSF,2009e5,wv,000,0033,0005696,970,54,   ,97000US5400900,"Mingo County School District, West Virginia",11591,8023,6023,2000,697,1303,3568,3208,360
ACSSF,2009e5,wv,000,0033,0005697,970,54,   ,97000US5400930,"Monongalia School District, West Virginia",31661,17416,14011,3405,1100,2305,14245,11121,3124
ACSSF,2009e5,wv,000,0033,0005698,970,54,   ,97000US5400960,"Monroe County School District, West Virginia",5534,3891,3297,594,232,362,1643,1466,177
ACSSF,2009e5,wv,000,0033,0005699,970,54,   ,97000US5400990,"Morgan County School District, West Virginia",6857,4293,3354,939,296,643,2564,2239,325
ACSSF,2009e5,wv,000,0033,0005700,970,54,   ,97000US5401020,"Nicholas County School District, West Virginia",10247,7668,6395,1273,581,692,2579,2416,163
ACSSF,2009e5,wv,000,0033,0005701,970,54,   ,97000US5401050,"Ohio County School District, West Virginia",19797,11929,9230,2699,541,2158,7868,6929,939
ACSSF,2009e5,wv,000,0033,0005702,970,54,   ,97000US5401080,"Pendleton County School District, West Virginia",3717,2432,2013,419,84,335,1285,1189,96
ACSSF,2009e5,wv,000,0033,0005703,970,54,   ,97000US5401110,"Pleasants County School District, West Virginia",2597,1732,1468,264,39,225,865,778,87
ACSSF,2009e5,wv,000,0033,0005704,970,54,   ,97000US5401140,"Pocahontas County School District, West Virginia",3600,2526,2108,418,154,264,1074,929,145
ACSSF,2009e5,wv,000,0033,0005705,970,54,   ,97000US5401170,"Preston County School District, West Virginia",11946,8479,6853,1626,324,1302,3467,2854,613
ACSSF,2009e5,wv,000,0033,0005706,970,54,   ,97000US5401200,"Putnam County School District, West Virginia",21282,16068,13276,2792,885,1907,5214,4575,639
ACSSF,2009e5,wv,000,0033,0005707,970,54,   ,97000US5401230,"Raleigh County School District, West Virginia",32221,21575,15947,5628,1515,4113,10646,9521,1125
ACSSF,2009e5,wv,000,0033,0005708,970,54,   ,97000US5401260,"Randolph County School District, West Virginia",11261,7584,6085,1499,384,1115,3677,3247,430
ACSSF,2009e5,wv,000,0033,0005709,970,54,   ,97000US5401290,"Ritchie County School District, West Virginia",4092,2933,2295,638,210,428,1159,906,253
ACSSF,2009e5,wv,000,0033,0005710,970,54,   ,97000US5401320,"Roane County School District, West Virginia",6149,4007,3225,782,211,571,2142,1888,254
ACSSF,2009e5,wv,000,0033,0005711,970,54,   ,97000US5401350,"Summers County School District, West Virginia",5201,3242,2467,775,222,553,1959,1755,204
ACSSF,2009e5,wv,000,0033,0005712,970,54,   ,97000US5401380,"Taylor County School District, West Virginia",6302,4457,3388,1069,278,791,1845,1693,152
ACSSF,2009e5,wv,000,0033,0005713,970,54,   ,97000US5401410,"Tucker County School District, West Virginia",3001,2015,1655,360,150,210,986,840,146
ACSSF,2009e5,wv,000,0033,0005714,970,54,   ,97000US5401440,"Tyler County School District, West Virginia",3789,2625,2102,523,168,355,1164,974,190
ACSSF,2009e5,wv,000,0033,0005715,970,54,   ,97000US5401470,"Upshur County School District, West Virginia",9644,6598,5442,1156,373,783,3046,2544,502
ACSSF,2009e5,wv,000,0033,0005716,970,54,   ,97000US5401500,"Wayne County School District, West Virginia",16966,12174,9726,2448,649,1799,4792,4233,559
ACSSF,2009e5,wv,000,0033,0005717,970,54,   ,97000US5401530,"Webster County School District, West Virginia",4216,2882,2304,578,229,349,1334,1116,218
ACSSF,2009e5,wv,000,0033,0005718,970,54,   ,97000US5401560,"Wetzel County School District, West Virginia",7071,4941,4100,841,208,633,2130,1907,223
ACSSF,2009e5,wv,000,0033,0005719,970,54,   ,97000US5401590,"Wirt County School District, West Virginia",2532,1768,1531,237,101,136,764,652,112
ACSSF,2009e5,wv,000,0033,0005720,970,54,   ,97000US5401620,"Wood County School District, West Virginia",37034,24497,18875,5622,1527,4095,12537,10693,1844
ACSSF,2009e5,wv,000,0033,0005721,970,54,   ,97000US5401650,"Wyoming County School District, West Virginia",9882,7224,5732,1492,397,1095,2658,2305,353
